,time,Euler_X,Euler_Y,Euler_Z,Acc_X,Acc_Y,Acc_Z,Gyr_X,Gyr_Y,Gyr_Z
0,0.0,-1.2726698269999999,12.06233152,-28.165623999999998,-2.331075986,-0.45952170099999995,8.663713931333334,-49.649782820000006,-20.303986870000003,-8.924423693333333
1,0.0027776666666644,-1.69888705,11.884553273333333,-28.2231369,-2.105891585333333,0.14015447100000003,11.429571785,-50.08390045000001,-21.68274371,-7.648743311333334
2,0.005555333333328833,-2.150796652,11.712895713333333,-28.27822876666667,-1.3959403433333335,-0.9767267703333333,7.112974167,-53.09698486333334,-20.909725823333332,-7.4156797726666674
3,0.008332999999993233,-2.5934610763333334,11.49500688,-28.33539326666667,-0.8311163983333333,-0.3742371543333333,8.611550807999999,-52.055761973333325,-26.397940316666666,-8.243624687333332
4,0.011110666666657667,-3.0419229666666667,11.289239563333334,-28.388633733333336,-2.705721617,-0.044947758333333344,13.145551045666666,-52.806723276666666,-24.859587986666668,-7.712179343333333
5,0.0138883333333221,-3.505522331,11.125419616666667,-28.430305500000006,-1.743778785,-0.6618124853333335,9.134774048666666,-54.971724189999996,-19.90290324,-6.432061036666667
6,0.0166659999999865,-3.946277936333333,10.913023946666668,-28.483184800000007,-1.4597369826666664,0.49907793599999994,7.3732581139999995,-51.91515732,-25.536563873333336,-8.140851815333333
7,0.019443666666650934,-4.401156822666667,10.687170666,-28.517199199999997,-1.758727451333333,-0.39086751766666666,12.628452933333334,-54.16703542,-27.264742533333333,-6.402444044666667
8,0.022221333333315368,-4.876626889,10.498841921666667,-28.5676473,-2.065966020333333,-0.6800620753333334,10.742439589,-56.16688919,-22.567347846666667,-8.040920098666666
9,0.02499899999997977,-5.3052733739999995,10.331309635,-28.61037446666666,-3.0150306620000005,0.6245322626666666,7.78371366,-50.84835433999999,-20.111377716666667,-7.231660525
10,0.0277766666666442,-5.725842317000001,10.130094845,-28.65033463333333,-1.5555291873333335,0.4512457896666667,8.882532755,-49.8810997,-24.080984113333333,-7.2325913113333336
11,0.030554333333308602,-6.1607923510000004,9.94294707,-28.685831699999998,-0.7904833156666666,-0.2510980566666667,11.658595878666667,-51.76546732666666,-22.459812799999998,-6.944176117666667
12,0.03333199999997303,-6.573105653,9.744843802333333,-28.72672016666667,-2.389018059,0.5017340583333333,9.667987346666665,-48.895389556666665,-23.583454766666666,-7.7533802986666664
13,0.036109666666637466,-6.951122761,9.578285534333332,-28.75463613333333,-2.775471141,0.2503175933333333,8.725432237666666,-45.11373138333334,-20.02085558666667,-6.037484904333334
14,0.03888733333333977,-7.317383925333334,9.408430736,-28.784609466666666,-1.638103167,0.7400802943333332,9.892267861666667,-43.596907296666664,-20.293985366666664,-6.392895778
15,0.0416650000000042,-7.6554245949999995,9.278342246333333,-28.81371306666666,-2.259115775666667,0.49881099666666656,11.116194727,-40.32269287,-15.577608106666666,-5.868384199
16,0.04444266666666863,-7.9472292263333335,9.121631941,-28.820261633333335,-1.8075084586666668,0.6175053913333333,8.562284470666667,-35.15249125333333,-19.05082098666667,-3.574988563666667
17,0.04722033333333303,-8.207265854000001,8.972264288666667,-28.841054266666664,-2.3868853646666666,1.8798739113333334,7.8565622966666675,-31.130531946666668,-17.951922736666663,-5.364128728333333
18,0.04999799999999747,-8.430783748666668,8.858365376,-28.834991433333332,-2.3655952213333333,0.676149691,10.418341160333334,-27.207797686666666,-14.135931652333333,-1.607832909
19,0.05277566666666186,-8.621315955999998,8.790949503333334,-28.846257533333326,-2.238859445,0.880518486,11.233807566000001,-22.965665975999997,-8.354121206666667,-2.923271655666667
20,0.0555533333333263,-8.744243304000001,8.715263367,-28.83583833333333,-2.145851691666667,1.6404228213333336,8.827221233,-15.242907068,-9.681601444666667,-0.4410430543333333
21,0.05833099999999073,-8.798582395,8.662834644333334,-28.82014463333333,-2.9908096790000003,1.3316337466666666,8.370393593333333,-7.1350458450000005,-7.032450595333334,0.4487778346666665
22,0.06110866666665513,-8.809855461333333,8.651954015333333,-28.797251399999997,-1.8680791853333332,1.9216920136666664,8.594478925999999,-2.060607829,-2.2344590829999995,2.151818002
23,0.06388633333331957,-8.781958897666668,8.666950384666666,-28.776708,-2.789568146,1.302867293,8.932935080333333,2.620225102333333,0.9011538036666668,2.219808618
24,0.06666399999998397,-8.677629789000001,8.700530529,-28.74131013333334,-2.2920937536666663,1.1090025703333335,10.105198861666667,11.584386189,2.8106495356666668,4.382238070333333
25,0.0694416666666484,-8.483641942333334,8.756734848333332,-28.699638366666672,-1.979538599666667,2.577464819,10.130920093333332,22.152812957333335,5.458127498666666,5.453531485
26,0.07221933333331283,-8.238502820333332,8.866779963333334,-28.64583843333334,-2.805361827,2.3488858146666662,8.300029434999999,28.11521784733333,11.592614372999998,7.744416714333333
27,0.07499699999997723,-7.902060985666668,8.973471959333333,-28.588020366666665,-1.5604751903333334,1.0645231903333334,8.217140040333334,38.91106351,11.298655035666664,8.150028307333333
28,0.07777466666664166,-7.4597897526666666,9.095965385333333,-28.514638266666665,-2.578655998,3.506526708666667,10.052748997999998,51.39041328333334,12.834800401666667,10.091856004
29,0.0805523333333061,-6.9628081323333335,9.263589223333334,-28.442128499999995,-1.5676640076666668,1.8896361986666665,9.959060826666667,57.84590530666667,18.499791780333332,10.471422988666667
30,0.0833299999999705,-6.340041796666667,9.415947596,-28.34766643333334,-2.7170144616666665,2.0343694686666667,7.472078045333333,72.58941905333334,16.218446096,12.743990103666667
31,0.08610766666667284,-5.610210657333333,9.599979719,-28.265220633333332,-2.033659756,4.337071577666666,8.393978913666666,85.53638584,20.610611596666665,11.517685255666665
32,0.08888533333333726,-4.831431786,9.815273920333333,-28.157396966666663,-1.9760201773333332,0.2554967203333333,10.591362635333333,90.95102436333333,23.781363169333332,14.295111498000002
33,0.09166300000000166,-3.9278014696666665,10.003819465666666,-28.076268499999994,-2.014100973666667,3.5728247163333333,8.797558308666666,106.32719420666666,21.496200880000004,11.087250867
34,0.0944406666666661,-2.9361858069999998,10.242618561999999,-27.953694666666667,-2.9510259629999998,2.5529700913333335,7.769678434333334,116.07393137999999,26.935703596666666,15.425276278666667
35,0.0972183333333305,-1.8885185320000002,10.476777393333334,-27.87467193333333,-1.0075930156666664,1.0470835566666665,11.569554967666667,123.56141916666667,27.34032249666667,10.067584673666667
36,0.09999599999999494,-0.7675834496666667,10.675458590333333,-27.7466507,-2.458468775,2.2503898143333334,9.180236977,131.34207659999998,22.671667096666667,15.362495263666666
37,0.10277366666665937,0.41032920299999986,10.940998713333334,-27.658307399999995,-1.813538869333333,2.404319167,11.078746478333334,138.90517680000002,31.60870679333333,10.005498728333334
38,0.10555133333332377,1.6216874323333335,11.129558563333333,-27.517186500000005,-1.0885451633333332,-0.4704355596666667,6.893883546333332,141.73957316666667,22.155125299999998,15.873176892333333
39,0.1083289999999882,2.874148679333334,11.356642403333332,-27.4372228,-1.5809706546666666,1.6594572266666667,12.968479950666667,147.99290466666665,27.277952193333334,8.430448929333334
40,0.1111066666666526,4.150557081,11.537795703333332,-27.26554106666667,-2.2020037969999997,1.1789559923333333,15.463919006666666,148.68795773333332,22.344613393333333,18.329537713333334
41,0.11388433333331703,5.426832358333333,11.744487446666666,-27.167836500000003,-1.1873398623333336,-0.503701091,3.631864299666667,150.38694759999998,25.202924093333333,9.170522370666667
42,0.11666199999998146,6.731168110333333,11.893948556666667,-27.005635600000005,-0.9441663030000002,-1.026519994,10.728594780666667,152.0951233,19.294911383333332,16.849502883333333
43,0.11943966666664586,7.987330435666666,12.015979450000001,-26.890022266666666,-0.9861403306666666,0.6007397373333334,14.815083821333332,147.5092214,15.661520006333333,11.616239228333333
44,0.12221733333331031,9.236503760333333,12.141653376666667,-26.7446289,-2.471636553333333,-0.36848105999999997,11.620121479666667,145.81799823333333,16.91533533666667,14.328144389000002
45,0.12499499999997472,10.482838630666667,12.267575263333335,-26.609669999999994,-1.5145010153333331,-1.4326358636666667,6.274084726999999,145.75749716666667,16.859981853333334,12.763574442333335
46,0.12777266666663914,11.645543419333334,12.343977610000001,-26.49519346666666,-0.7924104136666666,-0.94412904,10.475357214,136.17375946666667,11.097530604666666,11.261367321
47,0.13055033333330357,12.764350890000001,12.411890666666666,-26.378807066666667,-0.7240857283333333,-2.100494702666667,14.04194037,130.86727396666666,10.005238376333333,11.402288515666667
48,0.13332800000000586,13.878924053333336,12.46359857,-26.284413633333333,-2.9210662246666668,-0.7270899663333333,10.088088192999999,130.91117606666668,8.105976263666667,9.010324322
49,0.13610566666667032,14.93683942,12.507763863333333,-26.1760915,-1.2770148866666666,-1.0881406766666666,10.489944936333332,123.7397232,7.509208836666667,10.709372838
50,0.13888333333333472,15.899887403333333,12.563773156666665,-26.092750566666666,-1.468755603,-2.1104459363333334,10.081522146333333,112.99266305333333,8.656501532333333,7.265120785333333
51,0.14166099999999912,16.80369409,12.582569123333334,-26.015365599999996,-0.967202286,-1.8574189343333334,11.739579517000001,106.04216766333336,3.9489967426666666,7.820284823333334
52,0.14443866666666358,17.671490353333333,12.614727336666666,-25.949239099999996,-3.1181973616666667,-1.9635639586666667,11.154652594666667,102.05271402,5.581085999666667,5.924119632666667
53,0.14721633333332798,18.49164899333333,12.644261363333333,-25.86208346666667,-0.39355306799999995,-1.9055038690000001,10.769730091,95.76506804333333,5.802785397,8.296030721333333
54,0.14999399999999238,19.235175446666666,12.641987166666667,-25.82772066666666,-1.8706269713333334,-1.1531098883333333,11.555607955666666,87.96912639666665,0.5748601553333335,3.4914972583333337
55,0.15277166666665684,19.908552166666666,12.660993893333334,-25.74682616666666,-1.3099141119999997,-2.5002269746666665,10.100470224666667,78.29455058,4.6290907856666665,7.790527791666666
56,0.15554933333332124,20.516684213333335,12.68253231,-25.718078600000002,-2.69024989,-1.3479722886666667,11.145938713333335,71.91275660000001,3.117030594333334,1.9382849733333334
57,0.15832699999998567,21.07843908,12.71509107,-25.632746366666666,-2.227905074666667,-2.6132880843333335,10.838041783000001,64.75763193666667,6.552298467,7.548078616333332
58,0.1611046666666501,21.582931516666665,12.745182673333332,-25.612157200000002,-1.5277541079999999,-2.0954560043333337,10.346306482000001,59.74512863333333,3.7350860036666664,0.6207598843333334
59,0.1638823333333145,22.040833153333335,12.73502922,-25.559349066666666,-1.875384934333333,-1.8314775426666667,12.219274838666665,53.154563903333326,0.5838445823333333,5.8153004646666675
60,0.16665999999997894,22.420266466666664,12.785163879999999,-25.525494899999995,-1.5560628970000001,-1.7288461130000001,9.427077292333333,44.41207631666666,6.550150871333334,1.0874708096666668
61,0.16943766666664337,22.75665347,12.797600430000001,-25.481775933333335,-2.1978425583333334,-1.0746532976666667,11.667267800333333,38.80591456333334,2.770498395,3.8007110353333338
62,0.17221533333330777,23.04258855,12.854429566666667,-25.433522533333328,-2.32658871,-1.5022410156666666,10.681950250999998,32.81952539666667,7.937557061666666,2.195138226
63,0.1749929999999722,23.294767376666666,12.867473283333332,-25.400271099999998,-0.8720647096666667,-2.2189241249999996,11.065421422333335,29.013436636666665,2.4205167296666663,2.6242791216666665
64,0.17777066666663663,23.50874201666667,12.88342126,-25.37053933333333,-1.7762658196666667,-0.8143839836666666,11.545835493666667,24.67563120666667,2.595840573333333,2.090696096333333
65,0.18054833333333895,23.67545445666667,12.937997816666668,-25.327061966666662,-2.3990840713333337,-1.3312751653333335,7.886539458333334,18.48564736366667,7.498471735333333,1.6934512256666665
66,0.18332600000000335,23.824150086666663,12.960368153333334,-25.295867933333337,-1.6471011539999998,-0.8237471580000001,11.473719438000002,16.832447848,3.3769268196666666,1.911087831
67,0.18610366666666778,23.91403897666667,13.011912663333334,-25.2591273,-2.5564836263333333,-0.35106116033333334,13.515252746666667,9.453592769666665,6.851735989000001,1.092097084
68,0.1888813333333322,23.998614626666665,13.082024573333333,-25.2108561,-1.8064219953333334,-1.6668018696666664,9.709130447666666,8.705380220333334,9.437954900333333,1.4068619806666665
69,0.1916589999999966,24.07024765,13.104352633333333,-25.196566266666675,-2.684269031,-0.21170882366666666,11.183857918666666,7.860592682333333,2.5819657916666667,0.09130635866666664
70,0.19443666666666104,24.08902867333333,13.191041946666667,-25.140070599999998,-1.5036400653333333,-1.282567183,9.607413293333332,0.5702496369999999,11.647968294999998,1.412898461
71,0.19721433333332547,24.101982116666665,13.258320490000001,-25.120300299999993,-2.326889157333333,-0.55395027,10.815415062666666,0.7040882510000003,7.763338089,-1.4980400006666665
72,0.19999199999998987,24.10262107666667,13.331350006666668,-25.0755819,-2.4476828176666667,-0.39468078066666673,12.436705906666667,-1.2878625393333338,9.594704945333334,0.8232160406666668
73,0.2027696666666543,24.07519404,13.446858406666665,-25.038080866666665,-2.300205191,-1.3030411203333332,8.203295707999999,-4.620498260000001,13.888934452666666,-1.961188515
74,0.20554733333331873,24.05453427333333,13.524494806666667,-25.0052007,-2.081474066,-0.038291529000000005,10.815834682333334,-3.518196284666667,9.542520206333334,-0.6501533589999999
75,0.20832499999998313,23.997307456666665,13.63224538,-24.97639716666666,-2.1133627096666667,-0.177994872,12.764930088999998,-7.967232863333333,12.625861806666668,-2.502656459666667
76,0.21110266666664756,23.94142914,13.770618440000002,-24.921760566666666,-2.568811218,-1.1440802416666667,7.007062435333334,-8.365629751,17.230690003333333,-1.2854851136666667
77,0.213880333333312,23.90811538666667,13.858696620000002,-24.908185300000003,-1.7750435869999999,0.37659593933333335,10.569090210333334,-4.6679729619999994,9.750158308666668,-3.1451125146666663
78,0.2166579999999764,23.842457453333328,13.992945986666667,-24.855857866666668,-1.9317815156666667,0.5904025036666667,12.290996552000001,-9.485799470666667,16.67463684,-1.2986677516666667
79,0.21943566666664083,23.785299936666664,14.131152469999998,-24.811912533333338,-2.6967990103333332,-0.8397576856666666,8.405938465,-8.400720754333333,16.681843439999998,-2.3180891076666668
80,0.22221333333330526,23.756853739999997,14.217174213333335,-24.7881622,-0.494843314,0.6738230786666667,10.668021520333333,-4.190232992333334,10.040239017333333,-1.977922985666667
81,0.22499099999996966,23.69501241,14.347411473333333,-24.73642476666666,-2.666021367,0.3410144596666667,11.947434106666668,-9.204606057666666,16.177618026666668,-1.0764728186666666
82,0.22776866666667198,23.64672915,14.45538998,-24.701031999999994,-1.5470889606666667,-0.7822154213333333,8.829810461666668,-6.892108917333334,12.996201196666666,-1.763207475333333
83,0.2305463333333364,23.635171256666666,14.535476046666666,-24.668375666666662,-1.5699047743333334,0.7924935023333334,11.51490752,-2.6327680743333333,9.779674531333335,-0.6775777663333334
84,0.23332400000000084,23.577415466666665,14.638149263333332,-24.629687,-1.8194647826666668,0.19568375233333335,10.772927602000001,-8.136473973666666,12.573555945,-1.1400982836666667
85,0.23610166666666524,23.558478673333337,14.726235393333333,-24.592102033333333,-2.685471932,-0.2575578543333333,9.002537410666667,-3.680706183333333,10.888215385,-0.534838001
86,0.23887933333332967,23.54512342,14.802294733333333,-24.56274413333333,-1.3847563166666668,0.7346545953333333,11.240602333666667,-2.523932775,9.205530484333332,-0.8673577853333333
87,0.2416569999999941,23.503573103333334,14.881944023333332,-24.530873599999996,-2.243916273,-0.17564005133333335,10.142138797666666,-6.232148647333333,9.699552695666666,-0.730197986
88,0.2444346666666585,23.51049041666667,14.974148753333333,-24.4936447,-1.9758288859999997,0.05100292566666667,10.821099597333335,-0.32597962033333333,11.351192476666668,-0.7783781886666666
89,0.24721233333332293,23.495487213333334,15.03074042,-24.475494400000002,-1.949094852,0.9251921373333332,10.561771551999998,-2.6121654863333332,6.528774261333332,-1.0702053953333335
90,0.24998999999998736,23.48280334333333,15.10171382,-24.441014633333335,-1.322055618,-0.17723533766666666,11.003123124666667,-2.6007628443333335,8.900827725000001,-0.027693291666666675
91,0.2527676666666518,23.491710663333336,15.193615279999998,-24.410497000000003,-2.532046039666667,0.583647271,10.765612124333332,-0.12848099066666663,10.985583304666667,-1.4472556613333332
92,0.2555453333333162,23.47651291,15.231579779999999,-24.393656433333334,-1.6419562896666668,-0.33429127666666664,10.407429696666666,-2.348978956333333,4.459536313666667,-0.32033596466666664
93,0.2583229999999806,23.48124758333333,15.32004006666667,-24.361175533333327,-1.7094750556666665,0.3241017486666667,10.935525258666667,-0.6864701160000001,10.695622763333333,-1.0737789473333335
94,0.26110066666664505,23.47735532333333,15.396380423333333,-24.331685366666665,-2.3782790499999997,-0.138814859,8.033924261666668,-1.374711751666667,9.251328786333332,-0.8550074943333335
95,0.26387833333330946,23.484723409999997,15.441465059999999,-24.319923400000004,-2.0575660866666667,0.091469532,11.903509773333333,0.284898609,4.967586835333333,-1.1984558876666667
96,0.26665599999997386,23.478709536666667,15.546104746666666,-24.275449100000007,-1.780919075,0.350112794,9.751049041,-2.0993260546666668,13.066195806666668,-0.5865874293333334
97,0.2694336666666383,23.483011243333333,15.612597466666665,-24.254915900000004,-2.5858434833333335,-0.17933647499999997,8.712573051333333,-0.37720795500000004,7.729757468,-1.300161431
98,0.2722113333333027,23.492932003333333,15.680000623333333,-24.23063913333333,-1.20765388,0.49256988400000007,12.844958939666668,0.45690659699999997,8.040108204333334,-0.9520598453333334
99,0.27498900000000503,23.47441037333333,15.785448709999999,-24.193463666666673,-3.178823947666667,0.18529432033333335,8.355539480666666,-3.6502767006666663,12.786111193333333,-1.3909428119999998
100,0.27776666666666944,23.501575469999995,15.852878253333335,-24.164794933333337,-0.9858115116666667,0.205765585,10.710747719666665,2.3735730250000002,8.252570153666666,-0.48081354299999995
101,0.2805443333333339,23.491148633333335,15.93574683,-24.145563766666665,-2.100898425,0.6959961056666666,11.301040014333333,-2.1020795503333334,9.476546604333333,-2.2142740486666663
102,0.2833219999999983,23.489137013333334,16.035267513333334,-24.10179136666667,-2.4861471253333334,-0.5203810733333333,9.876190186666667,-1.6106575726666665,12.47367827,-0.42778772133333337
103,0.2860996666666627,23.504775366666664,16.10872046333333,-24.076365166666672,-1.5954567593333333,0.9944121836666667,11.575812021666666,0.8344182570000002,8.721114158333334,-1.107290705
104,0.28887733333332716,23.482246399999998,16.193825720000003,-24.037913,-1.5263441303333334,-0.044449845999999994,10.185440702,-3.9246646963333336,10.657764118333333,-0.29052945
105,0.29165499999999156,23.496416089999997,16.29932531,-24.005043033333337,-2.576098998666667,-0.0806716583333333,10.809690794333333,0.41971489766666664,12.58908558,-1.8419367473333335
106,0.29443266666665596,23.488175073333334,16.354161263333335,-23.970723466666666,-2.1114383936666665,0.30240622899999997,11.905807811333332,-2.0488143759999997,7.130713144999999,0.7185774843333333
107,0.2972103333333204,23.47811889666667,16.46155707,-23.933288566666665,-0.9126574346666666,0.023055468999999995,9.959544341333334,-2.6479146083333336,13.007392246666667,-1.4528054796666667
108,0.2999879999999848,23.474891026666665,16.53027502666667,-23.907208733333334,-3.032937129333334,0.27551684266666665,10.288307193,-1.1868399976666666,8.290837288666667,-0.8113864066666667
109,0.3027656666666492,23.466267266666666,16.592517853333334,-23.882619233333333,-1.168657094,0.033892531999999996,11.435920396999999,-2.036775906666667,7.44852225,-0.6464223066666667
110,0.3055433333333137,23.44376119333333,16.68557008,-23.853861499999997,-1.9348134596666668,0.5082834906666668,9.517436027,-3.5796069503333334,11.08913501,-1.7000428833333334
111,0.30832099999997814,23.4365476,16.719836236666666,-23.846758533333343,-1.2257822953333333,0.1733218976666667,10.022570292333333,-1.2931732336666666,3.5771690610000006,-1.1602011523333333
112,0.31109866666664254,23.40853246,16.794710796666667,-23.840929666666668,-2.015462955,0.474460125,10.367633820333333,-3.4377294383333337,8.054597377666667,-3.208499114
113,0.31387633333330694,23.374464036666666,16.84070969,-23.830449433333328,-1.4539879463333332,-0.6667433976666667,8.779165426666667,-4.632403492999999,5.025142192666667,-1.3658152766666667
114,0.31665399999997135,23.3411541,16.881883303333336,-23.8449097,-2.000727732666667,0.8248944680000001,11.596775057333332,-3.3674823843333326,3.428025643333333,-3.732830922
115,0.31943166666667366,23.285574593333333,16.945230483333333,-23.84197236666667,-1.7342113953333336,-0.441268663,7.500031789333334,-6.959319830999999,6.600366592333333,-2.9799093803333334
116,0.3222093333333381,23.236338933333332,16.967936516666665,-23.864842733333344,-2.7025491196666667,0.16456180833333334,12.914252597666668,-4.960905153666667,1.0097177426666668,-3.7567803463333327
117,0.3249870000000025,23.148970923333334,17.020326613333335,-23.876754766666668,-0.9058456273333331,0.1660089836666667,8.992404937666667,-10.245806695,4.727394104000001,-4.002327442333333
118,0.3277646666666669,23.07036908666667,17.06096363,-23.8991623,-2.8170988956666663,-0.4228046536666667,10.063884099333334,-8.496255397,3.0267748036666666,-4.548179308666667
119,0.33054233333333133,22.973546983333335,17.085552853333336,-23.93431343333334,-1.3339444993333334,0.319330906,10.820795694333333,-10.549157222333333,0.6215466533333333,-5.13675642
120,0.33331999999999573,22.850863136666664,17.13576349,-23.95571896666667,-2.479015270666667,-0.49263577799999997,10.93481159333333,-13.795403163666665,4.142936706666667,-4.885258913333334
121,0.3360976666666602,22.714039486666668,17.160645803333335,-24.006655366666674,-1.3992337283333331,0.2399983006666667,11.20673847,-14.787215709,-0.017131636666666655,-6.811536153333333
122,0.3388753333333246,22.558122636666667,17.213284176666665,-24.043251033333334,-2.390820265,-0.8121935329999999,8.252136071333332,-17.26209863,3.799160401,-6.524282217
123,0.34165299999998905,22.376712163333334,17.248678206666664,-24.10403696666666,-1.6253292760000002,-0.2144288023333333,13.652435620333334,-19.766781169999998,0.7515040239999999,-8.347615083
124,0.34443066666665345,22.14702606,17.28862953333333,-24.162834166666666,-2.3412119946666663,-0.9007948290000001,9.824976602666666,-25.312700273333334,1.4837927026666664,-8.253972688
125,0.34720833333331785,21.898911793333337,17.34173711,-24.239133166666665,-1.496516327,-0.8095591466666666,11.630545931666667,-27.204254786666667,2.1361756326666668,-10.785243989000001
126,0.3499859999999823,21.6040198,17.38853518,-24.320248933333335,-2.861517032,-0.9209131963333334,7.854185581,-32.32347424666667,1.3749551576666665,-10.937994162
127,0.35276366666664666,21.241591773333337,17.439774833333335,-24.413988766666662,-1.557921409666667,-1.7810243369999998,13.78189055,-40.28567949999999,1.316561063,-12.549939789999998
128,0.3555413333333111,20.835536323333333,17.50168991,-24.5105896,-2.672986428,-0.9063396553333334,9.019202232333335,-45.100957236666666,2.577605088,-13.160883266333334
129,0.35831899999997563,20.346452076666665,17.561157226666666,-24.635373466666664,-1.3210390306666666,-1.5843683880000003,10.281625428666667,-54.34232075666667,1.2040351233333333,-16.21508185
130,0.36109666666664,19.818999610000002,17.627279916666666,-24.753504433333337,-2.9784739810000005,-2.2184146246666665,9.521269321333333,-58.850546519999995,2.4045658556666667,-15.60236295
131,0.3638743333333044,19.181423823333333,17.700407663333333,-24.88224283333334,-0.8478462996666667,-1.3257088063333333,14.678891500666667,-71.97190348333334,2.9035925866666665,-17.14483865
132,0.36665200000000664,18.48314603333333,17.756470996666668,-25.026334100000003,-2.813479821,-1.8674061696666666,7.820807297666666,-78.37968444333333,0.6592506566666665,-17.967909493333334
133,0.36942966666667115,17.73428758,17.854166033333335,-25.161760966666666,-1.7743079463333336,-1.4090971550000002,12.593158721333333,-85.05489856999999,5.8899585403333345,-18.70457903666667
134,0.3722073333333356,16.880174,17.908798853333334,-25.318939200000003,-2.688355485666667,-1.049157957,9.977200825,-96.53704069999999,0.4541815799999999,-19.22921117
135,0.37498499999999996,15.956032436666666,17.990240733333334,-25.467427566666668,-0.3769674496666667,-2.731695692,12.083129567,-105.59511310666666,4.146597067999999,-19.43967056
136,0.3777626666666644,14.982542039999998,18.00413704,-25.64278156666666,-1.9639182513333335,-0.20785355600000002,9.951977095999998,-110.16312660666667,-4.210226536333334,-20.131151836666664
137,0.3805403333333288,13.941640853333332,18.066811243333333,-25.795303333333337,-2.045066118,-1.126705567,8.373051167,-119.43278503333335,2.4879823536666668,-19.240808486666666
138,0.38331799999999316,12.843311309,18.067188259999998,-25.98204296666667,-1.6825018326666665,-0.900960038,13.992784499999999,-124.71228283333335,-5.360824427333334,-21.19651667333333
139,0.3860956666666577,11.686088243333332,18.09028371333333,-26.144907633333332,-2.031039674666667,-0.8842507303333335,9.987000308,-133.0206604,-1.6449650336666668,-19.22186152
140,0.3888733333333221,10.467731158666666,18.026106516666665,-26.344614666666658,-0.43814392966666665,-0.6465619283333334,12.673897585,-138.6700185,-12.418280521666667,-21.299208326666665
141,0.3916509999999865,9.225314459333333,17.966672263333333,-26.53584033333333,-0.8405394556666667,-1.3456686833333331,4.836691181,-142.24008686666664,-11.122288845,-20.895900089999998
142,0.39442866666665094,7.923452695666666,17.895605086666666,-26.749465966666662,-3.151977857,0.388397187,15.062751134,-148.25093076666667,-12.498794117000001,-23.39566866666667
143,0.39720633333331534,6.584731976666667,17.791121800000003,-26.95077516666666,-2.012201657,-0.7656016549999999,10.491888839666666,-153.47575376666666,-15.714664777666668,-21.70620854666667
144,0.39998399999997974,5.214339415,17.67188136,-27.174804700000006,-0.864272684,-0.025230815,11.636817614333333,-156.20634973333333,-17.292456310000002,-24.47423807666667
145,0.4027616666666442,3.7966537376666665,17.474320726666665,-27.40569306666667,-0.9316509613333332,-0.9596525279999999,8.329106965666666,-162.02283223333333,-26.038512546666666,-25.076208753333333
146,0.4055393333333086,2.3476375739999997,17.309733069999997,-27.647969566666664,-2.719474474666667,-0.32608027233333337,12.315142632666669,-165.14613343333335,-21.670810066666665,-27.102426530000002
147,0.408316999999973,0.8660435676666666,17.095027286666667,-27.867197666666666,-1.52129968,0.2816461523333334,12.984882515333334,-170.25542706666667,-26.896710080000002,-25.122962949999998
148,0.41109466666663746,-0.6330474616666669,16.897628783333335,-28.120000199999996,-2.0935565030000003,0.45115963600000003,8.840051810666667,-171.0745799,-24.181856789999998,-29.027828853333332
149,0.4138723333333398,-2.138387362,16.63246568,-28.34260306666667,-1.4337584176666667,-0.48308358600000006,9.793576241333334,-173.15977986666667,-31.729149500000002,-26.901564280000002
150,0.4166500000000042,-3.6856013933333336,16.333177883333335,-28.576385466666668,-1.0083825886666666,0.8295885496666667,12.773338001666666,-177.68803913333332,-35.145204543333335,-28.811717990000002
151,0.4194276666666686,-5.232061147666666,16.062311169999997,-28.79103596666666,-1.3364754916666668,-0.05849061400000003,10.009094718,-178.5347697,-31.021091463333335,-28.07891972666667
152,0.42220533333333304,-6.723217485666666,15.730429970000001,-28.99277496666667,-3.283431689,1.5655956466666667,10.955758412333333,-172.28507486666663,-37.81191698666667,-27.654844283333333
153,0.42498299999999745,-8.238943735,15.412825580000002,-29.171381633333326,-0.956783882,1.9224335750000001,12.698662123333333,-176.17828369999998,-35.786728540000006,-26.328130723333334
154,0.42776066666666185,-9.734709422666667,15.080483436666668,-29.353273999999995,-2.2783164283333335,0.5035924513333334,9.235040983333333,-173.76109313333336,-36.73888524666667,-27.14602216
155,0.4305383333333263,-11.168300149333334,14.684162136666666,-29.49780526666666,-1.592441201,1.6588480873333333,10.943369229333333,-167.65276083333333,-44.324066163333335,-25.802827199999996
156,0.43331599999999065,-12.605145770999998,14.31209596,-29.637189233333334,-1.7049423056666668,2.0589309136666665,12.938581466666667,-168.15441896666667,-40.99474588666667,-25.55663109
157,0.4360936666666551,-13.998009363333333,13.932959556666667,-29.755355833333336,-2.2486051320000002,1.3622388639999998,10.583749453000001,-163.76986183333335,-41.66237640333333,-24.668165206666668
158,0.4388713333333196,-15.328446386666664,13.527113916666666,-29.85614776666667,-1.5826049249999998,2.009007791666667,11.681087495333335,-156.78705853333335,-44.66590245333333,-24.033828096666667
159,0.44164899999998397,-16.63445695333333,13.12724145,-29.947621666666663,-2.213828444333333,2.208267927,13.060590110000001,-154.28305563333333,-43.770554860000004,-24.203578313333335
160,0.4444266666666484,-17.88539918333333,12.731346449999998,-30.030242933333337,-1.7882340353333335,1.5583952766666667,10.832668304333334,-147.9043935,-43.04767227,-23.694555283333333
161,0.44720433333331283,-19.052875516666663,12.308906236666667,-30.083422333333335,-1.999032457666667,2.260649363,10.547636034,-138.8517049,-46.71161016,-22.464287436666666
162,0.44998199999997723,-20.186666486666667,11.895352683333334,-30.138610866666657,-2.1684338249999997,2.754970471,10.853171031000002,-134.73651123333335,-45.10697301333334,-23.02054278333333
163,0.45275966666664164,-21.25841586,11.485891342333332,-30.17272443333333,-1.7845573426666668,2.4065010746666666,10.647620202666667,-127.94176479999999,-45.20148213666667,-21.5363156
164,0.4555373333333061,-22.25553512666667,11.079924264666666,-30.193422933333334,-2.1751685936666667,2.5177754159999997,12.065406800333335,-119.24158477333333,-44.89052454666666,-20.633052826666667
165,0.45831499999997055,-23.15622138666667,10.682194390333331,-30.2025172,-1.9962566840000002,2.718994577666667,9.376472789333334,-108.08278148333333,-44.33692296666667,-19.629039126666665
166,0.4610926666666728,-23.989008586666667,10.290819804,-30.197886133333327,-1.9577230613333334,2.4689501126666666,10.970113116666667,-100.18833159333333,-43.78323237000001,-18.51568826
167,0.4638703333333372,-24.731316886666665,9.909230868666667,-30.18827566666666,-2.041780293,3.4722850323333336,7.950072606666667,-89.49711227333334,-42.97374852666667,-17.952293715333337
168,0.4666480000000017,-25.38749695,9.536896704333333,-30.149304666666662,-2.4646660486666665,2.9103379253333337,12.20877393,-79.73496373333333,-42.95110448333333,-14.948775926666665
169,0.4694256666666661,-25.971556343333333,9.183978399999999,-30.12614186666667,-2.361040055666667,2.787486116,10.357972462666666,-70.84148152666667,-40.13044484333333,-15.854791639666667
170,0.4722033333333306,-26.490687050000002,8.861488502,-30.077860499999996,-2.099429806,2.2110359673333333,12.230388959333334,-63.474575043333324,-37.72810491,-12.20890268
171,0.47498099999999494,-26.91620954,8.536676724333335,-30.04625193333334,-2.219454656,2.8941375813333337,9.105274993666667,-51.95185788333333,-37.28536669333334,-14.127130347
172,0.47775866666665934,-27.26192410666667,8.258902867666666,-29.985994966666667,-2.845466931666667,2.4530296723333334,11.096231779666667,-42.87889353666666,-33.41013971666667,-9.056338787333333
173,0.48053633333332374,-27.551404953333332,7.985790411666667,-29.954167699999996,-2.594608962666667,2.784324646,10.321647005666668,-35.64631970666667,-31.581657410000002,-11.691163859333335
174,0.4833139999999881,-27.776210149999997,7.769968827666666,-29.913536066666655,-1.4370774923333336,1.292002201,10.984752654,-28.03036276266667,-25.664220493333335,-8.034295559
175,0.4860916666666526,-27.938671749999997,7.542016029666667,-29.888905866666672,-3.431468804666667,2.5126909813333334,9.466998418666668,-20.271961927666666,-26.315547943333332,-10.122481266333333
176,0.488869333333317,-28.028683346666668,7.372821649,-29.852658599999994,-1.0336137216666668,2.0890483853333333,11.270928066666668,-11.795022566333332,-20.432577768999998,-6.0628366473333335
177,0.49164699999998146,-28.091573716666662,7.206259409666667,-29.845245333333327,-3.9176113606666667,1.9424627226666669,11.060262362666665,-8.064222177333333,-18.773643813333333,-8.603745461666668
178,0.49442466666664586,-28.090610506666668,7.0821126303333335,-29.82830303333333,-1.3514216743333334,1.257279277,12.293237844666665,-0.5808480156666663,-14.593925078666667,-5.629938682
179,0.49720233333331026,-28.05947430666667,6.985513051333334,-29.848607400000006,-3.6191294986666667,1.8010466893333332,9.657625833,3.6430621159999994,-9.803647198666667,-7.556884536666668
180,0.4999799999999746,-27.996305466666666,6.892068704000001,-29.844777433333334,-0.598023037,0.47773183266666663,9.406330744666667,7.070350171,-10.631085396,-5.31057471
181,0.5027576666666391,-27.88514773,6.838657538333333,-29.880976366666662,-3.3325539233333337,2.0282327933333333,11.952140487666668,13.456972284,-4.317135175333333,-6.807527104333334
182,0.5055353333333036,-27.774796803333334,6.793488820333334,-29.887372333333335,-1.6353453473333335,0.998140688,11.243149754333333,12.887997626999999,-4.97212855,-3.656364898
183,0.5083130000000059,-27.645953496666664,6.758850892333332,-29.935178133333338,-2.338270818,0.5901259406666667,11.4500885,15.744749706666667,-1.6747398176666664,-6.9971151549999995
184,0.5110906666666702,-27.49413617333333,6.724744478999999,-29.945330333333334,-1.7695962883333334,0.12955072533333334,10.816699980666668,17.93233681,-3.595104217333333,-3.408709418666667
185,0.5138683333333347,-27.371581396666667,6.728268941333333,-30.004074099999997,-2.542102078333333,0.5140417513333334,12.928483963333333,15.156420706666665,2.98908027,-6.083711625666666
186,0.5166459999999992,-27.233201983333334,6.692040602666666,-30.011889133333337,-1.413714488,-0.27759360266666666,10.428174338,16.27023665333333,-3.9668102270000003,-3.272953331666667
187,0.5194236666666635,-27.084826789999997,6.7059184709999995,-30.07027943333334,-2.4736649196666662,0.611800425,9.986535231666666,18.228189786666665,4.034333706,-5.519652083333334
188,0.522201333333328,-26.95439974333333,6.6824808120000005,-30.06558993333333,-0.158625404,-0.5109969576666668,9.556576091333334,15.138537723333334,-3.274747371,-1.235272363
189,0.5249789999999924,-26.855353036666667,6.678574402999999,-30.123794566666664,-2.9726186193333337,0.1169035733333333,10.77547042,12.285725911333335,2.078728675666667,-6.502998987999999
190,0.5277566666666568,-26.751965839999997,6.656472047,-30.108304333333333,-0.4239833303333333,-1.1135868133333335,10.163345020666666,11.757876820666667,-3.699461051666667,0.06270786100000003
191,0.5305343333333212,-26.68902715333333,6.668016751333333,-30.159861233333334,-3.3565713563333333,0.9637763346666666,13.051023482333333,7.872422059000001,3.341851870333334,-4.973905365
192,0.5333119999999857,-26.64296086666667,6.667425950333334,-30.161560066666663,-1.4133822123333335,-1.303843523,10.899389587,5.092840194333333,-0.4665893316666668,-0.622208039
193,0.53608966666665,-26.607066470000003,6.673344771,-30.18163046666666,-2.8444530169999998,-1.0472260116666667,9.133669850999999,4.182024162333334,1.0543164759999997,-1.9971679846666668
194,0.5388673333333146,-26.59600385,6.648825009666666,-30.188519799999998,0.38698065266666665,0.13751239566666665,9.482056457666667,0.9812343913333331,-2.765428106,-2.4574467343333333
195,0.541644999999979,-26.61845779333333,6.6348840393333335,-30.18565116666667,-3.0403112619999995,-0.6463106546666667,12.434872311,-3.1744325963333337,-2.286792715666667,-0.607787465
196,0.5444226666666433,-26.659330370000003,6.620042324,-30.194664000000007,-1.255828003,-0.3916057546666667,10.325914066333334,-5.223047058666666,-1.6389478846666667,-2.13290596
197,0.5472003333333078,-26.71341705333333,6.622394085,-30.204317733333337,-2.2679161826666667,0.355364493,10.894303637999998,-6.822659913,0.14071599666666681,-1.0987354516666665
198,0.5499779999999721,-26.783751806666668,6.601466497,-30.202728266666668,-1.8149728773333333,-0.5914979776666667,11.251685144333331,-8.908584672333333,-2.871893405666667,-1.3163154563333335
199,0.5527556666666366,-26.875164033333334,6.597815354666667,-30.220949833333336,-1.3877898899999999,-0.9227990383333333,10.96719392,-11.187032062,-0.04300624166666663,-2.341333548
200,0.5555333333333389,-26.9796079,6.5521613756666675,-30.2061157,-1.953853040333333,-0.474926715,9.139678161666668,-13.195617358666667,-6.205736767666667,-1.2839305796666667
201,0.5583110000000033,-27.115084966666668,6.556605975,-30.22320046666667,-2.3220987716666666,-0.07096354166666667,10.607906342666666,-16.47451496,0.7560419243333332,-1.7740897039999999
202,0.5610886666666678,-27.266555786666668,6.548135598666666,-30.232653300000006,-1.884998479,0.19924667833333334,11.787762482,-18.51087061666667,-0.9278459850000002,-1.8122502566666665
203,0.5638663333333321,-27.41151809666667,6.568518320666667,-30.241879800000003,-2.447988748666667,-0.7396070956666666,12.367635725333335,-17.734618183333332,2.0409725506666665,-0.07037498566666668
204,0.5666439999999966,-27.56129328333333,6.558841546333333,-30.255983999999994,-1.4413546723333333,0.19200933,8.805252313,-18.254176141,-0.8060536386666666,-2.36658519
205,0.569421666666661,-27.718269983333332,6.556347529,-30.245864833333332,-1.3953201670000002,-0.413559854,8.004831789666667,-19.459529556666666,-1.4509700336666667,0.722846687
206,0.5721993333333254,-27.892627083333334,6.556673844666666,-30.262616499999996,-2.1609152156666664,0.656674559,11.387536686666666,-21.15679296,0.41450722999999984,-2.1175426193333333
207,0.5749769999999899,-28.07285944666667,6.592591444666667,-30.2693558,-1.9369236103333334,-0.2957407833333333,11.566359203333334,-22.021390913333335,3.5544887779999996,1.11438632
208,0.5777546666666543,-28.235367456666665,6.598035971333334,-30.275601699999996,-2.447540045,-0.09587899866666665,10.335043589,-19.876770016666665,0.3648406266666666,-0.7076061566666668
209,0.5805323333333187,-28.376958846666668,6.634134928333334,-30.296623233333335,-1.7910249323333334,0.695517309,10.994578835666667,-17.185140926666666,4.384855191000001,-0.3819255133333333
210,0.5833099999999831,-28.53051630666667,6.648160775666667,-30.287358599999994,-2.215044876,0.05609332533333335,8.824735642666665,-19.02827517,0.38613458466666656,1.4329801400000004
211,0.5860876666666476,-28.683204650000004,6.656075159666667,-30.303349799999992,-1.048287687,-0.03811872033333338,8.975474517999999,-18.571653366666666,1.1083155276666667,-1.4483958479999999
212,0.588865333333312,-28.81259537,6.675470988,-30.296717333333333,-1.7977972923333334,0.6069405076666667,11.223868209666668,-16.110185306666665,1.1129303576666667,1.459230780333333
213,0.5916429999999764,-28.939854303333334,6.694066842333334,-30.2991664,-1.3140431643333335,0.39467166366666667,12.400524140000002,-15.700039863333336,1.4436145623333336,0.6072626213333333
214,0.5944206666666408,-29.053260803333334,6.692742665333333,-30.292971299999994,-1.8671429156666666,0.32676468766666666,11.382039547,-14.17863051,-1.0515028833333335,0.2276721396666667
215,0.5971983333333052,-29.136084236666665,6.695634841666667,-30.279597000000006,-1.8674377600000003,-0.10705198366666667,9.683930398,-10.612452191000001,-1.1243454616666666,1.3703404069999998
216,0.5999759999999696,-29.242854436666665,6.697950521999999,-30.275512700000004,-2.2416446113333333,0.20314468933333332,10.210223516000001,-13.342247646666669,-0.5513762833333334,0.1904459300000001
217,0.6027536666666721,-29.333667116666664,6.670213381666667,-30.253255199999995,-1.0761431656666667,0.34787931033333336,11.893229804,-11.702060541,-4.840902924333333,0.46278971433333344
218,0.6055313333333362,-29.402242026666666,6.653506915,-30.23744453333333,-2.2219770353333335,0.3742076853333333,10.961703460333334,-8.914997737999999,-3.228264669666667,0.3082502883333333
219,0.6083090000000008,-29.464933396666666,6.638459364333333,-30.2153931,-1.4665579446666666,-0.01039336099999999,9.325852871,-8.328183492333332,-3.5129030543333335,1.1899563273333333
220,0.6110866666666653,-29.51187134,6.580508868,-30.190422066666667,-1.5721703766666668,0.9328461766666667,8.705800533333333,-6.483877182333333,-8.066948254666666,-1.204227835
221,0.6138643333333297,-29.551266353333332,6.544707298,-30.148518900000003,-1.9335953543333335,-0.26457262800000003,12.98829524,-5.765303571666667,-6.855368732333332,2.0397512116666667
222,0.6166419999999941,-29.59874661666667,6.507753531,-30.138122566666663,-1.7464713653333332,0.386487338,12.397683780000001,-6.329721609666667,-5.025000811000001,-1.4818560779999999
223,0.6194196666666586,-29.622449876666664,6.4542482696666665,-30.09699756666667,-2.188987136,-0.18847970999999997,8.892186483666668,-3.9166093666666666,-8.652895450666668,0.893334905
224,0.6221973333333229,-29.628159203333336,6.390815575666667,-30.061243700000006,-2.1196184160000002,-0.03470493366666668,11.007861771666667,-1.6439941723333333,-9.282633304,-0.4590199389999999
225,0.6249749999999873,-29.666425066666665,6.355309645333333,-30.0421219,-1.4489684306666666,0.4070253716666666,13.404371263333333,-5.355079094666666,-5.489177783333333,-0.3012576653333334
226,0.6277526666666517,-29.68663533333334,6.299695491666667,-30.0131607,-3.143673141666667,-0.445422987,9.727598031,-3.350897272333334,-8.067148606666667,-0.6950978239999999
227,0.6305303333333162,-29.676425936666664,6.250105221999999,-29.988362633333338,-1.831727567333333,0.030325034999999945,9.090180397000001,0.3978574276666666,-7.297087034333334,-0.5720727243333333
228,0.6333079999999806,-29.694266,6.207405249333333,-29.96710713333334,-1.6600989896666665,0.6930372619999999,13.122987111333336,-2.9608308673333332,-6.266330878000001,-0.7162978076666667
229,0.636085666666645,-29.71976788666667,6.182754834333334,-29.96111803333334,-2.4545650086666666,-0.32811471833333333,11.058118027666666,-3.6445431710000005,-3.5851433946666664,-1.0180550019999999
230,0.6388633333333095,-29.714918773333334,6.154274940333334,-29.943822200000003,-2.7017752329999998,-0.35820569599999996,8.934321563,-0.17787790766666678,-4.548379818666667,-0.3040410476666667
231,0.6416409999999738,-29.72072092333333,6.124656677666667,-29.938840199999998,-0.8635753793333333,0.5183499456666666,11.339733757666666,-1.2673581046666669,-4.058609565,-1.3962615976666666
232,0.6444186666666383,-29.749727250000003,6.124700387333334,-29.934844999999996,-3.066224296666667,-0.2884330253333333,14.17608833,-4.059062322,-0.7946303783333333,0.03483544799999999
233,0.6471963333333027,-29.767086663333334,6.122208277333333,-29.945457466666667,-2.337547977666667,-1.0611510673333333,9.039931775666666,-2.461733182333333,-0.33214828400000007,-1.382635096666667
234,0.649974000000005,-29.767440156666666,6.105496883333334,-29.938430800000003,-1.5284063516666668,0.36130006099999995,10.016974290333332,-0.6824912626666667,-2.7166073716666665,-0.6649326683333332
235,0.6527516666666694,-29.79544957666667,6.110383192666667,-29.955439233333333,-2.6110394793333334,-0.1896634996666667,14.52470684,-3.6541524926666664,0.8058409293333333,-1.5680009523333336
236,0.6555293333333339,-29.82144801,6.136504332333334,-29.9767507,-2.6028532583333335,-0.8682593106666667,8.921321394000001,-3.3946248093333335,3.447556972333333,-1.087315788
237,0.6583069999999983,-29.813201269999997,6.1215910913333325,-29.9976934,-1.8801944853333332,0.5763034223333333,8.835563659666667,0.7176383436666667,-1.0270157260000001,-3.164775292
238,0.6610846666666627,-29.823757173333334,6.140597343666666,-30.016212466666662,-2.3365145523333335,0.014706972999999998,12.492574374666667,-1.5562142533333334,2.5192239876666664,-1.1639023423333332
239,0.663862333333327,-29.857866286666667,6.1767481166666665,-30.06562296666667,-2.0506565969999997,-0.06945882099999999,10.768699961333335,-3.9788471860000008,5.958379388,-3.0329730513333337
240,0.6666399999999915,-29.845011393333333,6.189819972,-30.093345633333332,-2.1702687343333333,-0.04916415633333334,9.037286596666668,1.3456225,2.4636926256666665,-2.505921781
241,0.6694176666666559,-29.837697350000003,6.2118760743333326,-30.11970013333333,-2.052414258666667,0.3347611326666666,11.997242926,0.7117213443333332,3.1056489946666663,-1.4458510279999999
242,0.6721953333333204,-29.863978706666668,6.266866525,-30.164316799999998,-1.9587211313333333,-0.42630925766666666,13.406047503333333,-3.098464832,7.845538455666667,-1.7546007436666666
243,0.6749729999999848,-29.863583883333334,6.303554217333333,-30.201866166666665,-2.4973111153333334,-0.191586569,8.437134902666667,-0.008444388666666747,5.280328004666667,-1.7034235000000002
244,0.6777506666666494,-29.857408523333334,6.343741734666666,-30.2170029,-2.7985587913333334,-0.197094243,11.165043512666665,0.4312541486666666,4.551538865,0.39848073333333334
245,0.6805283333333136,-29.893345516666667,6.406075954666666,-30.262593600000002,-0.764777541,-0.35994179033333334,12.677209855666666,-4.2303493020000005,8.423421701333334,-1.003249824
246,0.6833059999999781,-29.92500369,6.465381781333334,-30.29126993333333,-3.129954258666667,-1.1150515476666667,8.303036055333333,-3.9430172443333333,7.344767411333334,0.15385191666666678
247,0.6860836666666424,-29.931891123333333,6.509309292,-30.30291493333333,-1.7300449606666668,-0.6024764873333334,9.294959546666666,-1.1830452756666665,4.463271856333333,1.4375006753333333
248,0.6888613333333069,-29.974469503333335,6.567584037666666,-30.33376313333333,-1.2561604183333335,0.45876756300000004,12.35030778,-5.205291112333334,7.3682295479999995,-0.12368687
249,0.6916389999999714,-30.024182640000003,6.649720827666667,-30.361750266666665,-3.2648842333333334,-0.978016729,10.423488616,-6.114784359666667,9.429296811333334,2.0244469246666665
250,0.6944166666666737,-30.04102579666667,6.693004926,-30.374481199999995,-2.312004367666667,-0.44966731500000007,9.433789889,-2.3544353646666667,4.726194223,0.8321682216666667
251,0.697194333333338,-30.086467106666664,6.752736727333333,-30.39376576666666,-0.7628822203333333,0.50707979,11.913819949,-5.736090024333333,6.555621624,1.6280621683333332
252,0.6999720000000025,-30.14702988,6.82006375,-30.419751500000004,-3.350192626333333,-0.646260659,8.940465134,-7.424691836000001,8.015292485666667,0.9361789300000001
253,0.7027496666666669,-30.154873530000003,6.861406803,-30.426946000000004,-1.6274898646666667,-0.44918325566666667,9.829533258333333,-1.3662418673333334,3.945702076,1.7178570046666666
254,0.7055273333333313,-30.189397173333333,6.912833055,-30.44347636666667,-1.2711879213333335,1.16078192,12.088867505666668,-4.429640611,5.802145322333334,0.9755821426666667
255,0.7083049999999957,-30.22199567,6.986408392666667,-30.467666633333337,-2.693497419333333,-0.9756125013333333,9.371435642,-4.093014319666667,8.295742988666667,1.9470449186666665
256,0.7110826666666602,-30.206916173333337,7.0096894899999995,-30.46676380000001,-1.8574674923333332,0.1572117206666667,12.146842639666668,1.2939543726666667,1.8317892549999997,1.0783550540000002
257,0.7138603333333245,-30.233049393333335,7.067470868666668,-30.474881500000006,-1.2864396073333333,0.640413841,10.872110685,-3.563619216333333,5.699193477666667,2.6351501496666665
258,0.716637999999989,-30.241551080000004,7.103265444666666,-30.491806033333333,-2.7490409933333333,-1.5023541646666665,8.269691466666666,-1.275593261,4.2009996869999995,-0.015453954666666622
259,0.7194156666666535,-30.21955045,7.121037324333334,-30.471870433333322,-1.8962738613333332,0.506860296,13.134360949,1.8192979693333333,-0.11620308933333338,3.076265176333333
260,0.7221933333333177,-30.246934253333333,7.164507230000001,-30.48862456666666,-1.831116135,-0.4486944623333333,9.225269634666667,-3.5572497846666664,4.973490476666666,0.4721685846666667
261,0.7249709999999823,-30.230539959999998,7.177724043333334,-30.473546333333335,-2.0789551339999996,-0.9431658506666668,10.208353994333335,1.217325171,-0.2758184673333335,2.2878124066666667
262,0.7277486666666467,-30.219882963333333,7.202232201666667,-30.475784266666665,-1.9779277043333334,0.212487807,11.951052346666666,0.8023232023333332,2.13739268,0.8059861263333333
263,0.7305263333333111,-30.23750687,7.225888252333334,-30.464558899999997,-2.4630093796666666,-1.1182072956666667,9.851245722666667,-2.8006947043333335,1.028309112,2.554080771666667
264,0.7333039999999755,-30.21533203,7.229648907666667,-30.450892133333337,-0.8208779890000001,-0.24847362433333334,12.187362353333334,1.9321286776666666,-0.965699454,1.1884663353333333
265,0.73608166666664,-30.220964433333332,7.265185356,-30.452590966666662,-3.5598109559999997,-0.47454789033333333,9.91421016,-1.1808888316666666,3.032913128666667,1.934425354
266,0.7388593333333043,-30.206768033333333,7.267907778333334,-30.4228592,-1.532083903666667,-0.582110009,10.669924895,0.7468470333333332,-2.0560675856666664,2.807781100333333
267,0.7416370000000067,-30.184920630000004,7.299198150666666,-30.418889366666665,-1.755556782,0.041001260333333324,10.134100280333334,2.0156825780000003,2.262275338,2.2338307053333337
268,0.7444146666666711,-30.180720646666668,7.324369430666667,-30.403582233333335,-2.7971707583333334,-1.0226661266666666,9.111087321666666,-0.2575127683333333,1.1337116163333334,2.6944938796666666
269,0.7471923333333356,-30.13980420333333,7.337496916666666,-30.389002466666664,-2.2049459616666667,0.44125451666666665,11.088592847333333,4.164059321,-0.27076363600000003,2.2345389773333335
270,0.7499699999999999,-30.12609863333333,7.390940030333333,-30.381192533333333,-1.476584653333333,-0.7070568599999999,10.379666330000001,0.9936743676666667,4.537676890666667,3.6017583209999997
271,0.7527476666666644,-30.09471194,7.4005799293333325,-30.36649833333334,-2.5394891896666665,-0.10209758066666665,10.268389068333333,3.0236238639999997,-0.6104169686666668,2.0075840796666666
272,0.7555253333333288,-30.051111223333336,7.446135203333333,-30.36322273333333,-1.7149773636666668,-0.4181067746666667,11.366920473333332,4.647011120999999,3.9881961743333334,2.6539762916666665
273,0.7583029999999934,-30.0289313,7.476498922,-30.349337266666666,-2.8442383816666665,-0.7343164236666665,12.176833788666668,1.950485627,1.589034617,3.194129427333333
274,0.7610806666666576,-29.98906517,7.504331747666666,-30.33506013333333,-0.5040077666666668,-0.3339085876666667,10.065324467000002,4.007470925333333,1.4741075836666668,2.7481937906666665
275,0.7638583333333221,-29.950826646666666,7.538816928666667,-30.334495533333328,-3.545318484333334,-0.393990966,11.300639468333335,4.079694747666667,2.8023174403333333,2.082663695
276,0.7666359999999864,-29.924811046666665,7.580803712333334,-30.319163,-1.586456736,-1.1280915043333333,9.614992777666666,2.3236935340000002,2.8906696640000002,3.6753483216666667
277,0.7694136666666509,-29.891155243333333,7.610040823666668,-30.316434233333336,-2.4896340916666664,-0.41737274333333335,12.683170638666667,3.5051585833333334,2.1506650846666666,1.9527524760000003
278,0.7721913333333154,-29.852963129999996,7.671864668333334,-30.308125799999996,-1.5708304643333333,-0.42730759600000007,8.230852445,3.8822474083333334,5.401517946999999,4.079041023666666
279,0.7749689999999797,-29.83753586,7.713087876666667,-30.314933800000006,-3.6110943956666666,-0.9431988200000001,10.942479133666666,1.4630379773333333,3.960831642,1.6930370726666668
280,0.7777466666666442,-29.784882226666667,7.787076632333334,-30.314430266666662,-0.8684565473333334,-0.185393463,10.149251618000001,5.7552040416666665,7.121326488,4.001439452333333
281,0.7805243333333086,-29.776475903333335,7.858370463,-30.331832900000006,-3.284182389666667,-0.04016495999999999,12.596377373333333,0.7946475743333332,7.7318966389999995,2.3891851306666667
282,0.783301999999973,-29.728349050000002,7.941179593333334,-30.331698100000008,-1.4725693863333333,-1.305062294,8.536021232333333,5.225527048333333,8.070334390333334,4.491917769
283,0.7860796666666374,-29.681681953333328,8.027649879666667,-30.35814413333333,-2.6857961516666666,0.586814354,12.031199139333333,5.540350914,9.842962262333334,2.3595835620000005
284,0.7888573333333397,-29.639603296666667,8.113581180666666,-30.35166166666666,-1.4290258286666668,-1.017942945,9.815303166999998,4.419992526333333,8.040795804,5.3230996133333335
285,0.7916350000000042,-29.57506307,8.202523072333333,-30.369262700000004,-2.5170447826666664,-0.3153085013333333,13.161380133333333,7.546129226666667,9.590777479,3.3996624946666665
286,0.7944126666666685,-29.500068666666664,8.293459892333333,-30.361132299999998,-1.11516279,0.24705572900000003,8.733136495,8.339030901666668,8.470278262999999,5.792216142
287,0.797190333333333,-29.41147168666667,8.377521833000001,-30.36788686666667,-1.836567223,-0.485114644,10.007002828666666,10.257769108333333,8.473292827666667,4.1627580323333335
288,0.7999679999999975,-29.29534785,8.460815429666667,-30.349205033333323,-2.146876861666667,-0.27152239166666664,12.513048490000001,13.108541170666667,7.101787726,6.3679313660000005
289,0.8027456666666617,-29.172899883333333,8.559301058333332,-30.33788806666666,-1.8466156719999998,0.3512761393333334,8.914674441333334,13.981573741,8.955409369333333,6.835233211333333
290,0.8055233333333263,-28.991383870000003,8.640342712333334,-30.317776999999992,-1.7895443636666666,0.38969817766666665,9.917593161666666,20.91497834333333,6.793270429,6.387104988333333
291,0.8083009999999907,-28.79588572333333,8.74646918,-30.298479699999998,-2.2555204826666664,-0.11489151400000004,9.670875389,22.60295804333333,9.359593712,8.010183175333333
292,0.8110786666666551,-28.55274581666667,8.847300211666665,-30.273167900000004,-2.302256810333333,1.0973404296666667,11.091609318000001,28.22015285333333,8.652047314999999,7.965285460666667
293,0.8138563333333195,-28.269815443333332,8.961138725666666,-30.24228413333333,-1.9787179033333333,0.6480435506666667,9.767759641333333,32.86074129666667,9.600645539666667,9.541945776666667
294,0.816633999999984,-27.92461840333333,9.103526750999999,-30.227620433333332,-2.119458884,0.5295058886666667,7.236250877333333,40.64541244666667,13.715025265333333,9.071192742
295,0.8194116666666483,-27.526571273333335,9.224829356,-30.190704333333333,-2.9791857996666664,1.586761554,12.433950742,46.56481806333333,10.216838041333334,10.411463101666667
296,0.8221893333333128,-27.100563683333334,9.381106694333333,-30.171681700000004,-1.3657409349999998,-0.007862533000000005,9.751358985666668,50.24136607,15.066250643333333,10.062672931666667
297,0.8249669999999774,-26.583906173333332,9.563970565,-30.157989499999996,-3.5366967519999997,1.3966271083333333,8.070692777333333,61.22245407333333,18.209539413333335,11.132433574333334
298,0.8277446666666416,-26.00886917,9.717268308,-30.121365866666665,-1.8083790443333332,1.05946666,9.691326301333334,67.77832412666666,14.043008488,11.460746128666665
299,0.830522333333306,-25.401227953333333,9.932223002666667,-30.114730833333336,-2.3671988646666664,0.8696371516666668,12.259281476666667,72.29518381666666,22.339005786666664,11.566828725666667
300,0.8332999999999705,-24.71957334,10.120480538333334,-30.086730966666675,-3.0723320046666664,0.9785359203333334,7.465916792333334,80.71991475333333,18.517819720000002,11.987176256666666
301,0.8360776666666728,-23.96474266,10.340259869999999,-30.058542900000006,-1.3119721216666667,1.3495595056666667,9.958980878,89.51040395,22.166847863333334,13.532803536666668
302,0.8388553333333374,-23.183661143333335,10.561058996666667,-30.035113033333335,-2.1477694906666667,0.6262938379999999,8.370321591666666,92.73898824333332,22.60227394,12.601683296666666
303,0.8416330000000016,-22.325954440000004,10.777345656666666,-30.00012203333333,-2.252218167,0.787006984,12.683430986666666,101.70149737666668,21.872320176666666,13.296673776666665
304,0.8444106666666661,-21.43522199,10.99758307,-29.951342233333335,-2.528996884666667,0.7416731813333334,9.811616581000001,105.31278229666667,21.786898293333333,14.698543549999998
305,0.8471883333333304,-20.490191139999997,11.241572380000001,-29.9167099,-1.797863682,0.012605513000000013,9.509710153666667,112.17314146666668,25.44699796,13.735852880000001
306,0.8499659999999949,-19.5247523,11.452878636666668,-29.865300499999993,-2.6267993546666664,-0.019010076999999997,10.815496444666666,114.16758220000001,21.098968506666665,13.907691637
307,0.8527436666666594,-18.53102366,11.675865173333333,-29.813062000000006,-2.061697940333333,-0.36275796866666665,12.790315628,117.58078003333333,22.92062378,13.964306513333334
308,0.8555213333333237,-17.51190122,11.904881796666666,-29.75293986666667,-1.4389134696666666,0.255972167,9.521880151,120.35040793333333,23.320480983333336,14.819096563333334
309,0.8582989999999882,-16.46233368,12.083708446666668,-29.683588666666665,-1.3831505573333331,-0.6222807169999999,9.948664984,123.808431,17.74448649,13.492550213666666
310,0.8610766666666526,-15.400234223333333,12.301121396666666,-29.607917766666663,-1.8514221113333333,-0.31823527533333335,11.382708551,125.0704778,22.026305516666667,15.229230883333335
311,0.863854333333317,-14.355415343333334,12.477772076666668,-29.52228803333333,-2.414734284,-1.2189433773333331,10.781160993333335,122.78951769999999,17.58438110333333,14.601809183333335
312,0.8666319999999814,-13.257435163333334,12.653795876666665,-29.41532136666667,-0.2790155146666667,-0.31188804166666667,9.109187920333333,128.47743733333334,16.881553653333334,16.771486916666664
313,0.8694096666666457,-12.177909215333335,12.825226466666669,-29.328590366666674,-3.0982873840000003,-0.751026233,9.726170859666665,126.87868246666666,17.45429643,13.974660873333333
314,0.8721873333333102,-11.093021074333334,12.954961776666666,-29.1918055,-1.2297852836666667,-1.9214416543333332,11.57229455,126.04837033333332,11.438837686666666,18.484314603333335
315,0.8749649999999747,-9.988766193333333,13.117526373333334,-29.080736799999993,-1.6544359326666667,0.580920279,11.069675128,129.1420949333333,16.40248234666667,15.872975983333333
316,0.8777426666666391,-8.883363407,13.228431066666666,-28.931811,-2.055083511,-1.3192840716666667,9.142476717666668,128.05655163333333,9.66560761,19.175408043333334
317,0.8805203333333035,-7.753377756333333,13.34888236,-28.795082100000002,-1.6710212230000003,-0.8366890946666667,9.271421749333333,131.47348533333331,11.560166993333333,17.2823836
318,0.8832980000000057,-6.619625965666667,13.447362263333332,-28.625211100000005,-1.0456507206666668,-0.079656268,10.709116778999999,130.80873870000002,8.725364209,20.941513696666664
319,0.8860756666666703,-5.483511209333334,13.513641040000001,-28.470298800000005,-1.089514335,-0.8466912506666667,9.060582320666667,131.6278432,5.420744816666667,18.235659283333334
320,0.8888533333333347,-4.287581483666667,13.597190856666666,-28.2982483,-2.409535527333333,-0.15399271766666667,11.069008034666666,138.1543376,7.745360215333332,20.71581586
321,0.8916309999999991,-3.111141373666667,13.657816249999998,-28.122001633333337,-2.468185286,0.242306272,11.625938099666667,135.7734731,5.318213860333333,20.69514974
322,0.8944086666666635,-1.9200942119999997,13.70500628,-27.951098133333335,-0.9612029393333333,-1.478727559,10.801460744000002,137.52996826666669,4.205385526,20.127475103333335
323,0.897186333333328,-0.6892185213333333,13.744000753333333,-27.77477263333333,-2.0700361333333333,-0.3076543613333333,10.493342400000001,142.25094603333335,3.5186092060000003,20.464118323333334
324,0.8999639999999923,0.5090497730000001,13.748987833333333,-27.60167946666667,-1.5273118613333334,-1.0938888193333334,10.350200653666668,138.32903036666667,0.09088569900000006,20.1569767
325,0.9027416666666568,1.738637606,13.736448289999998,-27.426930733333332,-0.6773726146666667,-1.1434328553333333,9.514279207333333,142.1221415,-1.837417443666667,20.238037426666665
326,0.9055193333333214,2.9849291690000004,13.712215103333335,-27.257965066666667,-1.662790589,-0.21934186399999991,11.959498246999999,144.25977073333334,-2.6260019143333335,19.550302823333332
327,0.9082969999999856,4.189649224666667,13.646676063333333,-27.08094276666667,-1.8117351133333333,-1.1654906473333335,11.053880530666667,139.1152903,-7.2323349320000005,20.898714066666667
328,0.91107466666665,5.4013214110000005,13.55401993,-26.92517343333333,-0.39617576699999996,-1.766109864,9.988156000666665,140.52266440000002,-10.070263265,18.976631799999996
329,0.9138523333333145,6.6080683879999995,13.456817626666664,-26.75871786666667,-2.979089101333333,-0.8424460193333334,12.182846544999999,139.68101503333332,-10.311045169000002,20.417388283333334
330,0.9166299999999789,7.775944233333333,13.348930039999999,-26.605613699999992,-0.7293008266666666,-1.2811401683333334,10.682433766333332,135.42282103333332,-11.055020649,19.172012966666667
331,0.9194076666666433,8.938754559666668,13.17293644,-26.456708266666663,-1.0332455883333334,-2.0064389306666666,9.961765924333333,134.9645386,-19.118951163333332,20.114527066666668
332,0.9221853333333078,10.076902070333334,13.005556106666665,-26.312749233333335,-1.6192473173333333,-0.9967234906666667,10.193862119333334,132.18005116666666,-17.49817848,19.599491436666668
333,0.9249629999999721,11.179803528999999,12.825791996666666,-26.173049933333335,-2.00872759,-1.4957821766666666,12.867383003333332,128.14105986666667,-18.94768969,19.801360766666665
334,0.9277406666666366,12.264243762666666,12.62307644,-26.053456600000004,-1.6583739916666669,-2.1386972666666666,12.105857530666666,126.47620136666666,-21.4362367,18.45475038
335,0.9305183333333389,13.305408156666667,12.411100069999998,-25.915830000000003,-1.5492227273333334,-2.1396168473333335,11.336981139333334,120.88976796666667,-21.985905966666667,21.050952913333333
336,0.9332960000000033,14.286987943333335,12.187255223333333,-25.827568066666668,-2.1100099086666666,-1.439074218,12.0035065,115.06093595333334,-24.149422963333333,16.12738514
337,0.9360736666666677,15.24252923,11.998385113333335,-25.690719599999994,-2.7593590813333333,-2.1922837893333336,10.353538351,110.72855629666667,-18.560037613333332,20.94777362
338,0.9388513333333321,16.15135542333333,11.763418513333335,-25.620119700000004,-0.7563165426666667,-1.6878107386666665,11.990854583333332,106.85257467666666,-25.439170200000003,15.465865773333334
339,0.9416289999999966,17.02560552,11.516568183333334,-25.522916166666665,-2.030368964,-2.7940026916666665,11.761075336666666,102.04548390666666,-25.864461263333336,18.957973796666668
340,0.944406666666661,17.855738323333334,11.308958373333335,-25.461135866666666,-2.483042319666666,-1.118151426,10.278872488666666,97.69720204333333,-22.185700736666664,14.11865616
341,0.9471843333333253,18.64376704,11.077852566666666,-25.385210666666676,-2.009360969,-1.6947770516666665,10.610699492666667,92.29674275,-24.220675786666664,16.713814420000002
342,0.9499619999999896,19.361607866666663,10.859624546333334,-25.339513133333337,-0.7377855776666666,-2.7403585909999997,11.739218712000001,84.62302652999999,-23.64971288,13.307753883333334
343,0.9527396666666542,20.042400360000002,10.637305262333335,-25.29997253333333,-3.165906786666667,-1.6579642296666666,13.361366590000001,80.3286616,-24.225095749999998,12.910624824000001
344,0.9555173333333187,20.69058164333333,10.477267266333333,-25.2477595,-2.7856552003333337,-2.2947065036666667,10.912776628333333,76.17649714,-16.46982066,12.094090780000002
345,0.9582949999999831,21.298206966666665,10.277474401000001,-25.222587566666675,-1.0346895256666666,-2.238139669,8.479115170000002,71.90939331,-21.96192741333333,10.968747137666666
346,0.9610726666666475,21.846569696666666,10.092806815666666,-25.19579566666667,-1.5664354956666668,-2.3347093263333334,12.063839273333334,64.75491968666667,-20.03576056,10.728250501333333
347,0.9638503333333119,22.336953480000002,9.937277792333333,-25.181111666666666,-2.8524634639999995,-1.9664071796666664,11.904321033333334,58.11296335666666,-17.279194829999998,8.268805026333332
348,0.9666279999999764,22.80906486666667,9.805785498,-25.14212546666666,-2.9414425289999997,-2.152014375,11.082844734333333,55.39346949333333,-13.364579834333334,9.924184480666668
349,0.9694056666666407,23.22088877666667,9.673391025666668,-25.119954433333334,-0.49800121799999997,-1.8147784869999999,9.774389266333332,48.55122375666667,-14.236314615,8.228097438666667
350,0.9721833333333053,23.57920329,9.512029013000001,-25.11343636666666,-1.8505742546666664,-2.5514675776666667,11.578418095666668,42.38234583333334,-17.995283126666667,8.120390097
351,0.9749609999999697,23.89883041,9.40858809,-25.087727899999994,-2.556419871666667,-1.7168950636666669,12.14680036,37.458299636666666,-10.783947149999998,7.3933700306666665
352,0.977738666666672,24.189438503333335,9.309156736666665,-25.054829933333338,-2.736669699,-1.310737888,10.962018169666669,33.77543576666667,-9.841965358000001,8.10912156
353,0.9805163333333363,24.442363736666664,9.199604353,-25.03446956666667,-0.6364237866666667,-1.7846895456666667,9.629115103666667,29.542922336666663,-11.646912812000002,7.2234224896666674
354,0.9832940000000008,24.640433633333334,9.113325435666667,-25.015200299999993,-2.476662715333333,-2.0531665086666666,11.477792738666666,22.93455473666667,-8.997424443666667,6.059613824
355,0.9860716666666653,24.82496198,8.996865589666667,-24.997098300000005,-1.5040853619999999,-1.291524132,11.691422144333332,21.410450303333334,-12.448588051333331,7.466975845666667
356,0.9888493333333296,24.979466753333337,8.961255869333334,-24.964970899999994,-2.946356296333333,-0.912973672,11.500948269666665,17.472967468666667,-2.8184293510000002,4.882758379
357,0.991626999999994,25.123854956666666,8.876346905666667,-24.935201000000003,-1.0397034883333334,-1.8070468106666666,10.438355285,16.379342714,-8.388785997666666,7.186812716666666
358,0.9944046666666585,25.23147837333333,8.825556596333334,-24.922223399999993,-2.7514640463333335,-0.8810080886666666,10.878911972333333,12.196763194666667,-5.3684842989999995,3.6662810456666666
359,0.9971823333333228,25.31820297333333,8.758192539,-24.887997933333327,-0.5145072343333333,-2.029363155,9.241669020333333,9.392250694666666,-6.2225100200000005,6.818152427666667
360,0.9999599999999873,25.39635722,8.706253846666666,-24.887313833333334,-3.541917999666667,-0.126966341,12.469237962,8.903457144666667,-6.159596602000001,2.347647903666667
361,1.0027376666666517,25.454533893333334,8.672110557666668,-24.84102883333334,-0.565210819,-2.201907396333333,10.137154577666665,5.757316945333333,-1.9825379053333334,6.424043021666667
362,1.0055153333333162,25.513157526666664,8.636657715,-24.84402976666666,-3.7327075003333334,0.010627796333333365,11.547648746666667,6.635236723666666,-4.540226181333334,1.1736481986666665
363,1.0082929999999806,25.550104776666668,8.581481139,-24.80005136666667,0.421273788,-0.9875465433333334,11.953521411333332,3.2313224473333335,-4.349546035333333,7.249685290333335
364,1.011070666666645,25.56816228,8.575694402000002,-24.8151601,-4.339127709666666,-0.6343404600000001,9.093322117666666,2.0040665470000003,-1.9648299213333333,-1.6666286786666662
365,1.0138483333333093,25.594647723333335,8.499543349,-24.776456200000002,0.7286149660000003,-1.788851718,11.462907792333333,2.054902752333333,-6.864171981666666,7.7676547356666665
366,1.0166259999999736,25.589154559999997,8.509921709666665,-24.793248500000008,-3.7447855669999996,0.35645499066666675,10.582726481,-0.752396822,-0.3489553926666666,-2.733683586
367,1.0194036666666382,25.60925483666667,8.480133533333332,-24.7423986,-0.4099270900000002,-1.9345767496666666,10.449946722,1.0438657103333333,-1.2014657233333335,6.664892971
368,1.0221813333333027,25.613616306666668,8.471491655000001,-24.76557919999999,-3.5790774026666665,0.36652507366666676,12.873069763333334,0.5800686576666667,-2.731758391,-2.3646938006666667
369,1.024959000000005,25.621027626666663,8.494709491666667,-24.695551566666662,-0.7022443613333332,-1.6359884740000001,9.516187189999998,-0.8278649859999999,5.531420032333334,5.954217155333333
370,1.0277366666666694,25.63452085,8.48833402,-24.719782533333333,-3.337852478333333,0.2174066303333333,11.580243110333333,1.7185572383333334,-2.5769458213333336,-2.637024164
371,1.0305143333333338,25.647886276666668,8.510620117333334,-24.65972903333333,-0.8650146123333333,-1.1378359993333333,9.791470207000001,0.0334523416666667,4.936747948333333,4.916823466666667
372,1.0332919999999983,25.66913477333333,8.55288887,-24.650919599999998,-3.362011075,0.19487069033333335,9.095104217666666,2.0880082,4.357702732,-1.6415863036666665
373,1.0360696666666627,25.695397693333334,8.552734375,-24.62344106666666,-0.565854609,-0.7799170810000001,11.848176635666668,2.1392158466666666,0.8495686846666667,2.5962505339999997
374,1.038847333333327,25.715307873333334,8.617420673333333,-24.59058890000001,-2.3890855710000003,-0.39090921466666667,9.928693770666667,1.499828776,8.015321729999998,-0.22503427666666695
375,1.0416249999999916,25.75339698666666,8.633189201,-24.577939333333337,-1.7823447786666666,-0.25913684566666667,11.972896258333334,3.8450254200000002,1.807037294,0.19515466666666706
376,1.044402666666656,25.772712073333334,8.672538598333334,-24.541305566666676,-1.382124742,-1.1024344166666664,13.075462343333333,1.329831481,5.483816385,1.4966398876666667
377,1.0471803333333203,25.790903729999997,8.741106192,-24.5299352,-2.8844304083333334,-0.35456217333333334,9.949464320666666,1.4980613043333333,7.435979525333334,-2.7021947699999997
378,1.0499579999999848,25.823239646666668,8.753429412666668,-24.492986033333327,-2.225822886,-1.1244170966666667,11.887371062666668,2.839790612333333,2.6010529200000003,2.9302263259999997
379,1.0527356666666494,25.831084566666664,8.830317338333332,-24.492215500000004,-0.7217670480000001,-0.6562796829999998,9.948567389666666,0.4818507533333334,7.775693098999999,-4.260770559333333
380,1.0555133333333135,25.84807904666667,8.854917526666666,-24.459673533333333,-2.8224050999999997,-1.0534008543333335,10.533183413333333,1.032322208,3.7213346959999996,1.8299242656666668
381,1.058290999999978,25.863146463333333,8.894333839666666,-24.474260999999995,-0.754793902,0.42985081666666664,11.30491861,1.6819588776666665,2.921162486,-3.9190848666666667
382,1.0610686666666427,25.884693143333333,8.941543261333335,-24.434005733333333,-2.2120931943333333,-1.022651911,11.001626649333332,1.4198909100000001,6.568023363666666,1.4525149266666666
383,1.0638463333333068,25.885435103333332,8.961221218,-24.453740433333326,-1.0215586423333332,-0.19599098966666664,13.229874293333333,0.05369649866666689,0.5196147363333333,-3.438873673333333
384,1.0666239999999714,25.88145764666667,9.008485317333333,-24.42868549999999,-2.418198834,-1.3045716583333336,9.154721259666667,-1.355949446333333,5.78832698,-0.1767043023333333
385,1.0694016666666737,25.887584686666667,9.046585242,-24.429389966666673,-1.9355512856666666,-0.74262471,10.465699513333334,0.34125832733333333,3.4862210749999996,-2.396070659333333
386,1.072179333333338,25.87306277,9.054931958333334,-24.42841846666667,-1.2413045563333334,-0.4535862156666666,10.487618763999999,-2.164014379333333,0.34767057500000004,-0.6863719623333332
387,1.0749570000000026,25.862883883333335,9.114573319666667,-24.4259491,-2.6300463083333336,-0.6221138113333333,9.022998810666666,-1.6891606849999998,5.980740388000001,-3.1841056743333334
388,1.077734666666667,25.87237358333333,9.10082372,-24.428586300000003,-1.5847906270000003,-0.5313512883333333,11.457083542000001,0.8078004520000001,-2.226965546666667,0.10038215066666667
389,1.0805123333333313,25.851086300000002,9.154736678666668,-24.43385823333334,-0.9659286936666668,-0.43599991000000005,10.593200998666665,-2.8741310436666665,4.958007097333333,-3.713885148333333
390,1.0832899999999956,25.828229266666664,9.164071243,-24.424634333333334,-2.709781329,-0.7022060853333333,12.420008656666667,-3.332420627,0.8887286983333333,0.1459584633333332
391,1.0860676666666602,25.80796051,9.173755009999999,-24.44601946666667,-0.7623371353333334,-0.148636984,9.457667192,-2.40548866,-0.6592206953333334,-3.1059950986666665
392,1.0888453333333246,25.791065216666667,9.195021945999999,-24.435249300000006,-2.789797167333333,-0.7318419450000001,10.443353652333334,-2.667444944333333,2.2652590276666666,-0.320741137
393,1.091622999999989,25.766174953333334,9.167579650333332,-24.463795966666666,-0.4258625106666667,-0.46858437866666663,12.176467576666667,-2.805838585,-5.042546431333333,-1.920414606666667
394,1.0944006666666535,25.737450283333335,9.198156039666666,-24.463666266666664,-3.0734611353333334,-0.7373226783333333,9.840114434,-3.885628104333333,2.7247698110000003,-1.946302175666667
395,1.0971783333333176,25.71492259,9.183621883999999,-24.465441400000003,-1.4635730583333333,-0.676717788,10.579465706666667,-3.0587325093333333,-2.2686868309999997,0.2372987646666668
396,1.0999559999999822,25.6700503,9.190216063,-24.487370833333333,-1.2011646823333333,-0.561774661,11.471419653333333,-5.375702460666666,-1.0117924113333332,-3.0490373969999998
397,1.1027336666666467,25.630647660000005,9.201389154,-24.479352300000002,-3.129685004666667,-0.6270703076666666,11.866566343333332,-5.285933018000001,1.0251201786666666,-0.04442381866666686
398,1.105511333333311,25.602396646666666,9.190073968333332,-24.503906266666664,-1.2619720696666665,-0.391873316,12.266065277666668,-3.2918005783333335,-3.0783059200000005,-2.3629948300000003
399,1.1082889999999754,25.561042153333332,9.194167136666666,-24.502052299999992,-1.4652751883333333,-0.38704549000000005,9.257042567333334,-5.414653062666666,-0.051890055000000025,-0.341062188
400,1.11106666666664,25.517780939999998,9.2007974,-24.51677703333334,-2.559912125,-0.039187148000000005,9.640178999333333,-5.317541042999999,-0.6293802263333332,-2.2756663956666667
401,1.1138443333333043,25.469453813333335,9.183506964666666,-24.522120166666657,-1.6582732399999998,-0.8314491313333333,11.155875206666666,-6.084029992333334,-2.742768128666667,0.005490183999999972
402,1.1166220000000067,25.426095326666665,9.221366247666667,-24.522318533333333,-2.1352721453333334,-0.3912417043333334,9.924771943333333,-5.604949474333334,3.5100427073333336,-2.293426275333333
403,1.119399666666671,25.389230729999998,9.197092850333334,-24.530499766666665,-1.8009426590000002,-0.2694313213333333,12.04442342,-4.660907785,-3.640214026,0.05991164833333329
404,1.1221773333333356,25.331799189999998,9.240164438666667,-24.537022899999997,-2.0209832586666665,-0.32978004199999994,9.405738830333332,-7.164463997000001,3.7537878353333336,-3.2326190073333336
405,1.124955,25.29019037666667,9.239257493,-24.529385900000005,-2.3713909883333333,-0.6538061893333332,10.382968265666666,-5.543509404000001,-0.30298224333333335,0.5440378586666668
406,1.1277326666666643,25.232036589999996,9.263103486333334,-24.547846500000002,-0.8337469556666667,0.15104546133333333,12.740850766666668,-7.005545139,1.0764683929999999,-3.4869003299999997
407,1.1305103333333288,25.174993516666664,9.296902339,-24.538528433333337,-3.451549132666667,-1.113396267,10.068538347666667,-7.445375919333333,3.5572070283333335,-1.0470290183333335
408,1.1332879999999934,25.124007543333335,9.294163069,-24.561777733333333,-1.4124826593333335,0.052424092999999984,11.286577859666666,-6.050723274666667,-2.063516994,-2.6802478433333334
409,1.1360656666666575,25.056790036666666,9.330315272666667,-24.562202466666665,-1.3032324053333333,-0.05882955566666668,8.710849603666666,-8.479354699333333,3.324715137666667,-2.206252505333333
410,1.138843333333322,25.00586954666667,9.352802596,-24.575284299999996,-2.663190643,-0.46393316500000004,11.369351387333333,-6.243307272999999,1.1898237866666668,-2.8939900003333334
411,1.1416209999999867,24.948574703333332,9.354684511333332,-24.589070633333325,-1.1899865266666667,0.14926242366666673,12.219230013333336,-6.998219013333333,-1.077970782666667,-1.8885205980000002
412,1.1443986666666508,24.88538742333333,9.389313697,-24.599347433333335,-1.6044263143333335,-0.5574930480000001,8.665557542,-7.771717547000001,2.6404518086666666,-3.2466638883333334
413,1.1471763333333154,24.847689309999996,9.378853480000002,-24.625200933333332,-2.171316742666667,-0.07919101899999999,11.939727466666668,-4.427608649000001,-3.0121659439999995,-2.5690655113333336
414,1.1499539999999797,24.779049553333333,9.417499223666667,-24.632138566666658,-1.966962238,-0.14539583533333333,12.32898585,-8.469056606333334,3.2630785306666668,-3.025613308
415,1.152731666666644,24.726924896666663,9.418865520666666,-24.6606089,-2.2456179853333333,-0.7964736423333333,9.628193218666667,-6.108755747333333,-1.8512773513333336,-3.454198837333333
416,1.1555093333333086,24.69083976666667,9.414286295333333,-24.69500476666666,-1.4927198089999998,0.28938034566666665,11.409599306666669,-4.045956214333333,-2.7994908493333335,-3.821319739333333
417,1.158286999999973,24.633165356666666,9.451903025,-24.706387833333338,-2.198302587,0.1674865083333333,10.322631201666667,-7.089986483333334,2.9487577676666663,-3.419235865333333
418,1.1610646666666373,24.60010274,9.446866670333334,-24.744316100000002,-1.9264367816666665,-0.24966571733333334,9.06808726,-3.6141771476666666,-3.0293870173333333,-4.217093706
419,1.1638423333333396,24.565703076666665,9.437084197333332,-24.7807668,-1.6590890683333333,0.264750863,11.891469636666665,-3.814121802666666,-3.448666413666667,-3.745484114
420,1.1666200000000042,24.535901386666666,9.474332810666667,-24.792053233333334,-1.9912787376666667,0.11638992033333333,8.871024767666666,-3.725138108,2.894506772333333,-3.455428679666667
421,1.1693976666666686,24.51595942333333,9.454522132666666,-24.836934399999993,-2.2933239936666667,0.15363029633333333,11.35279433,-1.9092212716666666,-4.961093823333333,-4.1707151730000005
422,1.172175333333333,24.48300743333333,9.456919353666667,-24.86283113333334,-1.5546467106666668,-0.42448398466666665,11.374581656666665,-3.849153757,-1.5753096739999999,-3.197766622
423,1.1749529999999975,24.46960258333333,9.487222672,-24.881004333333333,-2.2662945986666667,-0.024186481999999992,9.421803474333332,-1.622584939,1.8183161666666667,-3.774598956
424,1.1777306666666616,24.45618629333333,9.473715465666666,-24.913266466666666,-2.806106647,0.3628463046666666,11.59486135,-1.3895978726666665,-3.6138357323333334,-3.0936830043333337
425,1.1805083333333262,24.431136449999997,9.481330235,-24.936055500000005,-1.3334903123333335,-0.690492878,11.313680012,-2.935621897333333,-0.8850998876666667,-3.148100316666666
426,1.1832859999999907,24.41879908333333,9.517304422,-24.94953406666666,-2.7526786326666666,0.34236885266666667,9.986454009333334,-1.6134747463333332,2.7099261680000004,-3.523293336333333
427,1.1860636666666549,24.4118646,9.513160704999999,-24.964686099999994,-2.152830124,-0.03337003766666665,8.907939593,-0.922509432,-1.7927702663333334,-1.7550831036666665
428,1.1888413333333194,24.393620173333332,9.532230377333333,-24.991358433333343,-1.8280174533333333,-0.025748471333333356,11.675737380000001,-2.044400034,0.18386745466666668,-4.175026466333333
429,1.191618999999984,24.386784236666667,9.571915944999999,-24.96988680000001,-2.2432902903333334,0.15070871233333336,10.349480311,-1.6390763716666665,4.796192884333333,0.03736258566666665
430,1.1943966666666483,24.374788286666668,9.593115807666667,-24.99339546666667,-2.2475306193333338,0.1879926883333333,9.924215633000001,-1.3484234016666672,0.5733280976666666,-3.9271063406666666
431,1.1971743333333127,24.36496861666667,9.612963995333333,-24.983718866666667,-1.8805846966666666,-0.47391592466666665,11.295479456666667,-1.7860123016666665,2.0588081976666666,-0.255617301
432,1.1999519999999773,24.346694946666663,9.677180292666668,-24.975809700000003,-2.108099063333333,0.39961310200000005,10.805319151333334,-2.686122278333333,6.780468463666666,-2.6915354629999997
433,1.2027296666666416,24.32638105,9.712272962,-24.970530199999995,-3.0022019943333333,-0.9071344136666667,9.983278275333333,-2.9610443113333336,3.508685082333333,-1.4927592076666667
434,1.205507333333306,24.315712610000002,9.750745138000001,-24.975245166666667,-1.6738880473333333,0.04739800366666667,10.932419458666667,-1.5287515520000001,3.3489973146666667,-2.7906112470000006
435,1.2082849999999705,24.279881163333332,9.834443409333334,-24.95504503333333,-2.218163808,0.08323152366666668,10.978696505333332,-5.117912133333333,9.549964746333334,-2.2744927403333333
436,1.2110626666666724,24.244409563333335,9.902571996333334,-24.953074166666667,-3.03088061,-1.1425981719999998,8.214375178,-4.660796602666666,6.914781412,-3.5655362606666667
437,1.2138403333333374,24.222090403333336,9.962946892,-24.965016699999996,-1.4956414846666668,0.7288109956666666,11.431477548333334,-2.8469241756666666,5.444258689666666,-4.5797059933333335
438,1.2166180000000015,24.163096746666668,10.081489882333335,-24.944206266666665,-2.6319589616666668,0.015726049333333336,10.710500399333334,-7.8637345640000005,13.341489473333333,-4.015672763333334
439,1.219395666666666,24.108023963333334,10.186476072,-24.954465233333327,-2.4812081653333333,-0.9029271506666666,9.311181547,-6.799954771333334,10.414388496333332,-6.576037565666667
440,1.2221733333333304,24.045077006666663,10.282315572333333,-24.9655787,-2.259269635,0.16858631333333332,12.031722068666667,-7.6847594983333325,9.341467063000001,-6.296799898333333
441,1.2249509999999948,23.938714346666668,10.444245974666666,-24.9582596,-2.304349541666667,-0.38693648566666666,11.429320973333333,-13.304528713666668,17.51592477,-7.410201708333333
442,1.2277286666666594,23.826991399999997,10.601162273333331,-24.970965066666665,-2.9784229596666663,-1.103675028,10.089093207666666,-13.494436423000002,16.003141403333334,-9.364178656333335
443,1.2305063333333237,23.684588113333334,10.757932980666666,-24.986096733333326,-2.687451561,-0.6689758650000001,11.879566511,-17.160760563333334,15.926591238333335,-9.502120969333333
444,1.2332839999999883,23.49564107333333,10.987750369333334,-24.9903285,-2.4246383903333335,-1.124775529,10.32833036,-22.908809026666663,24.451900483333333,-11.87774849
445,1.2360616666666526,23.28652191,11.209966025,-25.00141146666667,-3.634282271,-1.2419306636666667,11.862213772333334,-25.263354936666662,23.387989043333334,-12.057918868333331
446,1.238839333333317,23.01213519,11.466811816666665,-25.01243846666667,-2.2515404223333335,-1.058044046,10.933231354,-33.029084206666674,27.230514526666667,-13.630660375666666
447,1.2416169999999813,22.681996029999997,11.782370886666667,-25.02486163333333,-2.718636016,-2.1472348770000003,8.370766163333334,-39.72532081333333,33.76600965,-16.300292333333335
448,1.2443946666666459,22.294126509999998,12.070088069999999,-25.035598766666663,-2.765942802,-1.6242972613333333,13.014324504,-46.63088035666667,30.852109273333337,-14.66894118
449,1.24717233333331,21.83691915,12.438633283333333,-25.051419600000006,-1.7162673073333334,-1.840749264,10.588797251333332,-54.836492539999995,39.74445406666667,-18.537386576666666
450,1.2499499999999746,21.3304952,12.797502200000002,-25.062385599999995,-3.7655751706666667,-1.5578760603333333,11.941530546333333,-60.83453115,39.023278553333334,-17.354828833333332
451,1.252727666666639,20.747900646666665,13.22459507,-25.070424400000004,-2.3071144816666664,-1.735633174666667,8.543212096,-70.09980265,46.94935608,-19.38870112
452,1.2555053333333037,20.084712343333337,13.63958295,-25.0891266,-2.330543398666667,-2.11967202,10.315465926,-79.42138417333334,45.34117635333333,-19.73325348
453,1.2582830000000058,19.366386413333334,14.071893693333331,-25.1122589,-1.2726677853333335,-1.7990219196666668,10.333610854,-85.92499541333332,47.40701802333333,-20.186974206666665
454,1.2610606666666702,18.57735316,14.531306903333332,-25.14386493333333,-2.807837198,-1.2839847306666667,10.301408765,-94.06379191333333,50.36595153666667,-21.777163186666666
455,1.2638383333333347,17.765474636666667,14.986258186666667,-25.170173666666667,-2.503186862,-1.1710605816666668,12.484802723000001,-96.99600473666668,50.39369201666667,-20.18304062
456,1.2666159999999989,16.876974103333335,15.509131116666666,-25.19186653333334,-2.7420833506666664,0.19448224733333333,7.946104606666665,-106.29257202999999,58.59156545,-21.36349297
457,1.2693936666666639,15.948102313333331,15.959094366666667,-25.24796553333333,-1.3576299746666667,-1.773244468,11.687867324333332,-109.98975627,49.45154953,-21.885488506666665
458,1.272171333333328,14.988227843333334,16.439548173333332,-25.292556766666674,-1.9478825726666666,-1.3256606856666666,10.424139659333333,-114.07221729999999,53.59848658000001,-20.654550553333333
459,1.2749489999999923,13.97285239,16.88567734,-25.3598887,-0.9975726106666668,0.15593977499999992,9.705414774,-119.87501776666666,49.353525796666666,-21.449175516666667
460,1.2777266666666565,12.962080003333334,17.328682580000002,-25.436202999999995,-2.135539849666667,-0.6803922753333334,9.989721299,-118.98693593333333,49.14561335333334,-21.280006410000002
461,1.2805043333333213,11.909068106333335,17.79368273333333,-25.506886766666664,-2.548303922,0.6188738,10.310157455333334,-124.1420212,52.22806040333333,-20.59637769
462,1.2832819999999856,10.811187742333333,18.191038133333333,-25.614026400000004,-0.8512147863333333,-0.6633083719999999,11.284486611,-128.16924033333333,43.768136340000005,-21.75263532
463,1.28605966666665,9.711245378333333,18.542396546666666,-25.72564696666667,-0.22082702299999998,-1.0753076873333336,7.544585545,-128.13165283333333,38.78671646,-20.738662716666667
464,1.2888373333333145,8.574252127666666,18.868188856666666,-25.877220166666664,-1.5009644823333332,0.22036324933333337,10.977424700666667,-130.98530576666667,35.37226295666667,-23.978753406666666
465,1.2916149999999789,7.409771283,19.17586135666667,-26.023440066666662,-2.821199178666667,-0.22887066000000003,11.428368568333333,-134.39170583333336,33.814716976666666,-22.402736026666663
466,1.2943926666666432,6.231852531666667,19.452311836666667,-26.201718633333332,-0.4368756016666666,-0.34075219933333334,10.736881254666669,-134.69850923333334,30.12404442,-24.81041145333333
467,1.2971703333333078,5.014829039666666,19.636259716666668,-26.396804833333345,-0.8465586453333332,0.14749519033333333,8.855057080666667,-138.63386283333332,19.372634648666665,-25.065739950000005
468,1.2999479999999723,3.7389892936666667,19.76620229,-26.62116243333333,0.10350207500000004,-1.4993895393333332,9.627222697333332,-144.47304789999998,13.160270163333331,-27.32915115333334
469,1.3027256666666365,2.454794725,19.83577474,-26.85529836666667,-1.1148497063333334,0.48663848666666665,12.284528416999999,-145.02454120000002,6.406156536666667,-28.045010883333333
470,1.3055033333333388,1.1333370603333333,19.916956583333334,-27.101290400000007,-2.0215203366666668,-0.08066116266666669,9.014914829,-149.03002419999999,8.419571875,-28.871176403333333
471,1.3082810000000034,-0.2080406400000001,19.84857305,-27.347503666666668,0.7923041383333334,-0.05074985066666667,13.622233551999999,-151.33752443333333,-9.048287749666667,-28.892212546666666
472,1.3110586666666677,-1.584214608,19.781034469999998,-27.6078339,-1.5726750293333334,-0.447328473,3.4559764466666665,-155.13301596666668,-8.206575076666665,-29.87705167
473,1.3138363333333323,-2.981793701666667,19.6082681,-27.865002933333333,0.5524578490000002,0.5445396653333333,17.36913617333333,-157.71600343333333,-20.179118434,-31.047396343333332
474,1.3166139999999966,-4.387268086333333,19.440983453333335,-28.118118266666666,-3.181883991,-0.40874524900000003,4.278118133333334,-159.00647990000002,-18.790836731,-30.395931243333337
475,1.319391666666661,-5.802534341666667,19.21353785333333,-28.351666766666664,-0.6118187209999999,1.1468770103333332,18.328635533333337,-160.77438356666667,-25.51013374333333,-30.193778993333336
476,1.3221693333333253,-7.208705900666668,18.916335423333333,-28.582445733333333,-1.4305597939999999,0.8597918946666668,3.296681901,-160.218043,-33.09583155,-30.244563423333332
477,1.3249469999999899,-8.632187047666667,18.6122551,-28.806897466666673,-1.3931326666666666,0.6350596746666667,15.59340922,-162.35663856666667,-33.25146007666667,-31.724934896666667
478,1.327724666666654,-10.031619866,18.23185030333333,-29.008046499999995,-1.4799269733333331,0.6268888836666667,8.999652544666667,-160.75780233333333,-42.06793721333333,-29.946430843333335
479,1.3305023333333186,-11.429966926,17.880306243333333,-29.201395666666667,-2.203476747,1.5848766759999997,11.867817877333332,-160.74972026666669,-37.97386869,-30.98008600666667
480,1.3332799999999831,-12.782742500666666,17.452596663333335,-29.36795806666666,-0.7307372290000002,1.1314175526666668,10.030710540666666,-156.7091929,-46.90121078666667,-29.392010369999998
481,1.3360576666666477,-14.131792703333334,17.063122113333336,-29.534108466666666,-3.2466158466666664,1.1989311776666667,9.635572909666667,-156.072759,-41.62588946,-30.645378746666665
482,1.3388353333333118,-15.431121823333333,16.579809506666667,-29.659891733333335,-1.1718091169999998,2.108157595,16.312915803333333,-151.85220846666667,-53.140399933333335,-29.14392789
483,1.3416129999999764,-16.718368213333335,16.167153356666667,-29.785947166666674,-2.6829071836666665,0.9420394449999999,9.094897746666666,-150.37807210000003,-44.14919534999999,-28.532177606666664
484,1.3443906666666408,-17.917337416666665,15.683430353333334,-29.887217200000006,-1.9095527330000002,2.176685691,11.992599803333334,-140.81826023333335,-52.649452206666666,-28.875905989999996
485,1.3471683333333055,-19.10172907666667,15.206974666666667,-29.956339499999995,-1.6905337273333334,2.185960591,12.542391776666667,-140.07551573333333,-52.31538518,-26.489899316666666
486,1.3499459999999697,-20.23552577,14.762495996666667,-30.039927166666672,-2.4986703793333334,1.4403663873333334,11.45379575,-133.7303696,-47.68349838333334,-27.47588094
487,1.352723666666672,-21.254526136666666,14.258676526666667,-30.07322186666667,-2.0758978923333333,3.522659619666667,11.713657060666668,-121.53991446666667,-55.761642456666664,-25.527420043333333
488,1.3555013333333363,-22.23623339,13.803969703333332,-30.10038246666667,-1.524574101,2.2649526796666666,11.333091736,-117.24227903666667,-50.262817383333335,-23.584713616666665
489,1.3582790000000007,-23.15306918,13.348339713333331,-30.123346966666663,-2.9302188556666664,2.595679521333333,11.300298370666667,-109.62272646666668,-50.03510284666667,-24.058417640000002
490,1.3610566666666655,-23.97874705,12.890974683333333,-30.114952066666664,-1.3825927773333333,2.7283406656666664,11.261816026666667,-99.66507213,-51.39049530333333,-21.226724623333332
491,1.3638343333333296,-24.74566523333333,12.447825433333334,-30.105387366666662,-2.5010513066666666,2.9289678733333333,8.927965323,-92.56418355,-49.59188461333334,-21.273747126666667
492,1.366611999999994,-25.42355600666667,12.044444403333335,-30.093839033333335,-2.2627282243333338,2.812714735666667,12.134644823333334,-82.02427037,-45.07028071,-19.49348259
493,1.3693896666666585,-26.01970672666667,11.62983449,-30.052065533333334,-3.034121195333333,2.316045205,11.492879866,-72.93413162,-47.65935389333333,-17.344851176666666
494,1.3721673333333229,-26.55473963333333,11.262738863000001,-30.032671600000004,-3.6510569253333336,3.0648349919999998,9.474871953,-65.09306844000001,-41.12101873,-17.69414838333333
495,1.3749449999999872,-27.01785151,10.900104842,-29.98738096666666,-2.5542422333333334,3.1752368609999997,13.492221513333334,-57.03111775666667,-41.945611320000005,-14.966947872
496,1.3777226666666518,-27.433460233333335,10.560228981666667,-29.95618689999999,-3.351395905,1.951786319666667,9.302038668,-50.992123920000004,-38.558557513333334,-15.678182603333333
497,1.3805003333333161,-27.765374503333334,10.256816227,-29.918304466666665,-2.4217740696666668,2.5848013163333334,14.82612419,-41.105803806666664,-35.01075045666666,-13.023397285666668
498,1.3832779999999805,-28.031641643333334,9.961838087,-29.87788643333334,-2.7788912453333334,2.168302417,9.743467330333333,-33.283599220000006,-34.11438115333333,-12.616517068333332
499,1.386055666666645,-28.22915903666667,9.709212621333334,-29.859148666666666,-2.169058183666667,2.1405678593333333,11.288138073333334,-24.51114129933333,-28.43256569,-12.548280557
500,1.3888333333333094,-28.377141953333332,9.461335183666668,-29.817713400000002,-3.1240260600000003,2.114522973666667,11.66586558,-19.096479892999998,-29.108259203333333,-10.059420266
501,1.3916109999999737,-28.48228518,9.271254856333334,-29.83193713333334,-3.0605646766666665,1.8578344583333335,8.732992172333335,-12.773885091000002,-19.906013807333334,-12.577567578
502,1.3943886666666383,-28.52007866,9.089140256999999,-29.797147099999993,-2.151120583,1.429196159,12.915670078333333,-5.722776413000001,-21.752035776666663,-7.1135522526666675
503,1.3971663333333026,-28.53467623333333,8.942739169666666,-29.829902633333333,-2.8545029163333333,2.107183536,10.006857871000001,-1.5792481103333327,-14.214195726666667,-12.078393301333334
504,1.399944000000005,-28.493886309999997,8.823402087,-29.823043833333333,-1.7823491093333335,0.9995596210000001,13.150077503333334,4.262221495333333,-13.527819393333333,-6.474490563333333
505,1.4027216666666693,-28.428234103333335,8.71505483,-29.855519599999997,-4.159826596333333,1.5851073863333334,7.276783625333334,8.006315350333333,-10.253253977,-9.843911488000002
506,1.4054993333333339,-28.31754494,8.658100446,-29.87535603333333,-0.45540289100000003,1.6875103316666664,11.660770733333335,13.171158949666669,-5.424506663333333,-5.700133303666667
507,1.4082769999999982,-28.222934086666665,8.601639588666666,-29.911959299999996,-4.354575554666667,0.106439044,10.854948043333332,11.545430662000001,-4.5704341736666665,-7.307669561666667
508,1.4110546666666626,-28.084961573333334,8.571293513,-29.951632200000006,-0.9569043516666667,0.742208938,12.264867145666665,16.829164503333335,-1.4994405110000002,-6.259532173000001
509,1.4138323333333271,-27.93675232,8.575384458,-29.990389499999992,-3.9285728933333335,1.2631567416666667,10.368135136333335,18.019320803333333,1.9306778116666667,-4.093907714
510,1.4166099999999917,-27.78674888666667,8.565355937,-30.046491000000003,-1.1028636693333334,-0.3101453313333334,9.664461454666666,18.581288653333335,1.5231166033333334,-6.808876454333333
511,1.4193876666666558,-27.617317196666665,8.582657814333333,-30.0742035,-2.671693762,0.5862637163333334,13.165021896666667,20.363332746666668,2.7007022299999996,-2.1777998210000002
512,1.4221653333333204,-27.481428779999998,8.598608653,-30.13131203333333,-1.9000962973333333,0.5079419116666667,11.181927996666666,16.91437308,4.306360085666667,-5.493670365333333
513,1.4249429999999847,-27.31072998,8.619485855,-30.16173553333333,-1.28317527,-0.4166344876666667,10.617268561,20.547491073333333,3.2272752919999994,-2.305000225666667
514,1.4277206666666495,-27.147404353333332,8.644983291333334,-30.20796456666667,-2.520617127,0.41018983733333325,12.176330884333334,20.0139637,4.697080453000001,-3.824881871666667
515,1.4304983333333137,-27.026076633333332,8.674747149333333,-30.242098499999997,-1.9814465046666667,-0.30806020399999995,11.276788869333332,14.707528750333333,4.376969695,-2.250057377
516,1.433275999999978,-26.89454142,8.702348709,-30.285774266666664,-1.8765706223333334,-0.24546412599999998,9.339346410333334,16.137957652666667,4.775211969666667,-3.4903514386666665
517,1.4360536666666424,-26.77594185,8.748723029999999,-30.3134537,-2.324441075333333,-0.16656007333333334,10.795166174666667,14.288694541,5.821395079666668,-0.7275253533333333
518,1.438831333333307,-26.72020976,8.771323204,-30.358538300000003,-1.6122670173333333,-0.815624277,12.395592053333333,7.081185538333333,4.292523622333333,-3.9297239386666667
519,1.4416089999999713,-26.656234740000002,8.813858668,-30.372212700000002,-1.8165955143333334,-1.2774936756666666,11.042869886666667,7.4788381243333335,4.666931946999999,0.5966496866666667
520,1.4443866666666736,-26.613004683333333,8.863565445,-30.426183100000003,-2.637727101333333,0.021421770000000007,10.645552317333333,5.750939369,7.634852568333334,-3.4060235023333334
521,1.447164333333338,-26.60996628,8.903841654333334,-30.436999033333333,-2.215992887666667,-1.0302675663333334,10.422668139333332,0.09476480399999983,4.290397405666667,0.7345822700000001
522,1.4499420000000025,-26.62489255333333,8.929043134333334,-30.469123866666667,-1.3306334016666665,-0.8248593706666667,10.818220775333335,-1.6074558893333333,3.8367817006666662,-2.414931347
523,1.4527196666666669,-26.66451390333333,8.968833287666667,-30.492184933333334,-2.0447633659999997,-0.44892303166666664,10.667961757999999,-4.786592562333333,4.883721470666667,-0.560823679
524,1.4554973333333312,-26.715657553333333,8.986070632666667,-30.514394133333337,-2.039636413333333,-0.5428120019999999,9.435664812666666,-6.176416555666666,2.4587876003333338,-1.7924501793333334
525,1.4582749999999958,-26.781098683333337,8.998831748999999,-30.528739933333327,-1.3174373903333334,-0.18342787000000005,10.501925468,-8.024095296,1.5211184519999998,-1.1009084980000001
526,1.4610526666666601,-26.86676533666667,9.029632886,-30.5584564,-2.4633768003333336,-0.012939421999999997,11.793749171333333,-10.175832115666667,4.319507916666667,-1.8427694443333333
527,1.4638303333333245,-26.964466729999998,9.058439890666667,-30.58099873333333,-1.8080004453333336,0.10058221199999999,10.380697888,-11.766541799,3.683054189,-1.0707646606666668
528,1.466607999999989,-27.066065469999998,9.057479540333333,-30.59567006666666,-1.9519939556666666,-0.306622872,8.806029795999999,-12.384650389,0.11743330933333329,-1.9806339193333333
529,1.4693856666666534,-27.180992126666666,9.071649233666667,-30.62161,-1.5597089330000002,-0.6240618973333333,10.621335348,-13.762548446666669,2.302092592,-2.218308391666667
530,1.4721633333333177,-27.315164566666667,9.098178227666667,-30.642145800000005,-2.090176830666667,0.25985908533333335,11.367004711666667,-16.165110273333333,3.376939376333333,-1.0768311816666667
531,1.4749409999999823,-27.44969749666667,9.122459093000002,-30.682294200000005,-2.4296925863333336,-0.7475809353333333,8.803263504666667,-15.846751531,4.163578192666667,-3.149539867666667
532,1.4777186666666466,-27.570556006666667,9.144153595,-30.70097096666667,-2.2318028213333334,0.094446396,10.082167625,-14.621045110000003,2.7673585016666666,-1.126877151666667
533,1.480496333333311,-27.718243283333333,9.179952303333332,-30.739402766666668,-1.8613674443333335,0.350770523,13.007857960333332,-17.427866296666668,5.30282259,-2.317696165
534,1.4832739999999756,-27.87032381666667,9.213971139333333,-30.77568053333334,-2.355363965,-1.0563645313333334,8.550575414999999,-18.03893248,5.040075937666667,-2.2376348723333335
535,1.48605166666664,-27.983659743333334,9.229919433333334,-30.810106933333334,-2.2581133843333334,0.45827331666666665,8.462032794666667,-13.408259706666668,2.9895828713333334,-2.9763743086666667
536,1.4888293333333043,-28.121784846666667,9.254143396666665,-30.831013966666664,-1.148071185,0.6152476966666667,11.998504957,-16.62193012,3.1558962066666667,-1.180692745
537,1.4916070000000066,-28.278763453333337,9.276570002666666,-30.874557499999998,-1.850229422333333,-0.5590252776666667,10.424771625333333,-18.451464336666668,4.189597686,-3.5305606523333335
538,1.4943846666666711,-28.3679231,9.296473821333334,-30.895072933333335,-2.1860521536666666,0.16507177566666673,9.590391795666667,-10.771935144666665,2.699279507,-1.3738409083333334
539,1.4971623333333355,-28.482083,9.292899451333334,-30.90836076666667,-1.7673944033333335,0.8502750196666667,11.976560592666667,-13.87133598,-0.2591261466666667,-1.8494121133333337
540,1.4999399999999998,-28.614994049999996,9.300969123666667,-30.928352333333333,-0.8664697806666668,-0.855380813,10.698362987333335,-16.01640955666667,1.4182989600000002,-1.9839810130000002
541,1.5027176666666644,-28.696507773333334,9.304966291,-30.949528999999995,-3.2129579383333335,0.3369634943333333,9.849081039333333,-9.831383706666665,0.9997364283333333,-2.2363531986666665
542,1.5054953333333287,-28.79866345666667,9.277571997333332,-30.935732499999997,-1.7956715423333334,0.25330001966666665,10.555735269,-12.960912386666665,-4.237410307,-0.5236063799999999
543,1.5082729999999935,-28.896803536666667,9.268715857333333,-30.9513982,-0.7183641990000001,-0.43279985400000004,10.811712742,-11.94211324,-0.6661409933333333,-2.3954734006666665
544,1.5110506666666577,-28.965364456666666,9.269792874666665,-30.957305933333327,-3.691467126333334,0.5561880473333333,9.271790346666666,-8.578100363666666,-0.0949605506666666,-0.9428173103333334
545,1.513828333333322,-29.04083061333333,9.222468693666665,-30.93923696666667,-1.0930610523333333,0.19856215200000002,11.183508869999999,-9.868504523333334,-6.6633693376666665,-1.098962029
546,1.5166059999999864,-29.11171595,9.226548514333333,-30.951423633333334,-1.7586066523333332,-0.24737500666666667,11.838891666666667,-8.727159023,0.5991041433333333,-1.4349778493333336
547,1.519383666666651,-29.16702207333333,9.210730869999999,-30.951876299999995,-2.4235225516666667,0.5911174116666666,9.65644757,-7.126405715666667,-2.283726851,-1.1923469303333334
548,1.5221613333333153,-29.21104812333333,9.160443306,-30.93164316666667,-2.3007885616666663,0.07935617766666667,12.72742685,-6.113695939333333,-6.987073103666667,-1.2263756593333333
549,1.5249389999999796,-29.264364876666665,9.178476651666669,-30.942248033333332,-0.8884521003333333,-0.30876000200000003,9.936720849666665,-6.698989391333334,1.8316269516666666,-0.22835510933333344
550,1.5277166666666442,-29.302599586666663,9.134631475666666,-30.93462373333333,-3.2386752766666667,0.19631716599999996,8.592266083,-5.1970641613333335,-5.551753679666667,-2.203080415666667
551,1.5304943333333085,-29.327923456666667,9.114911080666667,-30.913192733333332,-1.5461089013333333,-0.4864268683333333,12.526788076666667,-3.9224104879999993,-3.9598242839999997,0.8196043173333333
552,1.5332719999999729,-29.387849806666665,9.119320869666668,-30.93149563333333,-2.1737570863333335,-0.047203687333333334,7.963158925666666,-7.297576904333333,0.9780070083333333,-2.0228669443333334
553,1.5360496666666374,-29.401210149999997,9.090664229,-30.9050395,-2.260426899,-0.15395145866666668,10.638052619666666,-2.6034438410000003,-5.190370877666666,0.8279887496666668
554,1.5388273333333398,-29.435203553333334,9.084676108333333,-30.913411466666663,-1.933095455,0.09203644666666667,11.269828796,-4.371180534333333,-0.6841818293333333,-1.6293982663333335
555,1.541605000000004,-29.47215589,9.084903718333335,-30.900355033333327,-2.5839197200000004,-0.53182341,8.936369736666666,-5.167202472666667,-1.4091500636666667,1.1885433223333333
556,1.5443826666666685,-29.482221600000003,9.066089312666668,-30.895746833333344,-1.1616803310000001,0.43601496766666664,12.573434513333334,-1.7753610213333335,-2.786444823,-1.0349474053333332
557,1.547160333333333,-29.52245712333333,9.075770060333333,-30.897186266666665,-2.817833662,-0.5402995943333334,9.563865979666668,-5.298432668,0.41029729433333334,0.277777811
558,1.5499379999999974,-29.528844196666668,9.063412348666667,-30.88528443333334,-1.6355419506666664,-0.306788514,11.877738633333335,-1.439763248,-2.5166883070000003,0.04721558100000004
559,1.5527156666666617,-29.552602766666666,9.065515517666666,-30.884465533333337,-1.783594171,0.18479005566666665,10.332472483666667,-3.3851045766666665,-0.5238455336666666,0.08880871533333334
560,1.5554933333333263,-29.563454306666667,9.07366562,-30.8864619,-2.1988153456666666,-0.47542399933333335,9.199208578999999,-1.7497084936666667,0.4044231523333333,-0.11262150600000005
561,1.5582709999999906,-29.559746423333333,9.063324928666667,-30.882499699999993,-2.292595784,0.4932761193333333,12.501335463333334,-0.12684168933333329,-2.0289847453333336,-0.3039428393333334
562,1.561048666666655,-29.577468236666665,9.088034629666666,-30.884630799999996,-1.663109963,-0.6543035976666667,8.656588078333334,-2.574670235333333,2.1626740100000004,0.8210430143333335
563,1.5638263333333196,-29.560438789999996,9.081275620333331,-30.8890813,-2.0989298473333333,0.49981188233333335,11.842978476666667,1.6347817776666667,-1.1481836366666667,-0.9733879166666667
564,1.566603999999984,-29.55607605333334,9.102030435,-30.889729799999998,-1.970837608,-0.7369949196666665,8.572170415,0.04904280099999999,1.6808314720000002,0.709642331
565,1.5693816666666482,-29.54348564,9.098414420666666,-30.894660966666663,-2.0567409593333337,0.022000241999999993,13.696731253333333,1.1476287446666664,-0.7629968326666665,-0.8831959566666668
566,1.5721593333333128,-29.53208097,9.112688700000001,-30.884775833333325,-1.329194193,-0.290980657,8.425664265666667,0.6879385509999998,0.39796813333333353,1.407446742
567,1.5749369999999774,-29.517831166666667,9.103507996333335,-30.887769066666667,-1.8703995943333334,-0.602016499,11.532906213333334,1.3130797146666666,-1.452745676,-1.014938434
568,1.5777146666666415,-29.49445660666667,9.107176463333333,-30.873242700000002,-1.7251690576666665,-0.2230433723333333,11.032892544666666,2.049108803333333,-0.9788392979999999,1.2558317780000001
569,1.580492333333306,-29.498425803333333,9.087814012333334,-30.855461133333325,-2.201078623666667,-0.9639865953333334,12.135739645333333,-1.2644468543333334,-3.730764983666667,0.5337282419999999
570,1.5832699999999704,-29.471239726666667,9.080533027666666,-30.83705136666667,-0.7364462236666668,-0.25545042700000004,8.248908520999999,2.4215317966666667,-2.3597032226666665,1.0200828166666667
571,1.5860476666666727,-29.473667143333333,9.061587016666667,-30.815183,-2.9758414626666663,-0.7393738876666668,10.535656452,-1.168244131,-3.9587065383333333,1.0370820349999998
572,1.5888253333333375,-29.463197706666666,9.046429952999999,-30.793294266666667,-1.2782089859999999,-0.637443587,12.664630253333334,0.3465946513333334,-3.4044820469999997,0.916221286
573,1.5916030000000017,-29.47872988333333,9.038259187,-30.761586499999996,-2.796797951,-0.4753273983333333,10.380558648333333,-2.9420512119999995,-3.390812486666667,2.6775498789999994
574,1.594380666666666,-29.458410896666667,9.017529805666667,-30.73648069999999,-0.5802521706666667,-0.43049750233333334,7.028447627666668,1.474645515,-4.148887157333333,0.866589308
575,1.5971583333333303,-29.46027692,9.010428746666667,-30.715423600000005,-3.460475603666667,-0.21372116600000002,13.053751152666669,-1.1091263293333333,-2.669285059,1.6750430213333332
576,1.599935999999995,-29.47762235,8.992226282666666,-30.682546,-1.8204120003333333,-1.1184111036666666,10.634526250333334,-3.186709920666667,-4.381729444666667,1.8797348846666668
577,1.6027136666666593,-29.47622807666666,8.986227989333335,-30.661336233333333,-1.745826602,0.8577025533333332,13.123315177999999,-0.730091353,-2.564920107666667,1.7663235466666667
578,1.6054913333333236,-29.476579670000003,8.973700205333332,-30.630546566666666,-2.223208864666667,-1.2058646083333333,5.844439904000001,-1.0967119930000002,-3.634216224333333,1.9551516573333334
579,1.6082689999999882,-29.480182010000004,8.946448326,-30.60981493333334,-1.826678117,-0.25198028499999997,15.704632439999997,-1.3065608343333333,-4.740341582666666,0.41846833133333344
580,1.6110466666666525,-29.501253766666668,8.948674519999999,-30.581181833333332,-2.715188106,-0.7660461069999999,9.598208109,-3.550692334666667,-1.9773763816666665,2.627978166
581,1.6138243333333169,-29.50963656,8.909847577333332,-30.550610866666663,-0.6865450443333333,-0.34372195866666666,13.251537006333335,-2.058402896,-6.531617800333334,0.748366932
582,1.6166019999999814,-29.505917866666664,8.896579106666666,-30.523183200000002,-2.9405093986666664,-0.7504960596666667,6.924609500666667,-0.5699126816666668,-3.539490064,1.6260343096666665
583,1.6193796666666458,-29.544951123333334,8.867199897666667,-30.497413633333327,-1.6048003433333333,-0.565219303,13.858038586666666,-5.631648381333332,-5.253112634333333,0.7709544500000001
584,1.6221573333333101,-29.554821016666665,8.852341015999999,-30.472791033333326,-2.171921174,-1.181060294,9.996218205333333,-2.157628019666667,-3.54907012,1.2550121743333333
585,1.6249349999999747,-29.5834109,8.836742083333334,-30.45065816666666,-1.9872570833333336,-0.013338009333333336,13.249230383333334,-4.320161779666667,-3.6359070740000003,1.2585854526666667
586,1.627712666666639,-29.588552476666667,8.814337094666666,-30.420621233333335,-2.392363906,-0.5246369543333333,6.837039470666666,-1.6982235910000003,-4.649044693666667,1.3706905396666667
587,1.6304903333333034,-29.610804240000004,8.818168640000001,-30.41492716666667,-1.8134155669999998,-0.445839779,11.407201609,-3.248777389666667,-0.6258284503333332,0.6634257536666667
588,1.6332680000000057,-29.62581507333333,8.803163210666666,-30.3859965,-2.6790242193333333,-0.6964011886666667,10.295540811,-2.863595008666667,-3.8257633453333333,1.714488983
589,1.6360456666666703,-29.641314186666666,8.815927505666666,-30.38969423333333,-1.8473638196666666,0.25093908866666664,14.057797746666665,-2.2700446446666667,0.8412481940000002,0.23569364333333342
590,1.6388233333333346,-29.644505183333333,8.825632731333334,-30.366015133333335,-2.689976136,-0.7995537620000001,6.225684166,-1.341229677,-0.9242171096666668,2.6264326573333334
591,1.641600999999999,-29.639080046666663,8.841211319,-30.378028866666668,-1.4348087806666667,-0.47641252466666667,11.142040573333333,0.372939229,1.6016881466666666,-0.4355871356666667
592,1.6443786666666635,-29.62902577666667,8.850581169,-30.36367796666667,-2.8473491669999995,-0.08023917199999998,11.757928211,0.42646424000000005,-0.4112962089999999,1.6681014103333334
593,1.647156333333328,-29.63305346333333,8.878184954,-30.371243833333335,-2.357993762,-0.9845357143333334,11.097706156000001,-0.8233910003333333,2.632712521333333,0.6527148883333332
594,1.6499339999999922,-29.592166263333336,8.892263412333334,-30.364061999999993,-1.1874073493333333,-0.22957997666666663,10.157051404666667,4.266008218333333,0.5215234766666667,1.203676934
595,1.6527116666666568,-29.578816096666667,8.929237047666666,-30.378229766666667,-3.067689379333333,-0.29996637499999995,7.591026465333333,1.3844625653333331,3.998224894,0.5141034813333333
596,1.6554893333333214,-29.556307473333334,8.938381513000001,-30.372594200000005,-1.1013675926666666,-1.349843959,14.602316856666667,2.0919659933333334,0.0716258699999998,0.7983274659999999
597,1.6582669999999855,-29.527757010000002,8.984326362333334,-30.389058433333332,-3.1674817303333334,-0.42854161033333343,8.313464959666668,3.245614250666667,5.053377309666667,0.822921455
598,1.66104466666665,-29.49785232333333,9.000397046333333,-30.376520799999998,-0.690719756,-0.513127784,13.534846943333335,2.845869978,0.3881203326666667,1.923206379
599,1.6638223333333144,-29.45233281333333,9.030891100666667,-30.38970693333333,-3.2219976186666663,-1.1099650263333334,5.611721197666665,5.209611733666667,3.254276155000001,0.24387746066666663
600,1.6665999999999788,-29.43768692,9.091330528333332,-30.394358299999997,-1.1690464616666665,-0.8881494800000002,13.951793036666666,1.3549377519999999,6.052447595666667,2.7088675896666667
601,1.6693776666666433,-29.39937528,9.113146463999998,-30.401926699999994,-2.9840223589999995,-0.6613788829999999,7.630766392000001,4.236321250666667,2.0366735076666664,0.28878347099999996
602,1.6721553333333077,-29.365016936666667,9.197331427333332,-30.4190165,-1.7253400483333332,-1.0280061813333334,14.353776616666666,3.966219286333333,9.276443163666666,2.7577609419999995
603,1.674932999999972,-29.334958396666668,9.239589055333333,-30.421437600000004,-3.3507407506666667,-0.7171139566666667,4.595186789666666,3.1446256836666664,3.869563738666667,2.0607423683333335
604,1.6777106666666366,-29.302003226666667,9.333792368666666,-30.458086633333327,-0.6472173086666667,-0.39427934133333337,11.648434960000001,4.181139866333333,11.444808644,1.3100617723333332
605,1.680488333333339,-29.2747008,9.409136772,-30.468180333333336,-4.198614915333334,-1.309238394,11.183426065333334,2.943028887,7.754114003000001,3.285602391
606,1.6832660000000033,-29.257496516666667,9.524605749666668,-30.509188366666663,-1.8032720883333333,-0.43812393999999993,10.751571337333333,2.4054888486666663,13.922994175333335,2.070813812
607,1.6860436666666676,-29.20641326666667,9.614057224,-30.519337966666665,-2.0110690593333334,-0.004547809666666662,11.181324639333335,5.800460022,9.261254190666666,4.101194858666666
608,1.6888213333333322,-29.180203753333334,9.736325263666666,-30.55977123333334,-3.1182808876666663,-1.6065344410000002,5.099757154,3.504268010666667,14.613889017,2.4848298976666667
609,1.6915989999999965,-29.134294506666667,9.841252327,-30.5755005,-1.4180942376666665,-0.20875086233333331,16.609969456666665,5.298434098666665,11.188945134999999,4.4634784860000005
610,1.6943766666666609,-29.100571950000003,9.986982026666666,-30.619606000000005,-3.190180778333333,-0.4544498223333333,6.653150081666666,4.502105315666666,17.285842893666665,3.464694201666667
611,1.6971543333333254,-29.041648866666666,10.116212846666667,-30.6270955,-1.0461229483333332,-0.9995788036666666,14.846196493333332,6.714192549333333,13.311072669,6.619906266666667
612,1.6999319999999898,-28.96901703,10.243724505000001,-30.658803333333328,-3.0906859633333332,-0.10403928200000001,5.345901330333334,8.916377066999999,14.666604676666665,3.693036179
613,1.7027096666666541,-28.91274642666667,10.404253958666667,-30.6721929,-1.638967924,-0.7269872823333333,13.716574033333336,6.554317632666667,16.97728220666667,7.720141093
614,1.7054873333333187,-28.807782489999997,10.535402936666665,-30.691902166666665,-2.5224178233333334,-0.2600236436666667,9.061904590666666,12.535150525666666,14.370549042666665,5.126742681
615,1.708264999999983,-28.710372923333335,10.73168405,-30.716743499999996,-2.5228087903333334,-0.26111550133333333,12.394040105666667,11.776212056333334,21.432266236333334,8.487359525
616,1.7110426666666474,-28.561006546666665,10.873790739999999,-30.715662666666663,-1.9512076976666666,0.09186312800000002,8.514335789999999,17.395364126666667,14.373341915,7.852758091333334
617,1.713820333333312,-28.40422630333333,11.094450313333335,-30.743283566666673,-3.0661831696666666,-0.177231483,7.467388631000001,18.99856186,24.25830682333333,9.399530729
618,1.7165979999999763,-28.197244010000002,11.288225493333334,-30.743944799999998,-1.849368969333333,0.46835410600000005,12.780996643333333,24.349649749999998,19.96793715433333,10.497110047
619,1.7193756666666407,-27.977509816666668,11.52538236,-30.76433056666666,-3.048775593333333,0.05065461000000001,10.597058614333333,26.399896623333333,25.694376626666667,10.912993271
620,1.7221533333333054,-27.682868956666667,11.781549453333334,-30.7670212,-2.154915929,0.514841929,8.682563306333334,34.92492739666667,26.77115504,13.616171200000002
621,1.7249309999999696,-27.340437570000002,12.043094000000002,-30.77707416666666,-2.6512834826666665,0.98930342,7.383612315,40.891200383333334,27.89536031,13.007493654666666
622,1.7277086666666719,-26.944790519999998,12.359369913333333,-30.777552266666664,-2.679789463666667,0.06446819,10.045401733,47.01865387,33.26590983,16.704606053333332
623,1.7304863333333362,-26.500687916666664,12.676776249999998,-30.786193866666675,-2.0365829493333334,1.0093110723333334,12.063453199000001,53.07903671333333,34.04000536666667,15.661826453333333
624,1.7332640000000008,-25.977664313333335,13.033083596666666,-30.77626546666667,-2.4113677343333335,1.2045868636666668,5.922878980666667,62.03449249333334,37.30210431333334,19.370141346666667
625,1.7360416666666654,-25.376283009999998,13.428437553333334,-30.79259743333333,-3.4727791946666664,0.7255798873333333,7.6198291776666665,72.21100362333334,43.192438763333335,18.062576293333333
626,1.7388193333333295,-24.718613943333335,13.840343156666668,-30.769170133333333,-2.155882448,0.867615829,11.285051982,77.78477605,43.12952804666667,22.802349089999996
627,1.741596999999994,-24.01846949333334,14.317871096666666,-30.78785196666667,-3.3059898713333333,1.6445728143333334,9.449998853333334,84.19499462333333,52.7399292,20.65511576333333
628,1.7443746666666584,-23.21189053666667,14.78385194,-30.76222486666667,-2.6980654596666667,0.014785707,12.173794427333334,95.52453105666666,49.572546640000006,24.558406833333333
629,1.7471523333333228,-22.363655723333334,15.318252883333335,-30.759096766666662,-4.409440865333333,2.217545588666667,6.074007908666666,101.35596722000001,58.667882283333334,23.991556803333335
630,1.7499299999999873,-21.458463033333334,15.869929950000001,-30.729220033333334,-1.9011929833333336,-0.20924576133333336,15.447135926666666,107.14754992999998,59.72569910666667,27.342316946666667
631,1.7527076666666517,-20.49282074,16.437519706666667,-30.695803333333334,-3.6999316216666664,1.308310608,7.457775912333333,114.43034616666667,61.85801823666666,26.840745926666667
632,1.755485333333316,-19.46807162,17.07501284,-30.661498999999996,-2.656058073,0.44478642966666665,14.505152383333334,121.25539143333333,70.18460083333333,29.233217236666665
633,1.7582629999999806,-18.383888563333333,17.65609932,-30.58546193333333,-2.770792564,0.401883483,7.274496555333333,127.03264109999999,62.74281565333334,29.94490623333333
634,1.761040666666645,-17.25949573666667,18.344296773333337,-30.526273066666665,-2.931767225333333,0.47313949200000005,11.169426282333333,132.10419973333333,76.10257466666667,31.272978466666668
635,1.7638183333333093,-16.07974052333333,18.969348906666667,-30.4253006,-2.1742153959999997,-0.2410974406666667,10.505652428333333,137.32211306666667,68.08616384,31.86920484
636,1.7665959999999739,-14.849906286666666,19.670107523333332,-30.3191401,-2.986999869,0.9028144976666668,9.303607147666666,142.70415243333332,77.49630356,33.51603380666667
637,1.7693736666666382,-13.587073962,20.30694008,-30.18177543333333,-1.5267808436666668,-0.36093644299999994,14.072899816666668,145.53123983333333,69.71303304,33.38429197
638,1.7721513333333025,-12.261363346666668,20.98101743333333,-30.028391533333334,-3.087582429333333,-0.25863777633333335,4.538608153666667,151.90342713333334,74.66004053666667,34.50996208
639,1.7749290000000049,-10.901679672999999,21.627307256666665,-29.84570566666666,-2.1311601996666667,0.2707067329999999,16.08577887,154.83522033333335,71.24106216333332,35.38698896
640,1.7777066666666694,-9.523353734666665,22.256680806666665,-29.650352466666664,-2.054909984,-1.2267603280000001,5.716313203333333,156.0284118666667,70.18621826333333,34.44126637666667
641,1.7804843333333338,-8.098758698,22.88345082666667,-29.414276133333342,-1.4107659060000002,-0.5565012943333333,16.402593293333332,159.6478068,69.57859802333333,37.421451569999995
642,1.7832619999999981,-6.661818105666666,23.43157641,-29.19256843333333,-2.5339099866666666,-0.3198487956666667,4.693357785666667,161.3867594333333,61.74227015,32.683077493333336
643,1.7860396666666627,-5.189276178666667,23.999013899999998,-28.915954600000006,-1.2109802166666668,-1.980940362,13.429303169333332,162.9202169,63.79128392333333,37.3312219
644,1.788817333333327,-3.7346843973333335,24.466513316666667,-28.66014096666666,-1.6823260883333333,-1.0540589393333333,12.037284213333335,161.4431254,53.32366561999999,32.51717058666667
645,1.7915949999999914,-2.27664423,24.95279503,-28.36428070000001,-1.2742390833333335,-1.54995807,10.592418035,159.71736653333332,55.74717076666667,35.359900790000005
646,1.794372666666656,-0.8300601243333331,25.31639671666667,-28.096623766666657,-0.7081141073333335,-1.6738769613333335,12.752053263333332,159.45935566666665,42.29707463333333,30.681188583333334
647,1.7971503333333203,0.5959770529999999,25.674179080000002,-27.798728933333333,-2.2605530816666666,-1.9959732293333332,7.023000399,155.32706196666666,42.01643626,32.52193641666667
648,1.7999279999999847,1.9777826863333334,25.952850976666667,-27.5307363,-0.012278601666666722,-2.5448755823333333,16.41562684666667,151.3489787,33.498146373333334,28.56074778333333
649,1.8027056666666492,3.3230813840000004,26.152606963333337,-27.24823763333333,-0.48784393033333334,-3.298918406333333,7.6722955693333335,146.0893809,24.47572676333333,29.69163195333333
650,1.8054833333333136,4.609298626666667,26.31188901333333,-27.003929133333333,-0.9925294716666668,-2.170280854,15.439649263333331,140.94817859999998,20.270004034,25.355158489999997
651,1.808260999999978,5.846210877333334,26.391197203333334,-26.745203633333333,-1.231120666,-3.080840905666667,9.228109598666666,134.18648276666667,11.189200320666666,27.01091893666667
652,1.8110386666666425,6.994581063666666,26.465308506666663,-26.526006066666664,-1.5094080763333333,-2.5212911763333334,11.247352122333334,125.62269593333333,10.884488304333333,22.671997706666662
653,1.8138163333333068,8.087817031666667,26.398906073333336,-26.309748299999995,0.44387904800000005,-4.042013645,13.696785926666669,119.14286298000002,-5.609162647000001,24.10386721
654,1.8165939999999712,9.091872056,26.34461721,-26.134826666666658,-2.743329101,-3.100776434,13.874049188333332,110.68364462,-4.240011853333333,19.611653013333335
655,1.8193716666666735,10.023502987333334,26.234832126666664,-25.944992100000004,-1.3020333446666665,-3.6387533346666667,11.01238823,101.19257100333334,-10.266969043666668,22.14814631333333
656,1.822149333333338,10.901917457333333,26.104401269999997,-25.801150000000003,-1.901705702,-2.810070912,8.336973031333333,97.32894135,-13.221611104333332,17.95397567666667
657,1.8249270000000024,11.687667213333333,25.93967374,-25.649673500000002,-1.4909437496666669,-3.600599289,14.653062186,85.79423779000001,-16.839757283333334,19.624943416666667
658,1.8277046666666668,12.377140683333336,25.768194836666666,-25.524139433333335,-3.3592573703333333,-3.2523301443333335,12.994783400000001,75.71889114333334,-17.92586931,17.132198016666667
659,1.8304823333333313,13.016908646666666,25.601876573333332,-25.40842436666667,-0.32981864599999994,-3.393405914,10.414846419000002,70.25349044666666,-17.349191663333333,16.230543453333333
660,1.8332599999999957,13.58667056,25.396153130000002,-25.311836233333324,-2.3587359586666667,-3.3786814216666663,9.872477054666666,62.89789454,-22.26497777333333,15.547473903333334
661,1.83603766666666,14.084742866666666,25.22595596333333,-25.21358236666666,-2.9622154233333333,-2.7552860576666665,12.869365852,54.25972111666666,-17.85639317633333,14.794162433333334
662,1.8388153333333246,14.52121703,25.078484216666666,-25.12906646666666,-2.0860925316666665,-2.8523008819999998,11.892162323333332,47.61150042333333,-15.535515783333333,12.884764511999999
663,1.841592999999989,14.888230003333334,24.916023886666665,-25.053779633333335,-2.8458275,-2.7200765610000004,10.473659035999999,39.73806826333333,-17.357050896666667,12.526414555666667
664,1.8443706666666533,15.206737203333333,24.767680486666666,-24.982943233333334,-2.618578752,-2.9807194866666666,11.555892627333334,34.21757888666667,-15.799379032,11.677733897000001
665,1.8471483333333178,15.464318593333333,24.64567947333333,-24.926717133333337,-2.0508538486666663,-3.2373692989999996,12.238461813666666,27.623469990999997,-13.074026108333333,9.412700175333335
666,1.8499259999999822,15.664467173333334,24.515251796666664,-24.85518646666667,-3.41645205,-2.6998639103333333,9.041689713,19.972425939333334,-13.580241837333332,11.379522799999998
667,1.8527036666666465,15.83814176,24.434177396666666,-24.81375376666666,-1.9080991196666668,-2.0135583083333333,13.643707272666667,18.348161539666666,-8.704158145333334,6.621270815666667
668,1.8554813333333111,15.964694023333331,24.32228406,-24.74831643333333,-3.32651485,-3.2439723016666666,10.847048442666667,11.503104369333334,-11.540411729666667,10.256914296333333
669,1.8582589999999755,16.052153906666668,24.281427383333334,-24.70287576666667,-2.541833162333333,-2.205507383,7.254829964,7.810752471333333,-3.9245770760000007,5.749513626333333
670,1.8610366666666398,16.12476476,24.20062446333333,-24.645680733333336,-1.4721789356666666,-2.091046055,15.884284973333331,5.459840139000001,-8.150288103666666,8.399342538
671,1.8638143333333044,16.156486826666665,24.181051253333333,-24.594065333333337,-3.1258006493333332,-1.981362442,2.371315161333333,0.8150277236666664,-1.2697918233333332,5.713405132333333
672,1.8665920000000067,16.178694726666667,24.169027966666665,-24.53622436666667,-1.6150785286666665,-1.5685318113333333,16.81437556,-0.6155823866666669,-0.190732479333333,6.163455485999999
673,1.869369666666671,16.20419216333333,24.152831393333333,-24.485036200000007,-3.542882780333333,-1.8517589966666668,6.734458685,0.13201665866666681,-0.8704195413333332,5.631913503
674,1.8721473333333354,16.203476906666666,24.209995269999997,-24.41286976666667,-2.327999254,-1.23061047,13.957695643333333,-4.089116732,8.20950087,5.310382286666667
675,1.874925,16.197042146666668,24.20063654333333,-24.37088776666667,-2.4865791,-1.2340470753333332,9.486074527333333,-3.227381110333333,-0.3673601926666675,4.476809978666666
676,1.8777026666666643,16.182788213333335,24.30017471666667,-24.289588933333334,-3.593047499666666,-2.1634491283333332,6.775725046666666,-6.2246726353333335,13.380450884333333,4.822885354333333
677,1.8804803333333286,16.149854023333333,24.321430210000003,-24.254366566666675,-0.5077521603333333,-0.9760664996666666,14.9243447,-6.067739804666668,2.9530554603333328,2.742153886666667
678,1.8832579999999932,16.13964812,24.42235565,-24.178268433333333,-4.569308042333334,-1.7401924136666667,7.587893089666667,-5.532205979333334,13.405042307333334,4.332115014666667
679,1.8860356666666576,16.123505273333333,24.490997316666665,-24.123817433333326,-0.487668832,-0.7946561276666667,13.866280553333334,-5.010337949,9.000677825,3.1775623760000005
680,1.888813333333322,16.104073843333335,24.594018303333332,-24.066490200000004,-4.067010144666667,-1.4246016739999998,4.104912042666666,-5.672128836333333,13.037868261,2.205412209
681,1.8915909999999865,16.066541670000003,24.672228496666666,-24.013771066666674,-1.5284938913333335,-1.2455048363333334,16.535348256666666,-7.535341739666667,10.038174230666668,2.631982604333333
682,1.8943686666666508,16.03222529,24.777903873333333,-23.96625516666666,-2.7953035039999996,-1.7582033673333335,6.568145434333334,-7.001395545,13.081580163666667,1.2542738119999999
683,1.8971463333333152,16.00593662,24.851645786666666,-23.923685699999997,-1.7471017143333334,-0.7566189616666666,13.610552788666666,-5.7209651070000005,9.213787080666668,1.686364571333333
684,1.8999239999999797,15.988979656666666,24.94097010333333,-23.885368333333336,-2.129167467666667,-2.270368019333333,3.023818691666667,-4.456382354,10.909100372333333,0.7979092796666666
685,1.902701666666644,15.958074569999999,25.02579689,-23.85300953333333,-1.8418240546666667,-0.13550249,15.352805773333335,-5.7615559896666655,10.192606548999999,0.246272564
686,1.9054793333333084,15.933691023333333,25.114678066666666,-23.8260676,-2.590460022333333,-2.094300866333333,9.543949763666667,-4.735714197,10.486610254,-0.43551047633333323
687,1.908256999999973,15.915500956666667,25.19869995,-23.784670499999994,-2.3842653633333333,-0.3467376306666667,12.933002154333332,-4.717297474333333,10.354286193,1.227639119
688,1.9110346666666373,15.902581213333335,25.250882466666667,-23.78705086666666,-1.6144049960000002,-1.047087632,5.433139801,-1.859029929,5.387395421666667,-2.2842859030000002
689,1.9138123333333397,15.893212953333332,25.33243688,-23.75376386666667,-2.494468053333333,-1.799780806,13.701449076000001,-3.2781915663333336,9.825830776,0.43512618066666664
690,1.916590000000004,15.875668206666669,25.386751810000003,-23.747693399999992,-2.079335836333333,-0.4171106853333333,8.915266037,-2.8072778186666665,5.882446647000001,-1.438461254
691,1.9193676666666686,15.871210099999999,25.44755808666667,-23.729009000000005,-2.194068789333333,-1.9929106236666667,11.311645822333332,-1.9608763396666669,6.995300054333334,-0.42927304866666655
692,1.922145333333333,15.890349390000003,25.48937288666667,-23.721252433333333,-1.551967482,-0.3463054996666666,8.730015597,1.5016474526666668,4.494360011666667,-0.8516391516666667
693,1.9249229999999973,15.884268126666669,25.55508359,-23.69956206666667,-3.457418898666667,-1.2704567313333333,10.303224881666667,-2.2999538183333335,7.659896334999999,-0.27044791966666665
694,1.9277006666666618,15.888071693333332,25.56036949,-23.71120963333333,-0.5755492783333334,-1.6289592186666664,11.531149228666669,0.6697910623333332,-0.30542802833333366,-1.657770415
695,1.9304783333333262,15.904409726666666,25.63317871,-23.688323999999994,-4.0965718429999995,-1.2038108706666666,10.261541365666666,0.3123571869999999,8.502322988666666,-0.3872744736666667
696,1.9332559999999905,15.896018343333333,25.634677883333335,-23.691329933333332,-1.0317048726666667,-0.8543314140000001,10.779383181666667,-1.2214620113333332,-0.4758901583333334,-0.6269468863333333
697,1.936033666666655,15.911302886666666,25.69222068666667,-23.687589,-2.9172361493333328,-2.129166483666667,4.050947189333333,1.1652001243333332,6.17318885,-1.8923842110000002
698,1.9388113333333195,15.915081976666665,25.699082689999997,-23.69337466666667,-1.6487853926666667,-0.5029646556666666,16.509919166666666,0.36821321666666673,0.06406633033333368,-1.1083577476666668
699,1.9415889999999838,15.900780043333334,25.742425283333333,-23.6909129,-3.031296670333333,-1.900180022,6.246582190000001,-2.2764867546666663,4.507525604666667,-1.5230140833333332
700,1.9443666666666484,15.91988055,25.755804060000003,-23.694976799999996,-1.0887041986666666,-0.9154415056666666,14.451672870000001,2.088614463666667,0.8542814256666665,-1.1726370256666667
701,1.9471443333333127,15.929741223333332,25.785030363333334,-23.7028478,-3.1553277373333337,-1.413045108333333,5.316216568000001,1.1574046610000002,2.5650861259999997,-2.1138315996666663
702,1.949921999999977,15.90499528,25.806191126666665,-23.703742966666667,-1.577753027,-1.4728384216666666,15.188914933333335,-3.329953114333333,1.8553160033333331,-1.1090025506666665
703,1.9526996666666416,15.905213673333334,25.79883639,-23.733083099999998,-2.4072312119999997,-1.3819547196666668,8.462506772666666,1.145041843,-2.2904465996666667,-3.114623069666667
704,1.955477333333306,15.90847842,25.841688156666667,-23.72381846666666,-2.7816154550000003,-0.54980883,14.438847860000001,-0.527042806,4.657838107333333,-0.805012723
705,1.9582549999999703,15.905258179999999,25.830354053333334,-23.746658333333333,-2.367102027,-1.6679454246666667,4.615363200666667,0.4380760986666667,-2.542849621333333,-2.2677990196666666
706,1.9610326666666726,15.922825493333335,25.87452507333333,-23.749328633333334,-2.2673439976666665,-1.1685484843333334,11.469035151,1.7754038473333331,4.441432316333334,-2.123744686333333
707,1.9638103333333372,15.920494080000003,25.868696213333333,-23.772613533333338,-2.860249638666667,-0.29271958766666667,12.066360793333333,0.5656520126666666,-1.9321289849999996,-2.4845724503333333
708,1.9665880000000016,15.92205302,25.918074926666666,-23.77064006666666,-3.513368070333333,-1.4969110486666668,9.756190618,-0.3678503629999999,5.19294548,-1.8035326400000002
709,1.969365666666666,15.941692986666666,25.92185338666667,-23.796625766666665,-1.206470887,-1.0781107446666667,10.851985452333333,3.3434354563333333,-0.9006509779999998,-3.0790106853333334
710,1.9721433333333305,15.946930886666665,25.975621543333332,-23.797523466666664,-4.107058783333334,-1.4862471419999999,7.836489678666666,0.20966113833333336,5.619113920333334,-2.244840562333333
711,1.9749209999999948,15.945405006666666,25.993258793333336,-23.82836916666666,-1.302220533,-1.1159533263333332,15.33350245,1.0981334846666668,0.5652518263333338,-4.032150864666667
712,1.9776986666666592,15.952662466666666,26.050633746666666,-23.829500833333327,-3.870920638,-1.6808182796666664,8.441845258999999,0.46036031600000005,6.011217116999998,-2.3807964323333333
713,1.9804763333333237,15.956824939999999,26.068014143333333,-23.84956613333333,-1.2225295703333334,-0.547356536,13.186242423333333,1.1800906263333333,0.8437894969999999,-2.9317199093333333
714,1.983253999999988,15.961590766666665,26.12527783666667,-23.865348800000003,-3.7323243616666666,-1.5856463310000002,5.775677919333333,0.9602564843333333,5.578005789666668,-3.8763000963333334
715,1.9860316666666524,15.947416623333334,26.15697797,-23.8688914,-0.9924346606666665,-1.4264076546666666,13.203882219999999,-1.8806186020000002,2.9829407940000006,-1.691448768
716,1.988809333333317,15.941058156666665,26.207728066666665,-23.888654066666664,-3.5719207923333336,-1.0576227703333334,6.8678439456666664,-0.15522229666666668,4.711850723,-4.061790466333334
717,1.9915869999999813,15.945792833333334,26.26005363333333,-23.877688099999997,-1.325389445,-0.8398257889999999,14.892402013333331,-0.3851100106666667,5.8094540839999995,-0.8839131596666666
718,1.9943646666666457,15.933261553333333,26.306184133333332,-23.892133066666673,-3.505381782666667,-1.4590331313333333,3.1496389706666665,-1.1749808786666667,4.319108247,-3.351618607666667
719,1.9971423333333103,15.93813197,26.36108970666667,-23.88496906666666,-0.47868735566666665,-0.8009910979999999,13.949800490000001,-0.1960087043333333,5.981060842666667,-1.3841674726666664
720,1.9999199999999746,15.920647619999999,26.408383689999997,-23.897504166666675,-4.203712225,-1.0156703193333334,8.860006333333333,-1.8353328306666665,4.528716842333333,-3.163840612
721,2.002697666666639,15.911920230000002,26.455244063333335,-23.8815689,-1.414090509,-1.59202977,14.607076646666664,-2.3001370033333335,5.310227910666666,-0.2162650426666667
722,2.0054753333333033,15.904136976666669,26.510239283333334,-23.89765673333334,-3.094189743,-0.577962478,6.856461922,-0.47431180866666683,5.316508491,-3.7713935773333334
723,2.0082530000000056,15.88797442,26.552439370000002,-23.88355253333334,-1.955713152666667,-1.8830414216666667,11.473957381,-3.0963770546666667,4.737413405,-0.27013623699999983
724,2.01103066666667,15.867862699999998,26.604596456666666,-23.906232199999994,-3.5580451986666666,-0.57284377,11.18797779,-1.589000642,4.777627467666667,-4.3452589113333335
725,2.0138083333333348,15.835956256666668,26.64655939666667,-23.884925866666666,-2.3798756003333335,-1.6814904609999999,11.673853554999999,-5.408445994,4.904404896666667,0.4735133796666667
726,2.016585999999999,15.836029686666668,26.679380416666664,-23.90215813333333,-2.199077884333333,-0.23688004399999998,6.303064186,0.5568578246666668,2.7279246649999997,-3.1396053409999998
727,2.0193636666666634,15.809918086666665,26.72797203,-23.89446006666667,-2.6899906396666666,-1.5080205199999999,11.792617003666665,-3.995513757,5.271014113333333,-1.1581518253333334
728,2.022141333333328,15.775034586666669,26.75057474666667,-23.907534266666662,-2.873663087666667,-1.1973834036666666,10.753495216333334,-3.8335293133333335,1.6727124846666663,-2.35669747
729,2.024918999999992,15.74454435,26.799284616666668,-23.890210466666662,-1.732637008,-1.0472039183333335,11.880267143333334,-5.022302946666667,5.578951556,-0.16273147866666662
730,2.0276966666666567,15.73398622,26.81187439333333,-23.904464700000005,-2.0508312583333335,-0.479380588,6.707732359666667,-0.8830975693333333,0.47242049266666647,-2.166562835666667
731,2.0304743333333213,15.71187242,26.84134864666667,-23.895876533333333,-2.060675641,-1.728654226,11.003109136666668,-3.5681056976666667,3.084040244333334,-0.44019336000000003
732,2.0332519999999854,15.678749083333335,26.83924103,-23.909131366666667,-2.5381213823333333,-0.7052137156666666,11.249372802333333,-3.6008149086666665,-1.177277565,-1.5586733593333335
733,2.03602966666665,15.666333833333335,26.872380576666668,-23.889180499999995,-2.396020372666667,-0.676949648,10.644235929666666,-3.0214383999999996,3.8359112739999994,0.6171154183333334
734,2.0388073333333145,15.650560696666666,26.854797996666665,-23.898691833333334,-1.9578204550000002,-1.1695603526666667,9.689861930666666,-1.7369227010000001,-2.853732587,-0.6915160669999999
735,2.0415849999999787,15.631095886666666,26.882184346666666,-23.89149983333333,-2.9963370956666666,-1.171897014,9.290905793000002,-3.1406809886666665,2.8180874186666665,-0.4957420426666667
736,2.0443626666666432,15.607436496666667,26.85867564,-23.893641133333336,-2.7484757503333337,-0.46760643533333335,14.271085736666668,-3.0922361216666663,-3.345624923333333,0.26097075133333336
737,2.047140333333308,15.605047226666665,26.87657674,-23.8841985,-2.8812621633333335,-1.319770952,7.096535046666666,-1.2276306153333334,1.7688422993333333,0.04892742633333332
738,2.049917999999972,15.617110253333331,26.862462996666665,-23.872675566666672,-1.7200530370000002,-0.25492975599999995,12.721502939999999,0.4474380313333333,-1.8417789143333334,1.3519278563333332
739,2.0526956666666365,15.608786899999998,26.855395,-23.878189099999997,-2.5068196703333334,-1.2686367033333334,7.01631848,-1.1205373453333334,-1.5452429456666668,-0.6719340086666667
740,2.055473333333339,15.607708933333333,26.84989738333333,-23.86404673333333,-2.188862264333333,-0.9699068293333334,12.99135081,-1.2755632996666666,-0.7724651593333335,1.335726953
741,2.0582510000000034,15.623456636666667,26.83972740333333,-23.8598226,-2.5352791173333333,-0.19655067699999998,6.048436482666666,1.2778814633333333,-1.6021404266666668,0.454144716
742,2.0610286666666675,15.63285319,26.83477274666667,-23.843508400000005,-1.5222134590000003,-1.011276285,13.249794003333335,-0.171884338,-0.6677115756666668,1.5160341363333334
743,2.063806333333332,15.647662160000001,26.815298716666664,-23.842127499999993,-2.9529611269999996,-0.479925789,7.811877727666666,1.3015274506666665,-2.7776677210000003,0.46681093199999985
744,2.0665839999999966,15.662892026666668,26.820403416666664,-23.82531736666667,-2.3111952546666665,-0.11333788866666666,11.805055296666668,0.527666086,0.5284940003333333,1.2417824516666667
745,2.0693616666666608,15.69254589,26.793005626666666,-23.817179366666664,-3.3075998623333334,-1.0068222880000002,8.175789515,2.7276385626666664,-3.4961765803333336,1.4318356313333334
746,2.0721393333333253,15.711487453333334,26.79961077333333,-23.795283,-1.9210594096666667,-0.37705312166666666,13.121523857,0.6787004273333334,0.8514852526666669,1.698356231
747,2.07491699999999,15.73710664,26.762723286666667,-23.797663366666665,-3.292807261,-0.7910896739999999,9.284053166,2.8459764516666666,-4.873514334,0.682072883
748,2.077694666666654,15.780390103333332,26.76648966666667,-23.774024933333333,-2.3162455163333333,-0.7047230999999999,9.287344774333333,3.4884410703333337,0.5542915659999998,1.9606032969999998
749,2.0804723333333186,15.813712756666666,26.727076846666666,-23.778210933333337,-2.863002777,-0.808311979,11.104089417333334,3.8481163183333336,-5.236408553333334,0.5839362566666667
750,2.083249999999983,15.850676853333333,26.721126556666665,-23.749857566666666,-1.8693337043333333,-0.9565184516666667,10.442174277333333,2.4788562656666664,-0.40460364200000026,2.7531249523333337
751,2.0860276666666473,15.894453683333333,26.676329929999998,-23.755327866666672,-2.339673281,-0.027947863,11.905629476000001,5.1703488029999995,-5.893387635,0.6307975973333333
752,2.088805333333312,15.949239096666666,26.647714613333335,-23.744224533333323,-2.524059891666667,-1.2116233406666668,5.257782459333334,5.5562702816666665,-3.5216946213333333,1.7266769306666667
753,2.0915829999999764,16.008431116666667,26.610253016666665,-23.737213133333327,-2.110098660333333,-0.08468700433333336,13.889994936666668,6.3799301779999995,-4.658491613333333,1.7003371716666666
754,2.0943606666666406,16.06185786,26.581710816666668,-23.724527999999996,-2.955184216333333,-0.7651719253333334,8.419394811,5.301186561333334,-3.480415941,1.8966701626666669
755,2.097138333333305,16.128030776666666,26.54219691,-23.71224466666666,-2.260292152666667,0.01996955299999999,14.11349519,6.885162035333334,-4.7545189846666664,2.2873555023333334
756,2.0999159999999697,16.202182136666664,26.50051816,-23.707789133333332,-3.690247456333333,-0.746881172,6.151860078333333,8.277389685333334,-5.215442842000001,1.5242134036666668
757,2.102693666666672,16.273957569999997,26.460816063333336,-23.691457100000004,-2.1192461650000003,-0.7906902036666666,12.912784255666667,7.336528460333334,-4.649872243333333,2.713730494
758,2.105471333333336,16.355728783333333,26.41690445,-23.683919266666674,-3.3530096806666667,-0.911332786,9.344501654333333,9.045108795333334,-5.372218927,1.9519200723333334
759,2.1082490000000007,16.43660291,26.373828253333333,-23.6617813,-1.235734557,-0.12888856700000004,13.829243026666667,8.114654382,-4.831980412000001,3.4181900420000004
760,2.1110266666666653,16.53403472666667,26.31568654333333,-23.654614766666665,-3.353169163,-1.3298199176666665,6.796482722,10.928678194666668,-7.032534998,2.4198837676666662
761,2.1138043333333294,16.622994743333333,26.263199486666664,-23.641337066666665,-1.7117169696666668,-0.009513087666666665,10.491545041666667,9.534810383666667,-6.196076133666668,2.8230602739999995
762,2.116581999999994,16.716714856666666,26.19946479666667,-23.62555693333333,-2.9117726486666666,-0.41862817099999994,10.164235433333333,10.067894618333334,-7.3792665,3.5438365540000003
763,2.1193596666666585,16.803040823333337,26.146102903333333,-23.606508899999998,-1.567811986,-0.975710844,11.603447913333332,8.922775111,-6.107647360666667,3.4650213720000003
764,2.1221373333333227,16.91538556333333,26.072404223333333,-23.590001433333338,-2.9582656223333337,-0.03948657733333333,9.207835515000001,12.252285323333334,-8.485383191666665,3.9816606839999995
765,2.1249149999999872,17.010214486666666,26.019762673333332,-23.573669433333333,-2.841275731666667,-0.2566776373333334,10.193204400333334,10.123263677666667,-6.078301468666666,3.1977114676666667
766,2.127692666666652,17.11944135,25.948922476666667,-23.54894513333333,-2.7149084013333336,-1.037368958,10.250121115666667,11.424783388666667,-7.9003284769999995,4.751531442
767,2.130470333333316,17.221085866666666,25.885036466666673,-23.531196600000005,-3.073918898666667,-0.15241836499999997,11.724121093333332,10.850897152666667,-7.334826430666666,3.756392399333334
768,2.1332479999999805,17.337704340000002,25.81188583333333,-23.503809599999993,-2.007941603666667,-0.15047631133333333,9.879815102333334,12.187857309,-8.032327452333334,5.141038616333333
769,2.136025666666645,17.45123927,25.740997953333334,-23.48948413333333,-3.3569729726666666,-1.148531735,9.914647261333334,12.467829386666667,-8.234585525,3.691989595666667
770,2.138803333333309,17.565210976666666,25.651517233333333,-23.46877033333334,-1.7208074333333332,0.08146140100000003,10.189898492666666,12.222120923333334,-10.093129633333334,5.072299004666666
771,2.1415809999999738,17.68351618333333,25.577154793333335,-23.4431178,-3.202434977,-1.1864063143333334,10.522293092333333,12.488475166666666,-8.227217515666666,5.023012839333333
772,2.1443586666666383,17.792914706666668,25.480345406666668,-23.42855580000001,-1.31135275,-0.022056063000000032,9.917006492333334,11.968164442,-11.131394862,4.734369874666666
773,2.1471363333333406,17.905546186666665,25.39727529,-23.40500643333333,-3.0734422109999997,-1.309291005,9.212398368666667,11.884396872333333,-9.293264549,5.138558229
774,2.1499140000000048,17.992590586666665,25.309303283333332,-23.408304833333336,-2.774299274,0.07501153166666664,12.047617276666665,10.259353318666667,-10.683922290666667,2.627393288
775,2.1526916666666693,18.091617583333335,25.246471406666668,-23.37628173333334,-3.6890856426666665,-1.3942230543333334,8.315997123666667,9.820812065666665,-6.678713798333334,5.285943428666666
776,2.155469333333334,18.163556416666665,25.187818523333334,-23.384818999999993,-2.409001578666667,-0.013611768666666668,14.0060269,8.699941317666665,-7.512861331000001,1.0135638516666667
777,2.158246999999998,18.230044046666666,25.156574886666665,-23.368550600000003,-4.509488662,-1.679432114,6.402129490999999,6.7394436996666665,-3.566249688333333,2.507703145666666
778,2.1610246666666626,18.260407763333333,25.139720280000002,-23.39502713333333,-3.2166504860000003,-0.40119642,14.886837003333333,4.609973590333333,-3.3838158853333327,-2.394777457
779,2.163802333333327,18.278914133333334,25.153721493333332,-23.385121666666667,-4.023487409,-1.5798685153333334,6.943895975666667,1.2951322793333337,1.3692994920000003,0.17310078933333303
780,2.1665799999999913,18.26433309,25.203447343333334,-23.413319933333327,-2.452815215,-0.985159715,14.708793956666668,-0.7006367856666671,4.164612054,-5.078321775
781,2.169357666666656,18.213663736666664,25.25752131,-23.428309133333332,-4.5035341576666665,-1.6764887573333331,8.112027169666666,-5.719351292666666,5.112894693000001,-3.8590224593333335
782,2.1721353333333204,18.109247206666666,25.381071089999995,-23.473302200000003,-2.8889680306666663,-1.2557975449999998,12.443473816666668,-10.602552414333335,12.027018626666667,-9.526947657666666
783,2.1749129999999846,17.966104509999997,25.471413929999997,-23.51222226666667,-3.5832194486666666,-1.5791029136666666,11.395937761333334,-15.501260199666666,8.508551675333333,-7.616496524666668
784,2.177690666666649,17.75504049,25.661209106666664,-23.5683975,-3.392398238333333,-1.6374369063333332,9.377325536333332,-22.845976831666665,19.277064008,-13.038245836666666
785,2.1804683333333137,17.49992752,25.82528305,-23.622907033333338,-3.160415252,-2.811090032333334,12.992193223333336,-28.131991543,16.494859613,-11.825657051333335
786,2.183245999999978,17.145558036666667,25.99770737,-23.715222666666673,-2.9688586396666667,-2.062776764,6.112692038333333,-38.07548904333333,16.274824141,-16.05843544
787,2.1860236666666424,16.739979743333333,26.195665360000003,-23.804397599999998,-2.9126816643333338,-1.9057822226666667,14.199179013,-44.36211585666667,19.43610286666667,-16.3621699
788,2.188801333333307,16.254947663333336,26.372214633333332,-23.93018593333333,-2.595612744333333,-2.3898593983333334,8.334154286666665,-51.91891288666667,16.013974188333332,-19.29393005
789,2.191578999999971,15.667131426666666,26.535557426666667,-24.06053416666666,-1.1986709633333332,-2.2546149393333335,11.796013829333333,-63.96086501999999,14.508525690666666,-19.402356466666667
790,2.1943566666666734,14.995740573333334,26.648171743333336,-24.238731366666666,-2.5597294173333336,-2.087632556666667,12.757948876666665,-71.36274337333334,7.544698876666668,-22.530621210000003
791,2.197134333333338,14.244551659999999,26.795061746666665,-24.415222166666677,-1.9389668306666668,-3.227658351,8.245232602333333,-81.04696402666666,11.842218560000001,-23.513666153333332
792,2.1999120000000025,13.365969656666666,26.864067716666668,-24.63258616666666,-2.1371509433333333,-2.9637688796666666,12.674967766666667,-94.03648629999999,2.0885697976666666,-25.31315549333333
793,2.2026896666666667,12.386933006333331,26.86482366,-24.896232600000005,-1.255059934,-2.762318690666667,12.084933597666668,-103.65391795000001,-6.603382586666666,-28.397113163333334
794,2.2054673333333312,11.311860719,26.842182793333333,-25.168708766666665,-2.6123987036666665,-2.4094631276666667,11.523423832666666,-114.66730499,-9.017104547,-28.84689331
795,2.208244999999996,10.127202830333333,26.781243006666667,-25.47238156666667,-1.239383407,-2.7937328420000003,6.415888071,-126.15804801666665,-13.689627498666667,-31.544787723333332
796,2.21102266666666,8.846587975333334,26.677223206666667,-25.803492199999997,-1.6018789013333334,-1.925108671,11.762998901333333,-136.28673043333333,-18.551059799333334,-33.918959296666664
797,2.2138003333333245,7.470403990666667,26.50556564333333,-26.14387513333334,-1.501069148666667,-2.3640843633333333,13.739200277333333,-147.31825003333336,-26.087041536666664,-34.33406702333333
798,2.216577999999989,6.017522891666666,26.29678090333333,-26.494616166666674,-3.6782229743333335,-1.545401752,10.994789123333334,-156.03234356666667,-29.814670563333333,-35.38769785666667
799,2.219355666666653,4.5326746406666665,26.093602500000003,-26.852564500000003,-2.2923819620000003,-1.463561922,10.255869547000001,-159.64738466666668,-28.40733401,-36.8825531
800,2.2221333333333178,2.9582750796666666,25.807272593333334,-27.206937133333337,-2.680756767666667,-1.9053002396666667,8.378583591,-170.6879781,-37.39500681333333,-36.7917277
801,2.2249109999999823,1.3347881236666665,25.456759136666665,-27.560534166666667,-0.9215540686666666,-0.49745679900000006,11.093800545999999,-176.79263306666667,-44.166960399999994,-37.59069824
802,2.2276886666666464,-0.2725857793333333,25.13604291333333,-27.898813899999997,-3.4705137413333333,0.10846029699999993,10.942356268666666,-175.90986636666665,-39.470087686666666,-36.65348053
803,2.230466333333311,-1.936495463,24.75148455333333,-28.2289785,-1.8149614333333333,-0.4480646703333333,11.046959459666667,-183.29454546666662,-46.14384587666667,-38.09731038333334
804,2.2332439999999756,-3.597074926,24.372494380000003,-28.5394287,-3.485461791666667,-0.3352803783333334,9.595248857,-184.08059693333334,-44.50154622333333,-36.39909871333333
805,2.2360216666666397,-5.247999707666667,23.934529623333333,-28.832606,-1.493786553666667,1.5777389406666666,16.14634164,-184.0367838666667,-50.61374791666666,-36.65580368
806,2.2387993333333043,-6.907299597000001,23.503917056666666,-29.12179563333333,-3.672051847,-0.7169220049999999,4.430081129333334,-185.61384073333332,-48.79170481333333,-37.15343094
807,2.2415770000000066,-8.557824295333333,23.049206416666667,-29.385526,-2.6378740073333335,1.0115667183333334,19.748991646666667,-185.82809956666665,-50.84838486,-36.63037109333333
808,2.244354666666671,-10.174667675666667,22.599773406666667,-29.637168866666666,-3.1858673093333336,1.2400618993333332,4.623211523666667,-182.77637736666665,-49.570622763333326,-35.90774854
809,2.2471323333333353,-11.739908536333333,22.151838303333335,-29.856066400000003,-3.057285627,0.8811510403333335,13.86962064,-177.97086586666668,-48.822989150000005,-35.09467442666667
810,2.24991,-13.280322393333334,21.661991753333336,-30.06393943333333,-2.5991049606666667,1.9481156266666666,11.58492374366667,-176.00530496666667,-53.30966567666667,-34.74950790333333
811,2.2526876666666644,-14.763007483333334,21.254476546666666,-30.25568643333334,-4.583077033333333,1.858701944333333,7.935695011666667,-169.62039183333334,-42.932126360000005,-33.54109128333334
812,2.2554653333333285,-16.145705223333334,20.752338410000004,-30.399411533333332,-2.097282767333333,2.876567125333333,13.673727673333333,-160.09379066666665,-54.85465749,-31.278167723333336
813,2.258242999999993,-17.505908966666667,20.353724163333336,-30.545082100000002,-3.279406468,1.9641613563333333,10.531428338666666,-157.1924947,-41.64177449666666,-30.274276096666664
814,2.2610206666666577,-18.750924106666666,19.90555318,-30.661257433333336,-4.048397858666667,2.660314361333333,11.111633777333333,-144.8458964,-47.95052973333333,-29.33690071
815,2.263798333333322,-19.895660403333334,19.465884526666667,-30.732490533333333,-3.0346811610000004,3.183298428666667,9.529157319333335,-134.63210296666668,-47.72676594666666,-25.67787742666667
816,2.2665759999999864,-20.983627316666666,19.076944983333334,-30.816101066666665,-3.0058256783333337,2.896602233333333,12.396175703333332,-127.46023560666667,-41.26558303666667,-25.461951573333334
817,2.269353666666651,-21.95474879,18.665957770000002,-30.843495700000002,-3.872186025,2.5314764183333334,10.056607245999999,-115.70079293333333,-45.28220749,-21.494345350000003
818,2.272131333333315,-22.83835156666667,18.288912453333335,-30.88794453333333,-3.1521012783333333,3.05725952,10.803520519666668,-104.60611725666666,-40.69559733,-22.086557069999998
819,2.2749089999999796,-23.627613066666665,17.924379983333335,-30.89847056666667,-2.5994106926666665,2.6744742396666665,10.029098511333332,-94.57306291000002,-40.17671966666666,-18.946643193333333
820,2.277686666666644,-24.321260453333334,17.58580716333333,-30.9115575,-3.050159096666667,2.6670413813333336,8.723178386333332,-83.05645878666667,-37.25681813666666,-18.112655955666668
821,2.2804643333333083,-24.926087696666666,17.250775020000003,-30.9048411,-2.616998076333333,2.7747700213333335,9.471639633333332,-73.17585881666666,-37.31673177,-16.558651923333333
822,2.283241999999973,-25.448667526666668,16.946619033333334,-30.90421293333333,-3.268855969,3.058078329,10.042237281,-63.078515373333325,-33.70479965333333,-15.695895036000001
823,2.2860196666666375,-25.88123321666667,16.655460039999998,-30.88545223333334,-2.5933086076666667,2.2692933083333333,12.322332065,-52.94846089333333,-32.92855453666667,-13.628605206666665
824,2.28879733333334,-26.243546803333334,16.37977314,-30.895484933333336,-3.9701850413333335,2.974725723666667,9.094365914666668,-43.51057370333333,-29.80525907,-15.842737515666665
825,2.291575000000004,-26.514972053333334,16.12482262,-30.86235553333333,-2.6879885196666664,1.0028927526666667,10.521102270333335,-34.05403677666666,-29.550325393333335,-10.687796911
826,2.294352666666668,-26.735213599999998,15.868534086666665,-30.877647400000004,-3.121677796,3.0899718603333333,8.857709249000001,-26.318193434333335,-27.299296063333333,-15.654326759999998
827,2.297130333333333,-26.89866193,15.632066093333334,-30.857190433333333,-2.5213797093333334,1.5952295913333334,11.897020659,-20.736177127666668,-26.881923676666663,-11.139525095333333
828,2.299907999999997,-26.991830826666668,15.388623233333334,-30.85417173333333,-3.696979681666667,0.832975457,10.891258238333334,-11.663877807333334,-26.75424766333333,-13.26086712
829,2.3026856666666617,-27.03730329,15.179870606666666,-30.849840799999996,-2.497675458666667,2.79453667,10.981663386666668,-6.023086389,-23.02629025666667,-11.426423073666667
830,2.3054633333333263,-27.063556669999997,14.957932156666667,-30.855369600000003,-3.2515558403333333,0.07657889166666668,9.813639640666667,-3.4191493183333335,-24.000322976666666,-12.961400353333334
831,2.3082409999999904,-27.032475786666666,14.758722943333334,-30.857020066666664,-3.243059635,1.2132641076666666,11.831257183333333,3.369792622,-21.719414393333334,-11.500157356666667
832,2.311018666666655,-27.017439526666664,14.562349953333333,-30.87299856666667,-2.5748643876666666,1.2703167003333333,10.953100841000001,1.850471317666667,-20.712429046666667,-12.662946703333333
833,2.3137963333333196,-26.947926839999997,14.378790856666669,-30.8808492,-2.9219129086666666,-0.21754551966666666,9.090167204333333,8.146350703,-19.75713857,-11.202151299999999
834,2.316573999999984,-26.86150487,14.203796386666667,-30.899124166666663,-2.7527534166666663,0.9372117896666667,9.805184204666666,10.479915938666666,-18.31069151666667,-11.747373263333335
835,2.3193516666666483,-26.7959315,14.017859773333333,-30.906822200000004,-3.0587943793333334,0.5771323043333333,11.734747569999998,7.656943798333335,-20.028673173333335,-11.30793476
836,2.322129333333313,-26.703186033333335,13.860709823333332,-30.93182373333333,-2.6857748029999997,-0.17516472900000002,10.318654376,11.429588633333333,-16.078799246666666,-11.420456883333335
837,2.324906999999977,-26.59989484333333,13.707154276666666,-30.957845066666664,-3.3036703270000003,0.3824212253333332,8.634982268333333,12.6728363,-15.71883551,-11.25810528
838,2.3276846666666415,-26.52465248333333,13.5420262,-30.978874233333332,-3.331713597,-0.3166196776666667,12.094737369999999,9.179471651,-17.16197745,-11.449999810000001
839,2.330462333333306,-26.44593175,13.407749493333334,-31.012588500000003,-2.061422785,-0.6927422333333334,9.113597552333333,9.93973605,-13.251251536666667,-11.027210233333333
840,2.3332399999999702,-26.371828713333333,13.270165763333333,-31.047233600000002,-3.9930837946666666,-0.17075732866666668,11.197469395333334,9.425158899000001,-13.526414553333334,-11.35053412
841,2.3360176666666725,-26.334253309999998,13.127442356666668,-31.072718300000002,-2.156823714666667,-0.6749132969999999,11.784374236666666,4.7387383776666665,-14.610510823333334,-10.570435843333334
842,2.338795333333337,-26.29797045333333,13.007415136666665,-31.11956023333333,-2.659353733,-1.1961202223333334,7.740174770333334,5.204191447,-11.02780215,-11.6554877
843,2.3415730000000017,-26.268560413333333,12.873689016666667,-31.1446126,-2.9716490906666664,-0.20381628200000002,13.402386028333334,3.791523138666667,-13.636689823333333,-10.101095518
844,2.344350666666666,-26.299408596666666,12.751749356666666,-31.175916033333337,-2.254384517666667,-1.1888371706666667,11.073121072,-3.282152493666666,-12.003542263333332,-10.198651630333332
845,2.3471283333333304,-26.31764285,12.630285266666668,-31.218121866666674,-2.8553214073333333,-0.512513908,8.895136038333334,-1.510741592666667,-11.465131441333334,-11.18962415
846,2.349905999999995,-26.343780516666666,12.502933183333333,-31.233011866666672,-2.8283469676666666,-0.126584785,11.965167046333335,-3.18093427,-13.483866056666665,-8.675714652333333
847,2.352683666666659,-26.43422572,12.394163766666667,-31.265040066666668,-2.553653598,-1.0492236216666668,9.621915816333333,-10.448032060666668,-10.564875601666667,-9.567286173000001
848,2.3554613333333236,-26.494559606666666,12.277557056666666,-31.292714433333334,-2.635744572,-0.5746162733333334,8.674094518,-6.960440080333332,-11.589672090666667,-9.575658481666666
849,2.358238999999988,-26.570762633333334,12.154424346666666,-31.297925300000006,-2.9687750336666667,-0.34043660299999995,12.654809794999998,-9.447830754333333,-13.556516646666665,-7.414443493
850,2.3610166666666523,-26.70321973333333,12.062562626666667,-31.32885486666667,-2.5152734916666666,-0.6666043646666667,9.585803985333333,-15.537554106666667,-8.741607346666667,-8.606697400666667
851,2.363794333333317,-26.79189300666667,11.952847163333333,-31.344179800000003,-2.513026317,-0.44333292999999996,9.876054285666667,-10.715577602666665,-11.545214334333332,-7.813534577666668
852,2.3665719999999815,-26.91355387333333,11.831211726666666,-31.3375575,-3.333143472333333,0.1559422886666667,14.004843395333332,-15.15977001,-13.930866876666665,-6.254593213333334
853,2.3693496666666456,-27.074919383333334,11.74761454,-31.359018999999993,-2.2082487346666664,-1.567699631,9.428546111000001,-19.290285426666667,-8.408406098333332,-7.055572032666667
854,2.37212733333331,-27.184433616666666,11.624437649999999,-31.348431900000005,-3.1521218220000002,0.06702136999999998,9.003086725666668,-13.813322704,-14.236956913333335,-6.059498886
855,2.3749049999999747,-27.333511986666668,11.512550673333335,-31.333358766666674,-2.7241327366666668,-0.14024584966666667,11.973726907666666,-18.673667906666665,-13.339781440000001,-4.906469384666667
856,2.377682666666639,-27.512429553333334,11.408715246666667,-31.335751833333344,-2.522038142,-1.2240784963333333,8.408118089,-21.812412260000002,-11.460754396666665,-6.408932884333335
857,2.3804603333333034,-27.635223386666667,11.30991999,-31.311139433333334,-2.8048350416666668,0.07859456566666666,9.193190097666667,-15.807003973333336,-12.455344837333334,-3.1875136293333335
858,2.3832380000000057,-27.80506325,11.191788033333333,-31.298879,-3.5148166816666664,0.31857931599999995,11.486158529333332,-21.081616083333333,-13.792288143333332,-5.6695564586666665
859,2.3860156666666703,-27.984752020000002,11.113428753333332,-31.278783133333324,-1.9623853759999996,-1.4531830153333332,9.919357299,-22.521290463333333,-10.058472314333335,-2.5040790640000004
860,2.3887933333333344,-28.132050829999997,11.032694816666668,-31.28000643333333,-3.4285938339999995,0.37508841099999995,9.807513555,-18.10091146,-9.041974306333334,-5.0348902146666665
861,2.391570999999999,-28.296434403333333,10.954761503333335,-31.25054676666667,-3.3506842056666666,-0.21883235366666667,10.235252063333334,-20.890654246666667,-10.513778049999999,-1.5827640093333333
862,2.3943486666666636,-28.464141846666667,10.887302716666667,-31.250368733333335,-2.0478554663333335,-0.4125002423333333,11.082568011333331,-20.569294613333337,-7.678490002333334,-4.220549344999999
863,2.397126333333328,-28.607246399999998,10.870775223333332,-31.24522906666667,-3.7447415986666663,0.2836057493333333,8.609965643,-17.788758596666668,-2.6779049236666665,-0.5956036843333333
864,2.3999039999999923,-28.74491501,10.820752143333332,-31.234550499999997,-3.132255832333333,0.07921960966666665,8.930568694666666,-17.224272413333335,-6.434541941666667,-2.139156579666667
865,2.402681666666657,-28.870072683333333,10.802000363333335,-31.232307433333332,-2.388411839666667,0.521345228,12.213432946666666,-15.555610973333332,-2.7393536966666665,-1.0517892439999998
866,2.405459333333321,-28.99613571,10.817304293333335,-31.233820600000005,-3.288858572666667,0.473559278,9.179637592666667,-15.53472042,1.1386553446666667,0.3537496326666667
867,2.4082369999999855,-29.089903513333336,10.805561066666668,-31.235610933333334,-2.433391372333333,-0.3923786333333333,8.655014039666666,-11.692429859999999,-1.765311996,-1.0932925243333333
868,2.41101466666665,-29.160832723333332,10.797353426666668,-31.224466966666665,-2.6082856653333333,0.976040095,12.520616529333333,-9.235247135666667,-2.051047166,0.301385661
869,2.413792333333314,-29.26762644333333,10.805530866666667,-31.223500566666672,-2.976700385333334,-0.2929291923333333,10.606391270333333,-13.309043246666667,0.11017123866666652,0.44910721000000003
870,2.416569999999979,-29.31602223666667,10.799437206666667,-31.2193044,-1.9599515,-0.7537175613333332,8.450355370666665,-6.367668787666666,-1.4127445619999996,-0.3244896710000001
871,2.4193476666666434,-29.36558914,10.760615666666666,-31.203397133333336,-3.0442077320000003,0.8001792233333332,11.515059154,-6.786666552333333,-5.630628347666666,-0.8428620496666666
872,2.4221253333333075,-29.438110350000002,10.73584048,-31.192098,-2.2877585889999996,-1.0981308816666668,10.54836925,-9.393001715333334,-3.7886663276666663,-0.6885278423333334
873,2.424902999999972,-29.459456763333336,10.69658756,-31.182716366666668,-2.718717853333333,0.08409490666666668,9.180913129333334,-3.2379084033333334,-5.328977913666667,-1.4903344909999998
874,2.4276806666666366,-29.498139063333337,10.607175189333335,-31.144579566666668,-1.7013328573333333,-0.15719432633333338,9.359827359333334,-5.948962768,-12.10433006,-1.7327692906666667
875,2.430458333333339,-29.52624575333333,10.550773621666666,-31.1370544,-3.1899494726666666,-0.3571261763333333,9.91791153,-4.004832784333334,-6.997241416666667,-2.7380124726666666
876,2.433236000000003,-29.55253728,10.446422897333333,-31.086682599999993,-2.483496626333333,0.0033793550000000097,11.350634735999998,-4.655294498,-14.342694757000002,-1.4348499573333333
877,2.4360136666666676,-29.568847656666662,10.343252819333332,-31.055862433333335,-1.4605232079999997,0.03812956333333334,9.405515669,-3.1374840736666667,-13.249943416666667,-3.0893721183333334
878,2.438791333333332,-29.57119433,10.243665058,-31.023241666666667,-4.3343826136666666,-0.1597154636666667,9.847802640666666,-1.39890033,-12.811086655333334,-2.979597727333333
879,2.4415689999999963,-29.57629331,10.100394248333332,-30.96415966666667,-1.752276639,-0.28543573633333336,10.817604066,-2.368271649,-19.100605326666667,-2.557799875666667
880,2.444346666666661,-29.569920856666666,10.023234367999999,-30.93701426666667,-3.7037055493333337,0.3573901306666667,10.732086817666667,-0.2652651653333334,-10.169650396333333,-2.184450527
881,2.4471243333333255,-29.549068450000004,9.879881860333333,-30.87975056666667,-2.3187014263333334,-0.142498647,9.247565109,0.8024942476666667,-19.01435852,-2.7071524063333334
882,2.4499019999999896,-29.524212520000003,9.794422786,-30.846898433333337,-3.6369364263333335,-0.19551039766666664,11.852221806666668,1.8362336553333334,-11.341440123,-2.143566489
883,2.4526796666666537,-29.486579896666665,9.715795833666666,-30.812057499999998,-3.7454570136666665,0.5429301756666667,10.246671358666665,3.309043566333333,-10.953173636666667,-1.1822764673333332
884,2.4554573333333187,-29.44616572,9.606329282666666,-30.765385966666667,-1.5703795353333332,-0.30823947999999995,10.586191971333333,3.4166191416666667,-14.669775486666666,-2.1123981576666666
885,2.458234999999983,-29.388103486666665,9.59002463,-30.759613033333334,-4.732900858,-0.12081338966666666,10.666866936666665,6.338157018,-2.727753956666667,-0.5371818343333333
886,2.4610126666666474,-29.31116295,9.518860817666665,-30.7176844,-3.4621269703333333,0.3902746506666666,9.414142290333332,7.924575488666666,-10.424085696,-0.2530176243333333
887,2.4637903333333115,-29.228576023333332,9.503693898,-30.69940443333333,-1.3566754263333334,0.09409074966666668,12.121158282000001,9.010406972666667,-3.3217228249999997,0.7994418243333333
888,2.466567999999976,-29.116307576666667,9.517180125000001,-30.691202799999996,-5.464219888333333,0.26725156133333333,9.3860871,12.853593507,0.43789311233333333,1.198414127
889,2.4693456666666407,-28.953260423333333,9.521757125,-30.659510300000004,-2.2544922433333334,0.5622326756666667,10.590207102333332,18.43601862666667,-1.9995816563333335,3.304818878666666
890,2.4721233333333053,-28.78200849,9.581157365333334,-30.6506907,-3.0300138393333333,1.1894741356666667,10.374520299666667,19.914647738,5.257159889666666,3.912925085
891,2.4749009999999694,-28.546576183333332,9.658292133333333,-30.623344399999997,-3.711798668,0.7259451446666666,10.344482739999998,27.218522390000004,5.939601600333333,7.006893635333334
892,2.4776786666666717,-28.24271838,9.745755194333332,-30.5942103,-3.1558764776666663,1.6417435406666667,8.789131483,35.41312789666667,7.138235133000001,7.5532558913333325
893,2.4804563333333363,-27.875932693333336,9.889192582,-30.558893833333332,-3.553842703666667,1.7229624193333333,9.543701489333333,42.805931726666664,12.6189998,11.419741948999999
894,2.483234000000001,-27.43327904,10.040216128333334,-30.516181966666668,-3.5610693296666667,1.9392776089999997,11.179212888,51.769088743333334,13.310015678999997,12.408456643666666
895,2.486011666666665,-26.90481504,10.246235212333334,-30.476509099999998,-3.8712549206666664,1.1846188703333334,6.829238732333334,62.12030919333333,19.278255462666667,14.890240986666667
896,2.4887893333333295,-26.29067548,10.444981259333334,-30.416262299999996,-4.421130180333333,3.160251379,13.69390583,71.91452534999999,17.75078519066667,16.534145990000003
897,2.491566999999994,-25.611989976666667,10.69693152,-30.357693999999995,-3.513534486333333,1.021244794,8.697119553666667,79.73457845333334,23.6001873,18.762173336666667
898,2.494344666666658,-24.82733217666667,10.957199416666668,-30.293385833333332,-3.5223826173333332,2.568713863666667,15.052526473333335,92.21426390333333,24.64106814,19.684869766666665
899,2.497122333333323,-23.951704663333334,11.24702231,-30.215492233333325,-3.6188579596666663,2.1890370843333335,4.934542656,102.85386655999999,27.329224906666667,22.005872089999997
900,2.4998999999999874,-22.998096466666667,11.554272333333335,-30.167114233333336,-2.44067051,1.3979370296666664,12.220773696666667,112.81153360666666,31.1177419,19.437952676666665
901,2.5026776666666515,-21.95905304,11.85273997,-30.062202466666673,-1.8494774896666666,2.151990255,6.792445659666666,121.70680997333334,27.819835023333336,24.505353293333332
902,2.505455333333316,-20.824949900000004,12.179259933333334,-29.99739073333333,-3.7560231290000003,2.7901673316666673,11.753660520000002,134.0136617,33.25565211333333,20.91346550333333
903,2.5082329999999806,-19.58487192666667,12.45507145,-29.867083233333336,-2.2695957719999997,1.382163147,8.687879564,145.04056043333335,25.26923624666667,25.351413090000005
904,2.5110106666666447,-18.283633233333333,12.793680190000002,-29.772900899999993,-3.4949892563333336,1.8496383426666665,10.223131179666668,153.24299113333333,34.48128255333334,23.098073323333335
905,2.5137883333333093,-16.923378306666667,13.05930074,-29.64515176666667,-1.1872002483333333,1.2635489303333334,11.605552195333333,159.39408873333335,25.429007530000003,23.607322056666664
906,2.516565999999974,-15.454468093333332,13.34723282,-29.497935000000002,-3.6115973396666665,2.1550719739999997,6.065020243333334,171.807724,28.054660479333336,25.52963066
907,2.519343666666638,-13.902394295,13.570581116666666,-29.319218966666668,-1.6099707086666666,2.272372325333333,18.117439270000002,180.86407469999997,20.260001182,26.78937594
908,2.5221213333333403,-12.305982907333332,13.81920274,-29.138849899999997,-3.6958930493333333,1.3545677463333332,6.378989697666667,185.93916320000002,23.818458556666666,26.83668772333333
909,2.524899000000005,-10.648665109666668,14.039261183333332,-28.93584443333334,-2.0201436676666664,-0.09378091499999996,14.75603358,192.64153543333336,20.8203942,28.31863022
910,2.5276766666666695,-8.926003297333333,14.218672750000001,-28.73372906666666,-1.944281578,0.6241776146666668,3.7340671223333337,200.2912242,16.60971943466667,26.520226156666666
911,2.5304543333333336,-7.1652848706666665,14.398895263333335,-28.504102033333336,-2.8487981156666664,1.8664854566666669,15.846479100000002,204.09135946666666,17.126387596666664,29.46867815666667
912,2.5332319999999977,-5.376460378333333,14.510915756666668,-28.27002716666666,-2.389954885,-0.5827183226666667,11.959978104,207.1131134,9.617526054666667,28.400504433333335
913,2.5360096666666627,-3.5623553993333332,14.654666583333332,-28.043846133333336,-2.992972811,0.17317959166666666,12.53920714,210.45570373333337,14.525193375,27.585604986666667
914,2.538787333333327,-1.7567496296666667,14.694113413333334,-27.82101183333334,-2.5673795343333334,-1.3844163416666666,8.761835732666666,209.34082030000002,2.6476906143333334,26.157634733333335
915,2.5415649999999914,0.06693677100000024,14.78820769,-27.599662766666658,-1.5812476476666666,-0.8072912099999999,12.570949872333331,211.62921649999998,10.420936762666665,26.26166089333333
916,2.5443426666666555,1.838850657,14.769043603333335,-27.37929279999999,-1.5452340643333333,-0.9535842933333334,12.585522653333333,205.3907012666667,-2.8162245353333333,25.385448453333336
917,2.54712033333332,3.612299313,14.733036676666666,-27.17630766666667,-2.074783561333333,-1.8682748476666664,11.068900109333333,206.1363322,-3.6726975430000004,23.966526669999997
918,2.5498979999999847,5.3634512433333335,14.681008336666666,-26.96225993333334,-1.846055865,-1.4232154886666668,12.548978804,203.1476695,-5.110244671666667,25.20422427
919,2.5526756666666492,7.026422102333334,14.584443413333332,-26.77755736666667,-2.9603958130000003,-1.737254858,13.555549303333335,193.48950193333334,-9.622475088,22.726758956666668
920,2.555453333333313,8.663868108,14.456525166666665,-26.575210566666666,-2.0555443563333333,-3.2778442699999997,10.450113932333334,189.9113769666667,-12.813035966666668,25.151990256666668
921,2.558230999999978,10.253263632666668,14.317259153333334,-26.41325633333334,-1.864264686666667,-1.6413892906666667,11.326978681999998,185.44050086666667,-13.848527114666668,21.38934517
922,2.5610086666666425,11.777997650666668,14.097067833333334,-26.23738606666666,-1.9968037606666666,-2.6157395043333334,13.465152103333333,177.2474925,-22.842007316666667,25.088150659999997
923,2.5637863333333066,13.233181316,13.90039571,-26.0915731,-1.9667792319999997,-2.1437925896666665,13.939038275333333,169.9256032333333,-19.87703037,21.55011240666667
924,2.566563999999971,14.634140333333335,13.673608143333333,-25.940579733333333,-2.799055258333333,-2.08680137,11.097961425,163.22270203333335,-23.002906163333332,23.445844653333335
925,2.569341666666673,15.939895309999999,13.441701253333333,-25.822710633333333,-2.0900470413333334,-3.0450580123333335,10.612821258666667,152.88938143333334,-23.793134053333333,20.444098153333332
926,2.572119333333338,17.168097496666668,13.152633983333333,-25.716506933333335,-2.035899838,-3.2918687663333337,14.586154303333332,143.87158456666668,-30.48205312,21.812743503333333
927,2.574897000000002,18.338910419999998,12.894790966666667,-25.62952676666667,-3.899925947,-3.075393994666667,12.600620586666665,137.65714516666665,-27.00664202333333,18.749856949999998
928,2.577674666666667,19.42062505,12.604437193333332,-25.559392300000003,-1.7171372173333335,-2.933810711,11.059012572,127.35748036000001,-31.06907781,19.010252316666666
929,2.5804523333333313,20.395035426666666,12.307590803333333,-25.526517233333333,-2.68463968,-3.8881177900000004,10.247282983333333,115.55953470666667,-32.85567538,15.429576553333334
930,2.5832299999999955,21.26940473,12.011384646666665,-25.480959566666666,-2.6942359406666667,-3.5349796613333333,15.855397223333334,103.20568847666665,-32.03160731,17.463387806666667
931,2.58600766666666,22.05596161,11.733298303333333,-25.474258399999997,-3.153284147666666,-2.8390204113333333,12.020202956666665,93.74033103,-31.380089439999995,12.649377503333334
932,2.5887853333333246,22.762137093333333,11.419223466666665,-25.47707113333333,-1.2205157676666667,-4.444332281666667,9.860774359,84.22415795666667,-35.63607788,13.92992433
933,2.5915629999999887,23.375286739999996,11.115012485666666,-25.509440100000006,-3.791589781666667,-3.048474351333333,13.083606402000001,73.90629831,-35.72010739666666,10.338972886333332
934,2.5943406666666533,23.890279136666667,10.848800024666668,-25.513832100000002,-2.2563753526666663,-3.7525618076666674,13.200640043333335,61.396288553333335,-30.069347383333337,12.032119432666667
935,2.597118333333318,24.305901846666668,10.550086338666667,-25.569196033333338,-1.9367134569999997,-2.9140387376666665,9.272146860333335,50.62032381666666,-36.051280340000005,8.288052082999998
936,2.599895999999982,24.647071203333336,10.272122384333334,-25.609189333333333,-2.3194260203333337,-3.2585939566666666,12.494958243333334,41.32547187666666,-32.884153366666666,9.186348596666667
937,2.6026736666666466,24.918942766666664,10.036365191666667,-25.642410266666662,-4.630337972,-2.4701164959999997,11.239775739666667,32.94036420333333,-27.967487653333336,7.870793221666666
938,2.605451333333311,25.111033123333332,9.810070039000001,-25.679405199999994,-1.1089952786666666,-2.489988645,11.962996165,23.314873218666666,-26.982350030000003,7.255879571666667
939,2.6082289999999753,25.233813603333335,9.559732438333334,-25.723187733333344,-2.156577984666667,-2.7694862686666664,8.826302131333334,15.213666438999999,-30.006137213333332,7.741081476333334
940,2.6110066666666394,25.319740296666666,9.373698868666667,-25.757550600000002,-3.909350355333334,-2.1882744036666666,11.853625933666669,10.547818185666666,-22.435614266666665,5.621005236999999
941,2.6137843333333044,25.350372316666665,9.206752300333333,-25.757870966666662,-3.142341573333333,-0.9827832280000001,12.617632387666667,3.309408705333334,-18.732806049,8.201150099333333
942,2.6165620000000067,25.338415783333332,9.048712730333333,-25.77141826666667,-1.5218401746666668,-1.8986184993333335,11.251304864666666,-1.6515607836666668,-18.352846146666668,6.4223752020000004
943,2.619339666666671,25.305135723333333,8.870039146333333,-25.77959953333334,-1.7823730309999999,-1.3317135423333333,8.831478277333334,-4.2117532099999995,-20.40546004,7.982361556666667
944,2.6221173333333354,25.245405196666667,8.740556081333333,-25.776461266666672,-4.113940737333333,-0.7726256646666667,12.076426583999998,-7.664755025666667,-14.416123232999999,6.772312632666668
945,2.6248949999999995,25.171353023333335,8.629470984,-25.737403866666664,-2.8173881373333334,-0.2699182283333333,10.447728157333334,-9.966817858666667,-10.696805638666667,9.561973890666666
946,2.627672666666664,25.08922640666667,8.535418510666666,-25.716967266666668,-0.9040697813333333,-0.8940220626666667,9.681247552666667,-10.689403216333332,-9.736536025333331,6.717039725333334
947,2.6304503333333287,25.01800855,8.389813423,-25.69588976666667,-2.610778649666667,-1.3359147906666669,9.054402350333334,-9.306646346333334,-15.377414385333333,9.353424470999999
948,2.6332279999999932,24.952292123333336,8.324451128666666,-25.66668953333333,-3.726565162,-0.17445289566666664,11.989628316,-8.835972787000001,-6.211290281,6.163037718999999
949,2.636005666666657,24.896201453333333,8.235071977,-25.613347399999995,-3.322235346,0.397355179,11.570356368666666,-8.042129754333333,-7.667385557333333,9.955159666333332
950,2.638783333333322,24.842938106666665,8.220663706333333,-25.564521799999998,-2.154513478333333,-0.7871524183333333,9.870401064,-7.694884379666667,0.2908583880000002,5.623054882333334
951,2.6415609999999865,24.813274383333333,8.124695618666665,-25.52899173333334,-1.175085028,-0.023057381333333387,9.348778087333335,-4.548086802333334,-9.295935213333333,8.349978921666667
952,2.6443386666666506,24.806475956666663,8.086670080666666,-25.490216566666664,-3.130330880666667,0.11577073466666665,11.120001950333334,-1.9372598329999997,-2.754955944666667,5.792936845333333
953,2.647116333333315,24.829219816666665,8.028180440333333,-25.450678500000006,-1.8314999803333336,-0.050533691999999984,11.549498239666667,1.7073380153333335,-5.033578238,6.919790109666667
954,2.6498939999999798,24.888011300000002,8.025604089333333,-25.400540699999997,-4.344347397333333,0.1372657916666667,7.780554135666667,5.754422823,1.6513411203333337,5.150666236
955,2.652671666666644,24.96844482666667,8.012669563333334,-25.34877013333333,-1.2776329116666667,0.43676427999999995,8.291594982333335,8.425433197666667,0.5244347653333333,5.913892268666667
956,2.6554493333333085,25.06100146,7.9813296,-25.329467766666678,-2.1238149006666664,0.10431271266666664,12.063592273666666,10.317190248333333,-2.9629191956666667,3.3526070316666665
957,2.658226999999973,25.15996869333333,7.924937725333334,-25.28645833333334,-1.6548858880000001,-0.42510267099999993,11.684160549333333,10.764747776333332,-4.6196819940000005,7.174173352666666
958,2.661004666666637,25.280609133333332,7.8971408206666664,-25.28455606666667,-2.3229594826666666,0.9192112883333333,11.786489488,14.010491369999999,-3.4636137979999995,1.3043247843333334
959,2.6637823333333395,25.41690445,7.860128243666666,-25.221397399999997,-2.3517153863333333,-1.61003689,9.483746050333332,14.89904785,-1.452511231,8.365671633333333
960,2.666560000000004,25.552059176666663,7.848718802333334,-25.234408066666674,-1.5447536063333336,0.07169220333333334,10.824819883333333,16.033878326666667,-2.4668818763333333,-1.1353125569999998
961,2.6693376666666686,25.708213806666663,7.7598198253333335,-25.194636033333335,-2.1245798466666668,-0.4501494743333334,9.954409601,17.652164776666666,-8.205600738666666,8.549903948
962,2.6721153333333327,25.856610616666668,7.698377768333333,-25.233197566666664,-1.1900742450000001,0.5041027370000001,9.156202793666667,18.046408653333334,-9.192201137666666,-1.1471511276666666
963,2.6748929999999973,26.002390543333334,7.605562369,-25.220476766666664,-3.5588688850000003,-1.3481548826666667,12.047033150666666,16.81479931,-9.970148087333333,5.916058153333334
964,2.677670666666662,26.132041293333334,7.556317170333333,-25.240626033333328,-2.3070182103333337,-0.19187964999999996,13.051961259999999,15.496252380000001,-6.949237785,0.16382018733333328
965,2.680448333333326,26.26484680333333,7.482007662666667,-25.252812699999996,-1.7592509586666667,-0.08838816000000001,11.283406575333332,15.64544042,-9.248014133,2.2977006236666666
966,2.6832259999999906,26.393417356666664,7.398178577333333,-25.2845866,-1.612843155666667,-1.3995766239999998,9.604548453,15.521723748666666,-11.256204923333334,0.8056360186666667
967,2.686003666666655,26.496533076666665,7.2862839699999995,-25.334732033333335,-1.0500432249999998,-0.6094040523333334,10.771342913333333,12.721806842666666,-15.287401516666668,0.30336693933333336
968,2.6887813333333193,26.59635925666667,7.208133538333333,-25.3752645,-3.338009834333333,-0.43710431466666666,10.916844047333333,12.186483543,-11.126116753333335,-0.42151218666666673
969,2.691558999999984,26.706427256666668,7.117614428333333,-25.407669066666667,-2.6706631979999997,-0.3934240043333333,11.228247643333333,13.280417441333332,-12.039018313333335,1.1138183673333335
970,2.6943366666666484,26.79003588333333,7.063573678333334,-25.455917366666664,-3.2319176393333335,-0.389854471,10.750829220333335,10.356201173,-8.959930100333333,-2.505491217
971,2.6971143333333125,26.851114276666664,6.964071273999999,-25.49393716666667,-1.4958580730000002,-1.4205090009999999,10.739720344,7.447054306666668,-13.276415506333334,1.0127615133333332
972,2.699891999999977,26.903759640000004,6.8873971303333335,-25.558291099999995,-1.9746768673333335,-0.0783238963333334,10.332247258,6.871596574333334,-12.282856465666667,-3.0227531046666667
973,2.7026696666666417,26.947594323333334,6.829929352000001,-25.585538233333338,-2.1821840506666668,-0.7706650496666666,12.298819223333332,5.192940314666667,-8.187923431333333,-0.09533627799999984
974,2.705447333333306,26.998251596666666,6.772149880666667,-25.62524156666667,-3.0854538926666666,-0.09206396466666668,11.533610026,6.315903585333333,-8.943202495,-1.3775549729999998
975,2.7082249999999704,27.04268519333333,6.743436654333333,-25.646352133333327,-2.9096214373333336,-0.4587526026666667,10.081944148666667,5.198393027333333,-4.778562188,-1.0058667656666669
976,2.7110026666666727,27.07072703,6.670480251333333,-25.682223000000004,-0.8917470176666668,-1.3897152346666666,8.956482252666667,3.5151441890000004,-10.324423948666668,-0.07595464100000009
977,2.7137803333333372,27.066025413333335,6.6199304266666665,-25.723225899999992,-3.0888710419999996,-1.1933796403333334,11.635383288,-0.4363812606666668,-8.199612459666668,-1.9266047480000001
978,2.7165580000000014,27.05545807,6.5810836156666666,-25.737843833333326,-2.5085035560000004,-0.6088411063333333,12.341282526666667,-1.4159594379999998,-5.552030802,0.2812610863333332
979,2.719335666666666,27.053894680000003,6.564851442999999,-25.75218453333333,-3.815926313333333,-0.3109877703333333,11.465419132666666,-0.41089963899999987,-3.0913223823333333,-0.9630481403333334
980,2.7221133333333305,27.02153778,6.546851317000001,-25.75122326666667,-0.9979512393333335,-0.3097730576666667,10.982971986666668,-4.272066116333334,-2.468286216333333,0.7831298509999999
981,2.7248909999999946,26.958953219999998,6.485016981666667,-25.7949524,-1.081253668,-0.6017516156666666,10.503984452,-7.335490028,-9.559010663333334,-1.5958305196666667
982,2.727668666666659,26.893942513333332,6.462440013999999,-25.79030356666667,-2.9963984343333334,-0.861227145,11.442113081,-8.227857670333334,-2.7740093073333334,1.3949257533333332
983,2.7304463333333238,26.82521693,6.456888517,-25.808868400000005,-2.4280383586666665,0.30972730133333337,9.773001510333334,-8.377981501999999,-2.182491064,-1.9601168433333334
984,2.733223999999988,26.77882512666667,6.441160360999999,-25.790852833333332,-3.243104616666667,-1.1917300026666666,9.339227993,-6.202650270333334,-1.308012724,2.4453100263333334
985,2.7360016666666525,26.713184993333332,6.447562853333333,-25.809247333333335,-1.0415842036666667,0.6106453239999999,10.635050378,-8.004269757,-0.9015611013333333,-2.6036358969999998
986,2.738779333333317,26.622727076666667,6.409273942,-25.811144533333337,-2.748493850333333,-0.5885770916666666,10.838139852,-11.215044975,-4.838678837,1.4523743193333332
987,2.741556999999981,26.52790514666667,6.426612695,-25.812322000000005,-2.6739354926666663,-0.08161217633333333,12.033673444666666,-11.754006544666666,1.1918176313333335,-1.3869382540000001
988,2.7443346666666457,26.444738386666668,6.4241131146666675,-25.80316416666666,-2.0267412663333335,0.6026297606666667,11.013334910666666,-10.461119651,-0.3956247966666666,0.7730548179999999
989,2.7471123333333103,26.36999639,6.43104744,-25.796249399999997,-2.632558385333333,-1.075011929,10.394513129666665,-9.460738023333333,0.5091340443333333,0.03508742633333332
990,2.7498899999999744,26.300532023333332,6.4103010493333334,-25.807401,-0.25708717600000003,-0.5307513873333334,9.719604731,-8.547769863333334,-3.439326286,-0.43817847966666673
991,2.752667666666639,26.228516263333333,6.373615106,-25.825490333333335,-2.511926452333333,0.625659123,9.747132779,-8.818000316333334,-5.49567159,-0.3188930053333333
992,2.7554453333333035,26.138505303333336,6.374456882333334,-25.827051800000003,-2.904848496,-0.4940800943333333,10.449531555333332,-11.166228132999999,-0.5549196803333334,-0.4667170246666667
993,2.758223000000006,26.05385844,6.3646499316666665,-25.832366966666665,-2.062463681,0.103510335,12.492471376666666,-10.479996840666667,-1.9282527366666666,-0.35566651833333324
994,2.76100066666667,25.970939,6.369860330999999,-25.833841933333332,-3.382116159,0.5501358113333332,11.890566825666667,-10.30079047,-0.14343972000000005,-0.8177643443333333
995,2.7637783333333346,25.89709663666667,6.3469308216666676,-25.843132033333333,-0.571927061,-0.593924731,10.000778357333333,-9.127590974999999,-3.552361190333334,-0.10115485366666666
996,2.766555999999999,25.838720319999997,6.326551278666667,-25.8626429,-1.8615389266666664,-0.5162579616666668,8.256187915666667,-7.135887702666667,-3.7668850233333333,-1.2565235296666666
997,2.7693336666666633,25.77987607,6.326085726666666,-25.8607966,-2.2752232749999997,1.33251069,8.972596327333333,-7.492599328333334,-0.546437025,-0.09807262800000004
998,2.772111333333328,25.73217646333333,6.304803212666667,-25.8622818,-2.0897402366666666,0.03672968899999999,11.612517994333333,-6.045394738333333,-2.960677027333334,0.6964594323333334
999,2.7748889999999924,25.685169219999995,6.3204587299999995,-25.85724893333334,-3.360485395,0.15616176533333337,12.97038428,-6.104538758666666,1.3561114866666666,-0.5927432463333334
1000,2.7776666666666565,25.638658523333334,6.313742319666666,-25.8404439,-1.9341119926666668,0.04653517366666665,10.385299047333334,-6.165286858999999,-0.45860591033333337,1.8301969906666666
1001,2.780444333333321,25.598622636666665,6.313288370666666,-25.842427600000004,-2.455122034,-0.3106565573333333,8.739752611666667,-5.163548787333333,-0.7609521546666667,-0.5210490226666668
1002,2.7832219999999857,25.57141113,6.322069327,-25.832443233333326,-1.6492092013333337,-0.04595312966666667,10.022752445666667,-3.794394726666667,0.9039562936666666,0.3521360156666667
1003,2.7859996666666498,25.549767176666666,6.312466939,-25.82200876666667,-1.7780333363333334,0.112231225,11.06159226,-3.0899990003333326,-1.1127891536666665,1.328388413
1004,2.7887773333333143,25.532829919999998,6.334025541999999,-25.82230633333333,-2.7003280716666667,0.6872012046666667,9.571850459,-2.4175443153333336,1.7570725626666668,-1.402652681
1005,2.791554999999979,25.51906013333333,6.328061104,-25.79955036666666,-2.2304374376666667,0.17696419600000002,11.731122653333335,-2.3487099013333332,-0.06570454433333328,2.459952632666667
1006,2.794332666666643,25.49307887,6.342582385,-25.805262233333334,-2.1742920873333333,0.30442664766666666,11.245600381000001,-3.405002633666667,0.70251294,-1.624522989
1007,2.7971103333333076,25.47302246,6.346403598666666,-25.789515199999997,-2.115711391,-0.5580538116666666,13.303790727666666,-3.0440257986666666,0.6420636376666666,1.1771275996666666
1008,2.799887999999972,25.469798406666666,6.348363240333334,-25.788002000000002,-2.6162111856666663,-0.7151107293333334,8.052799226,-0.7473507326666667,-0.30661515899999997,-0.22680562733333312
1009,2.8026656666666363,25.465111413333336,6.354031403666667,-25.792266833333326,-1.2010158896666667,0.7393041253333333,9.660005888666667,-0.9310476183333334,-0.19322963566666665,-1.0778427423333332
1010,2.8054433333333386,25.457468669999997,6.343373299,-25.776865666666662,-2.7782849076666665,0.8941832683333333,12.263961791666667,-1.4441947936666668,-1.0105886856666666,1.8312941393333333
1011,2.808221000000003,25.442398709999996,6.358521143333333,-25.77107496666667,-1.6876196663333332,0.016793658999999978,12.159224828666666,-2.2760127186666668,1.337955281,-0.4822520413333334
1012,2.8109986666666678,25.440582276666664,6.3493261336666675,-25.767639166666672,-2.1423517066666666,-0.04436985900000001,10.116447448999999,-0.6212773719999999,-1.4480625790000001,0.46775018133333335
1013,2.813776333333332,25.447141650000002,6.342012882333333,-25.75476836666667,-2.703517,-0.679811597,9.682324728333333,0.21383627233333344,-0.7321400840000001,1.4275881723333332
1014,2.8165539999999964,25.451441446666667,6.352632363666667,-25.756502800000007,-1.6809303166666665,0.9630041519999999,10.116409621666667,0.20100333299999992,0.45616388300000005,-1.0372826183333335
1015,2.819331666666661,25.45083618,6.333545367,-25.749738033333326,-2.932506879,0.07714926800000001,10.114217918333333,-0.5821900763333333,-2.3026599686666667,1.3932607570000002
1016,2.822109333333325,25.448329923333333,6.3440043133333335,-25.745933533333332,-2.150857011333333,-0.3433733033333333,8.351345696666666,-0.6874390840000001,0.6934883196666668,-0.49179760600000016
1017,2.8248869999999897,25.44999949,6.341348330333333,-25.74168906666667,-1.1602646213333332,0.5347827873333333,11.927119253666667,-0.2701064846666666,-0.6506145,0.2886042993333333
1018,2.8276646666666543,25.460043589999998,6.347298781,-25.729802433333344,-2.7753673393333336,-0.5198923846666667,11.923159916666668,0.7209637963333333,0.6081415813333333,0.608628571
1019,2.8304423333333184,25.470492683333333,6.357171853333334,-25.7272415,-1.9382135370000002,0.44459033,11.186127504666667,0.8176878293333333,0.6157575846666666,-0.555534482
1020,2.833219999999983,25.480716703333332,6.342687130000001,-25.725664800000004,-2.363595088333333,0.16980208733333335,7.906915665666666,0.8668967883333333,-2.0775151453333334,0.6645015876666668
1021,2.8359976666666475,25.481569930000003,6.353017806666667,-25.72598266666667,-2.6410399476666666,0.06211488433333334,11.193766275666666,-0.3230851489999999,0.5130447546666664,-0.917463422
1022,2.8387753333333117,25.46759414666667,6.357843399,-25.7116292,-1.7544053793333336,-0.15640845900000003,13.218689596666666,-2.2137700319999998,0.679742058,1.0494195073333332
1023,2.8415529999999762,25.4636027,6.354081948666667,-25.72116089999999,-2.1288537136666665,-0.125724969,10.044627826333333,-0.7698913416666668,-1.4874742826666667,-1.1636674603333332
1024,2.844330666666641,25.469133376666665,6.360266526666667,-25.7058945,-2.1937131090000004,0.6018495039999999,10.629971824,0.10978239800000011,0.8548235893333332,1.036629369
1025,2.847108333333305,25.45391464333333,6.351179282,-25.704933166666663,-1.4317985970000002,0.5879979776666667,11.588818232666666,-2.2093175449999998,-1.5287902356666667,0.28080036266666664
1026,2.8498859999999695,25.426657996666666,6.343209425333334,-25.69894153333333,-2.605538646,-0.6056722996666667,10.540930746666666,-3.7114004096666666,-1.1732686313333334,0.703776752
1027,2.852663666666672,25.41270319666667,6.3186724976666655,-25.7015457,-1.8898855446666667,0.002598226000000037,10.351843515333334,-2.029394626666667,-3.387064377666667,0.6714003683333333
1028,2.8554413333333364,25.392329533333335,6.294082800666666,-25.69561006666666,-1.8084125716666666,-0.13995844133333335,9.803889116333332,-2.8686750333333335,-2.9821628333333337,1.5633435246666665
1029,2.8582190000000005,25.355318710000002,6.274989922666666,-25.705996199999998,-3.2448494433333335,0.6514832576666666,10.993456206333335,-4.704797009666666,-3.1989020506666663,-0.46188872666666664
1030,2.860996666666665,25.32137553,6.2397836049999995,-25.69897966666666,-2.1033224660000003,0.16051645066666667,8.688680965666666,-4.527555465666667,-4.075122118,2.203426202333333
1031,2.8637743333333296,25.284639356666663,6.218712648,-25.708689333333336,-1.6990626650000002,0.3195757466666667,10.954846224666667,-4.676126321333333,-3.3882898513333335,-0.2999894616666667
1032,2.8665519999999938,25.24623235,6.198788801666667,-25.71065266666667,-1.9421839216666665,-0.04630790166666667,12.015046753333332,-4.943232218333333,-2.902490178666666,0.40233135200000003
1033,2.8693296666666583,25.213349026666666,6.168351332666667,-25.708956400000005,-2.818793535333333,0.20768530200000002,11.214089233333334,-4.3314355613333335,-3.8234926609999995,1.4275455276666669
1034,2.872107333333323,25.163883209999998,6.146736621666666,-25.727884899999996,-1.855619192,0.37037641833333335,10.004215877333333,-6.035294969333332,-3.917475899,-1.2620774656666667
1035,2.874884999999987,25.11598841,6.132141113333333,-25.721033700000003,-3.0206780429999998,0.3277189383333333,10.208261490333333,-6.250274857,-1.830525875,1.154403786
1036,2.8776626666666516,25.052017210000002,6.142752647333334,-25.715220133333336,-2.965877056,-0.19223282966666666,14.091717399999999,-8.075895628,0.8265675456666667,-0.24374503900000008
1037,2.880440333333316,25.00354322,6.157718499666667,-25.711776733333334,-2.4063531009999997,0.362740221,9.298322994000001,-6.270271779333332,1.2093975543333333,-0.7125753163333334
1038,2.8832179999999803,24.952504473333335,6.181756814333333,-25.692810066666663,-3.3080879850000002,0.572307527,10.020991483666666,-6.749522328333334,3.020243615,0.61734582
1039,2.885995666666645,24.887732823333334,6.229719161999999,-25.678286266666664,-1.766234443,0.2834469873333334,8.986222425666666,-8.323436099666667,5.346186707333334,-1.151103735
1040,2.8887733333333094,24.812217716666666,6.275360902,-25.65459443333333,-2.335081935,0.7144301856666667,13.321835203333334,-9.753670374,5.601394176333334,0.03424634533333341
1041,2.8915509999999736,24.72812589,6.347553094333333,-25.626220700000005,-3.1663476623333335,-0.6246419153333335,11.701321922,-10.819105626666667,8.677221138333335,-0.8553838133333335
1042,2.894328666666638,24.64991379,6.426019986666667,-25.607175199999997,-2.485762059666667,0.07449963199999998,8.654302755333333,-10.002515235999999,8.950225511333334,-2.0724483589999996
1043,2.8971063333333404,24.5596269,6.519999663,-25.57100673333333,-4.0757620333333335,0.21929906799999999,10.531832375333334,-11.702822367333333,11.451636314,-1.0824666816666668
1044,2.899884000000005,24.41516049666667,6.647508462,-25.5588303,-2.276939948666667,-0.8047238403333333,9.685637474333333,-17.844459529999998,13.939161299666665,-5.279934644666667
1045,2.902661666666669,24.236832936666662,6.763064861,-25.54687753333333,-2.404524008333333,-1.2021122276666667,10.003512382333334,-21.96759065,12.646893184666666,-4.720381976
1046,2.9054393333333337,24.012988406666665,6.903297424333334,-25.55235546666667,-2.0860977323333336,-0.19569877800000005,10.433181922666668,-27.114763579999998,14.50662867,-7.776947816
1047,2.9082169999999983,23.744105023333333,7.072957992333333,-25.56417593333333,-3.5818580389999997,-1.2866695723333335,12.109382313666666,-32.462866463333334,17.509634020000004,-9.813587942666668
1048,2.9109946666666624,23.418026603333335,7.291131337333333,-25.557233166666666,-3.902032454666667,-1.6670788276666668,11.134829519999998,-39.58760102666667,23.76829592333333,-9.961039542
1049,2.913772333333327,23.01470120666667,7.508691469666668,-25.596048999999994,-1.7936529319999999,-1.8310151696666666,7.861028433333334,-48.165789286666666,21.657978690000004,-14.788210233333336
1050,2.9165499999999915,22.503075283333335,7.698102951,-25.6628316,-2.0437630016666666,-2.2803283133333334,11.787665683333332,-60.71438980333334,17.35798963,-16.36915747666667
1051,2.9193276666666557,21.894287743333333,7.9923949243333325,-25.712811766666672,-4.642867565333334,-2.3083279533333334,11.495913344666667,-72.55131531666667,29.976271946666667,-19.06206067666667
1052,2.9221053333333202,21.216549556666667,8.310160637000001,-25.761540733333334,-3.0036980310000003,-1.1562519023333333,10.864384652,-80.87683741000001,32.781766893333334,-19.601044333333334
1053,2.924882999999985,20.402146023333334,8.541413784000001,-25.860224366666667,0.4971057496666667,-2.8743227326666663,11.659216564,-96.30967839333334,21.376819926666666,-21.19868406
1054,2.927660666666649,19.497652056666666,8.883769988666666,-25.949826566666662,-5.838130712666666,-1.881599506,10.896475315333333,-107.32135520000001,34.400815963333336,-24.082412716666667
1055,2.9304383333333135,18.50228723,9.175993920333333,-26.035893766666664,-0.28876399999999997,-2.6424451273333336,11.493543784333335,-118.12000531,29.384825073333335,-21.640851973333337
1056,2.933215999999978,17.370625493333332,9.442288397333334,-26.175707533333334,-1.9687584239999998,-1.0215156426666667,6.077210347333334,-133.46455131666667,24.655415216666665,-26.137133916666667
1057,2.935993666666642,16.16313934,9.766137441,-26.279347766666675,-3.3125887313333333,-3.045502662666667,14.313850083666667,-143.20606483333333,33.23003006333334,-23.256312050000002
1058,2.9387713333333068,14.844403899999998,9.957787197,-26.443911233333328,-0.1181659503333335,-0.591470023,10.522339663999999,-155.17754873333334,16.269290923333333,-25.877854029999998
1059,2.9415489999999713,13.426447553000001,10.235604605,-26.56891123333334,-3.386085391,-2.0758777459999997,7.79000473,-167.97591146666664,28.28908666,-23.106602353333333
1060,2.9443266666666736,11.922046184666664,10.396577515666666,-26.759712199999996,-0.6477951206666668,-1.6330899399999999,19.20368703,-176.7441457,13.294410546333333,-26.741631826666666
1061,2.9471043333333378,10.337761561,10.561079659666666,-26.908800766666662,-1.2309111356666664,-0.8585011166666668,-0.43072338933333315,-187.31537373333336,15.449551700666667,-22.365442913333336
1062,2.9498820000000023,8.704551220666668,10.741779011,-27.10993703333334,-3.8609449866666665,-1.0381776493333332,19.465892793333335,-191.89826963333334,16.90092977,-27.14015579333333
1063,2.952659666666667,6.964174191333332,10.769329388333333,-27.30429076666667,0.7796266276666666,-0.6840780826666667,10.040688516000001,-204.92354326666668,-0.3748712359999997,-24.170856476666668
1064,2.955437333333331,5.178276082,10.892430621333332,-27.49700423333334,-3.552374646,-0.3315732876666666,6.434257667000001,-210.36638386666667,11.706740379333334,-25.217857999999996
1065,2.9582149999999956,3.3910365896666668,10.93887488,-27.7092743,-1.282435616,-0.614138494,17.274442670666666,-210.05993653333334,2.978070102666667,-25.313443503333332
1066,2.96099266666666,1.5223626693333332,10.927587506666669,-27.911557533333333,-2.176286419333333,0.2743208406666667,4.755698601,-220.08364866666668,-2.8447572376666677,-25.164847056666662
1067,2.9637703333333243,-0.360421777,10.876769063333333,-28.109064733333337,-0.3146516479999999,0.7412669063333334,17.004875819333332,-221.7963511,-7.197790295666667,-24.381835299999995
1068,2.966547999999989,-2.2183988093333333,10.846226693333334,-28.32067869999999,-5.144157091666667,1.0944613616666665,10.494498649999999,-218.62753293333333,-3.6700296400000005,-25.201025010000006
1069,2.9693256666666534,-4.089735845666667,10.776964503333332,-28.503547666666663,0.011638084999999965,1.278257469,9.354952333999998,-220.7649943,-7.970264433333334,-23.540344876666666
1070,2.9721033333333176,-5.95880091,10.596558253,-28.672587099999998,-0.3616109293333334,0.9933598043333335,14.537867067666667,-220.89207966666666,-20.42758560333333,-22.487092336666667
1071,2.974880999999982,-7.760901370333333,10.436208088666667,-28.84936776666666,-1.9006073873333333,1.5839283463333331,10.505422908333335,-212.63382973333333,-17.515823044,-24.46706358666667
1072,2.9776586666666467,-9.503347396333334,10.260066349666666,-28.976860033333327,-4.306742906666667,2.9678439300000004,12.55795681566667,-206.70422870000002,-19.358071326666668,-18.60842959
1073,2.980436333333311,-11.232137997,10.05547746,-29.117314666666662,-1.046582699,3.856425205666667,11.540945050333333,-204.67550659999998,-22.16619491333333,-21.667379699999998
1074,2.9832139999999754,-12.899582227666665,9.822148322666665,-29.1963272,-1.273424387,1.0275469620000002,11.203555903666668,-198.7969767333333,-26.239697136666667,-15.338150026666668
1075,2.98599166666664,-14.48530642,9.570415495333334,-29.29710896666666,-1.963796178333333,2.3764347133333334,11.215986885666666,-188.44443769999998,-27.440565746666667,-19.54390653333333
1076,2.988769333333304,-15.970486639999999,9.317971546666667,-29.324368800000002,-2.6109771333333334,3.2087649506666662,12.074584007666667,-177.98354593333337,-29.268804553333336,-11.470911664333334
1077,2.9915470000000064,-17.36922741,9.092969893333334,-29.371584566666666,-1.8238505573333335,3.8381562233333333,8.698978741666666,-167.21753943333334,-25.098542530000003,-13.481334050333333
1078,2.994324666666671,-18.675842603333336,8.860326766333335,-29.372909566666667,-2.4702751836666668,2.7918118636666662,11.676017760666667,-157.08552043333336,-27.345786413333332,-9.1792144
1079,2.9971023333333355,-19.890113833333334,8.623080890333332,-29.375027966666668,-2.236883402,3.592293461,11.898871901666666,-146.03513336666666,-27.544675190000003,-9.734234969666666
1080,2.9998799999999997,-20.997367856666667,8.430641333333332,-29.366086300000003,-2.822747786666667,3.1148235003333333,9.366085370999999,-133.39085135000002,-22.82887522333333,-7.116326653666666
1081,3.0026576666666642,-21.973065696666666,8.208950519666667,-29.335863766666666,-1.5224926869999997,3.180850704333334,9.912674743333334,-118.04869078999998,-26.759794233333334,-6.383418957333333
1082,3.005435333333329,-22.840625126666666,8.03816096,-29.32467396666667,-2.9433831720000003,4.3186306949999995,11.195066133333333,-104.68709057000001,-20.188645683333334,-6.706980962333333
1083,3.008212999999993,-23.599997839999997,7.867719809333334,-29.295921333333325,-3.8651461603333335,3.5807634193333335,9.747149467333331,-92.10706966,-20.849604606666666,-4.799871285666667
1084,3.0109906666666575,-24.23414993333333,7.734744548666666,-29.298444133333337,-1.108060834,3.956217845333333,9.343686899666666,-76.47228875666667,-15.154888786666667,-6.890470742666667
1085,3.013768333333322,-24.763962426666666,7.607130209666667,-29.280853266666664,-5.1545694666666675,3.480238437666667,9.095495224333334,-64.35727564666666,-15.50905386333333,-4.454212723666667
1086,3.016545999999987,-25.21410179,7.492321332333333,-29.293576533333333,0.08712764566666668,2.1044289666666667,11.354298270000001,-54.270294189999994,-12.480526924333333,-7.353569905666666
1087,3.0193236666666508,-25.564286546666665,7.372938633,-29.28813936666666,-3.516695102,3.4022988476666662,11.614208060666668,-42.608880043333336,-13.967802366666668,-5.526104530333334
1088,3.0221013333333153,-25.838494616666665,7.2549645106666665,-29.299687700000007,-1.2657206853333334,3.2446237406666665,12.393134437333332,-33.15642770066666,-12.786096728999999,-7.637017407333334
1089,3.0248789999999803,-26.033936183333335,7.158456325666667,-29.30825806666667,-3.0545262496666665,1.1703246236666667,9.771246433333333,-23.846758367000003,-10.746706167999998,-5.884576559
1090,3.027656666666644,-26.16833750666667,7.0518124900000005,-29.32815043333333,-1.0703462066666665,2.9932642376666667,11.309227624333333,-16.197132,-11.065861223666667,-8.045440276666666
1091,3.0304343333333077,-26.244035723333337,6.9664667446666675,-29.333457933333335,-3.772321383,1.738291383,14.479303676666666,-9.495721181999999,-9.673538206666667,-5.067363262333333
1092,3.0332119999999736,-26.28399340333333,6.869658788,-29.348012266666675,-1.7949634593333332,1.3132570386666667,8.718822161333334,-4.974307139666667,-10.274021309666667,-6.9443411033333335
1093,3.0359896666666373,-26.291558583333337,6.787931760333334,-29.346051533333338,-0.8976503610000002,0.484217927,6.395176251666666,-1.3907934426666666,-9.647697607333333,-4.152674436333334
1094,3.03876733333334,-26.27802658,6.6754794120000005,-29.349657700000005,-2.4564355216666667,1.1766418216666665,12.189265249666667,1.2889212370000003,-12.50953738,-6.677542527666667
1095,3.041545000000004,-26.238700866666665,6.569182873,-29.321233100000004,-1.020348668,-0.128904212,11.303535460333334,3.8442578316666665,-13.69438108,-2.5766475596666667
1096,3.044322666666668,-26.203280133333333,6.460398674,-29.321177166666672,-3.012708440333333,1.3953071233333334,11.546413739333333,3.849329749666667,-12.323728561000001,-6.1226580146666665
1097,3.0471003333333333,-26.173252743333336,6.363173166999999,-29.2948888,-0.44997129833333327,-0.6100127896666667,8.989211718333333,2.769872188666667,-12.62172286,-2.2463132343333334
1098,3.0498779999999974,-26.147190730000002,6.258562406,-29.295712766666668,-3.7729081709999996,0.46979748699999996,9.748016675,2.709277709333333,-11.860280356666665,-5.972476124
1099,3.052655666666661,-26.12291971666667,6.159567515,-29.2751465,-0.5426999326666667,-0.07962317233333334,12.649526916666668,2.136453827,-12.452127933,-3.0416394876666666
1100,3.055433333333326,-26.1165816,6.064798196000001,-29.26654053333333,-4.182598702333333,0.003253474999999987,12.456720032333331,0.18029030166666674,-11.304149468666667,-4.449082373
1101,3.0582109999999907,-26.121078490000002,5.959726651666667,-29.260159833333333,-0.2179236213333334,0.49801241366666665,11.010070803,-1.1048994460000003,-12.348055680333331,-4.909922123333334
1102,3.060988666666655,-26.14591534666667,5.884473642000001,-29.24709833333333,-4.148870229666667,-0.8481224776666666,9.135464349,-3.6020919476666666,-9.425133942333334,-2.9356861113333337
1103,3.0637663333333194,-26.19833883,5.806909879,-29.271685266666662,-0.2333896356666667,0.2917920253333333,12.138926984,-6.424653649000001,-7.761409522666667,-6.771850786000001
1104,3.066543999999984,-26.260733923333333,5.759099960666667,-29.25855763333334,-4.636494244333333,-0.4192053156666667,11.915371256333335,-8.116460868666667,-6.442616224333334,-1.5025102893333333
1105,3.069321666666648,-26.326304753333336,5.717113653666666,-29.30008443333333,-0.40839590633333306,0.375003333,9.894350053333334,-7.807603678333334,-3.0224036376666668,-6.7575268736666665
1106,3.0720993333333126,-26.396851856666668,5.660740216333333,-29.273531599999995,-3.4066381356666664,-0.7204606846666666,9.020968279666667,-9.270122050333333,-8.049491804,-0.5432268083333335
1107,3.074876999999977,-26.50851631,5.6134839056666666,-29.313374866666667,-0.8681381346666667,-0.2748456223333333,11.711080549999998,-13.376073680666666,-3.6600360076666667,-6.907341480333333
1108,3.0776546666666413,-26.644508363333333,5.563083171666666,-29.29245246666667,-2.8138796486666666,-0.5766926603333334,11.584736505999999,-17.048157374000002,-7.121125936666666,-0.7889657019999999
1109,3.080432333333306,-26.794518150000002,5.541300614666667,-29.330980933333336,-1.9323588409999999,0.5768987733333334,11.458573342,-17.982088723333334,-0.9725089473333332,-5.4336094059999995
1110,3.083209999999971,-26.95591291,5.509379069,-29.326454166666664,-2.105597059,-0.2587367993333333,10.417334874666667,-19.893815356666668,-4.261036411,-1.5391642053333332
1111,3.085987666666673,-27.13871638,5.508075873,-29.35981753333333,-2.9137081006666663,-0.7272315520000001,11.126756667666667,-22.013668380000002,0.9702765546666665,-3.7619982063333333
1112,3.088765333333337,-27.328194299999996,5.489115556000001,-29.36476133333333,-1.3545016446666664,0.3588566133333333,9.577789147333334,-23.14680608333333,-2.376557886666667,-1.8265432516666664
1113,3.0915430000000015,-27.508565903333334,5.4702342349999995,-29.375638300000006,-2.3921747503333335,0.2356854306666666,9.401791732,-22.003906246666663,-2.1033735276666667,-2.355238517333333
1114,3.094320666666666,-27.695831933333334,5.479998429666668,-29.39035543333333,-2.3650533360000003,0.40867521333333334,10.237280843999999,-22.746531166666667,1.2404297246666667,-1.3216266633333333
1115,3.097098333333331,-27.897539773333335,5.482086181666666,-29.398529033333332,-2.057795763,0.075642181,12.696223894666668,-24.58457565333333,-0.011278867666666562,-0.9221981366666667
1116,3.0998759999999947,-28.095772426666667,5.519001484,-29.433682733333338,-2.9855506716666667,0.4391334603333334,11.690085410666669,-23.824630736666666,5.273866494333333,-1.9522623223333333
1117,3.1026536666666593,-28.26876640333333,5.5515584943333325,-29.439170833333336,-0.8204378213333333,-0.028281415000000004,9.900707560999999,-21.178289413333335,3.069116011333333,1.1085891326666666
1118,3.1054313333333234,-28.430292129999998,5.583431879666667,-29.48188783333333,-2.9630766713333334,0.6910508223333333,10.856529873,-19.33364328,5.191673835,-3.021524747333333
1119,3.108208999999988,-28.577305476666666,5.615438779333334,-29.470080033333335,-1.2799152533333336,-0.11606319766666669,11.066020963333335,-18.292201996666666,2.0433375039999997,2.909555932
1120,3.1109866666666517,-28.724650063333332,5.646459579666666,-29.517186500000005,-3.201107879333333,1.7076987823333336,10.159839631666667,-17.57949575,5.3472807006666665,-3.5007712046666666
1121,3.1137643333333167,-28.86453437666667,5.696903705666666,-29.522216799999995,-1.749126196,-0.025299395333333335,10.438697815333335,-17.225173313333332,4.944086790333333,2.204084436
1122,3.1165419999999813,-28.996434530000002,5.743889967666667,-29.567316699999996,-2.639659603333333,0.26717160133333334,10.090115865666666,-15.728852593333334,6.929800669333333,-2.359332005
1123,3.119319666666645,-29.109828313333335,5.784973303666667,-29.592074099999994,-0.5876734256666668,0.41672860700000003,11.017678259333332,-13.80292034,5.109511693333333,-0.389614423
1124,3.12209733333331,-29.20995458,5.838738441666667,-29.620422366666673,-3.155643920333333,-0.07460998500000005,10.227302073333334,-12.13888264,6.662144501999999,-0.14663306866666667
1125,3.1248749999999745,-29.29562759,5.882363319666666,-29.660771699999998,-0.12837388133333327,1.119942536,9.916875202666667,-10.258515995,6.262707074333332,-1.8336765963333335
1126,3.127652666666639,-29.363728206666664,5.922125975666667,-29.674181633333323,-3.8887626333333336,0.2929056286666667,13.678353946666666,-8.481403669666667,4.3283321856666666,0.6260717313333334
1127,3.1304303333333032,-29.436175666666667,5.966636657666666,-29.713966333333328,-1.1436721436666666,-0.054700851333333356,12.565497080999998,-8.660467942666665,6.318281014666667,-1.7053959369999998
1128,3.133208000000005,-29.48550097333333,5.9958930016666665,-29.72702026666667,-2.7123510040000003,0.6888572426666667,9.379557450333333,-6.231567859666668,3.230369091,0.02242951266666667
1129,3.13598566666667,-29.53630511,6.029382069666667,-29.754511499999992,-1.4322796413333334,0.26918657633333337,9.539214135,-6.2044730186666674,4.449244499333333,-1.089962592
1130,3.1387633333333347,-29.57037735,6.054449081666667,-29.76330823333333,-1.1981399259999999,-0.0077382330000000206,10.537247815333332,-4.4583025869999995,2.536330024666667,0.23023356033333334
1131,3.141540999999999,-29.57946523,6.070460796666667,-29.774467466666664,-2.1112846136666668,0.7582334676666665,11.698409398999999,-1.4189518989999998,1.665429155,-0.4283895366666666
1132,3.1443186666666634,-29.584438320000004,6.105573971999999,-29.790774033333324,-2.573603868333333,0.337122937,8.764010271333333,-0.8693726860000002,4.020103136666667,0.04627640666666666
1133,3.147096333333328,-29.581689833333332,6.109003385,-29.79191333333334,-1.419354816,0.2809116293333333,10.235141119333335,-0.1200882196666666,-0.24315599599999996,-0.11536649866666669
1134,3.149873999999992,-29.59558995333333,6.127250194666668,-29.805135100000005,-3.3426237899999998,0.8248999416666667,13.211402576666666,-1.9802788893333332,2.0789409876666665,-0.622801617
1135,3.1526516666666566,-29.61786333666667,6.141164779666667,-29.819745400000002,-0.9757536846666667,-1.0532872726666667,12.737591743333335,-2.9663971663333335,1.6459580139999999,-0.881765773
1136,3.155429333333321,-29.612766899999997,6.138082027333333,-29.82438403333333,-2.6038688026666663,-0.4146055880000001,10.278493244333333,0.1780958970000001,-0.65124619,-1.0195574436666666
1137,3.1582069999999853,-29.60813268,6.148413499,-29.847109466666666,-1.6480376523333333,0.887359053,9.119874954666667,0.357425292,1.7504256766666666,-1.9665754636666666
1138,3.16098466666665,-29.611977893333332,6.141729514000001,-29.84797923333333,-2.1994920173333337,-0.23214233166666665,10.506954830666666,-0.9553426306666667,-1.2329924503333334,-0.842674131
1139,3.163762333333315,-29.61896833,6.139333566333334,-29.871429466666665,-2.077904105,0.19537408533333334,10.874853135333334,-1.0233869553333335,0.45920781300000013,-2.780497869
1140,3.1665399999999786,-29.632109326666665,6.149711609000001,-29.886645,-2.259768526,-0.3622671183333333,11.839726766666667,-1.8862364913333334,1.4088980753333333,-1.3443672283333334
1141,3.169317666666643,-29.654520036666668,6.147777557333334,-29.90842693333333,-2.25816832,-0.6070517006666667,10.945592244666665,-2.879360358,0.4012854099999999,-2.5750801563333336
1142,3.172095333333308,-29.67227490666666,6.172294934666667,-29.9401957,-2.003237009,-0.17609657599999998,11.412492433333332,-2.205342973,3.8351086776666663,-2.173081994
1143,3.174872999999972,-29.68458112,6.177795886999999,-29.9503174,-2.264220834,0.26156417499999995,11.625219344,-1.823648413,0.49280945466666665,-0.8824785353333334
1144,3.1776506666666364,-29.70950508333333,6.195561567666666,-29.978589400000008,-2.2327297133333333,0.04826991766666666,11.462994894333333,-3.124125977333333,2.9297650256666663,-2.2368443013333335
1145,3.1804283333333387,-29.732955933333333,6.214783668333332,-29.987228399999996,-2.046136856,-0.08865183599999997,9.927713713666668,-3.2103387513333335,1.8411722976666667,0.06174731766666661
1146,3.1832060000000033,-29.75272624,6.239416440333334,-30.004735333333333,-2.0815146766666666,-0.018643090999999983,10.328570363999999,-2.6296981969999997,2.985048860333334,-0.6858125326666666
1147,3.1859836666666683,-29.775934856666666,6.277244885666668,-30.031382233333332,-2.329992095666667,0.05226213200000004,11.704734165,-2.9438232479999997,4.830084999333333,-0.6657055493333334
1148,3.188761333333332,-29.791454313333332,6.314395109666667,-30.041346233333332,-2.354034304666667,-0.2790097569999999,9.646734079333333,-2.239085435666667,3.879271785666667,0.8005515536666667
1149,3.1915389999999966,-29.818937303333332,6.356955846000001,-30.0752487,-2.3066267173333332,-0.12596429366666673,8.714245000333333,-3.345244942666666,5.731954178666666,-1.1357395653333333
1150,3.1943166666666616,-29.84746106333333,6.411389668666666,-30.098948166666663,-2.374621391333333,-0.196192488,11.769398529999998,-3.6180065873333334,6.494498253,0.41897223366666664
1151,3.1970943333333253,-29.876444496666664,6.470854282333334,-30.134106966666668,-2.069801251,-0.10867129266666664,12.95815277,-3.4960998893333333,7.556746483,-0.205597063
1152,3.199871999999989,-29.911483763333337,6.538756211666667,-30.179229699999997,-3.071785211666667,-0.36591327166666665,11.333309491,-4.113698482333334,9.160283246333334,-0.9723166029999999
1153,3.202649666666654,-29.936804453333334,6.605166276333333,-30.2141927,-2.5765427549999997,-0.4448793826666666,7.414585907999999,-3.0755400956666663,8.277770042666667,0.22649391500000002
1154,3.2054273333333185,-29.96921476,6.676226775,-30.259735099999997,-1.855302602,0.7373341719999998,11.694793383333334,-3.7588512106666663,9.506119252666666,-0.8316816093333333
1155,3.208204999999983,-30.020648956666665,6.756991227333334,-30.3128459,-1.982087374,-0.6258710823333332,12.232429821333334,-5.948620239666667,10.836871148,-0.7375448643333332
1156,3.2109826666666472,-30.058668773333334,6.842052618333334,-30.361091599999998,-3.137619098,-0.3509842753333332,9.339959462666668,-4.383919795333333,11.134877206,-0.26430904366666663
1157,3.213760333333312,-30.07298978,6.919691880666666,-30.413497933333336,-0.755199035,0.4954797823333334,9.609128953333334,-1.4803023336666665,10.454510053333333,-0.8237751823333334
1158,3.2165379999999764,-30.11528333,7.003095467666667,-30.46553036666666,-2.5739910599999996,0.267553723,12.528686204000001,-4.831028779333334,11.184200603999999,-0.7181206940000001
1159,3.2193156666666405,-30.164628346666664,7.099061489,-30.520044966666664,-2.4546646476666667,-1.052741408,12.065039634666666,-5.631474018,12.452081045999998,0.151854058
1160,3.222093333333305,-30.176349003333332,7.174242178666667,-30.570559199999995,-1.7921890653333332,-0.26177702833333333,7.914724985666666,-1.1582588353333334,10.256401696666666,-1.0750082133333334
1161,3.2248709999999696,-30.20393308,7.2392590839999995,-30.61300403333334,-2.610703786333333,0.257186681,12.231310209999998,-3.1881101923333333,8.527385234333332,-0.4898039999999999
1162,3.227648666666672,-30.254688896666668,7.303821087,-30.64744566666666,-1.7074757390000002,-0.9014628133333332,9.471824804333332,-6.041271686333334,8.218990165333333,-0.09592535099999999
1163,3.230426333333336,-30.25911394666667,7.37428236,-30.696032200000005,-1.9021236103333334,-0.06323259066666666,8.816547712,-0.2824353896666667,9.472922326666668,-0.817341715
1164,3.2332040000000006,-30.274481456666667,7.396480878333333,-30.70726266666667,-2.2275116046666668,0.45927246033333335,11.810237089666666,-2.177666684,2.4039345583333334,-0.19926164533333326
1165,3.235981666666665,-30.30107053,7.444470405333334,-30.735198999999994,-2.006550153,-0.8043417333333333,10.344215712666667,-3.258801142333333,5.828238109666667,0.09038815866666676
1166,3.2387593333333293,-30.282018026666663,7.470042228666667,-30.747858699999995,-1.8215397993333333,0.659905374,11.076051235,1.9934619466666668,2.8578526180000003,-0.18242035300000006
1167,3.241536999999994,-30.296578089999997,7.456772009666666,-30.740374266666674,-1.7604356606666667,-0.27955839033333335,12.594172160666666,-2.388992518,-2.5952086050000003,-0.04281425466666663
1168,3.244314666666659,-30.299486796666667,7.469105084666666,-30.749778733333333,-2.5452858606666666,-0.7894066670000001,10.610957782666667,-0.6924040269999999,1.2830255826666666,-0.6424263913333333
1169,3.2470923333333226,-30.278155643333335,7.441972732666667,-30.729942300000005,-2.2277000746666666,0.47234127766666667,10.956361135,1.7481715383333334,-4.783651074,0.4123892983333332
1170,3.2498699999999867,-30.286402386666666,7.4030685426666665,-30.71134693333333,-1.4056677423333335,-0.7106466296666666,10.957256317666667,-1.8034941056666665,-5.724973917333333,-0.8544867336666667
1171,3.252647666666652,-30.270222983333337,7.381004651333332,-30.705487566666662,-3.3484636943333332,-0.14261896300000002,10.674572626666667,1.3520388803333334,-3.4049727119999997,-0.7417287826666668
1172,3.255425333333316,-30.25520197333333,7.334264278333333,-30.66367846666667,-2.548410018333333,-0.3113759956666666,11.003151575333334,0.6575941890000001,-7.939470132333334,1.056044956
1173,3.25820299999998,-30.257094703333333,7.294733206333333,-30.6528244,-1.7762089173333333,-0.5336874079999999,9.950884817666667,-0.9172969659999999,-5.5152018866666666,-1.2866712013333335
1174,3.2609806666666454,-30.22625033,7.269526323000001,-30.622639966666664,-3.6241799196666666,-0.44192079700000003,10.782667636,2.697516520666667,-5.033069650333333,1.2059524853333332
1175,3.263758333333309,-30.232010523333333,7.213263035,-30.595164,-2.8300385873333327,-0.3374168973333333,12.158729549999999,-1.6128091813333334,-8.260100047,-0.5738698640000002
1176,3.2665359999999732,-30.213556926666666,7.211456775666666,-30.57361093333334,-1.749937286,-1.3648764689999997,9.587600071333332,1.333647887,-2.058915059,1.6889813343333333
1177,3.2693136666666383,-30.197060903333334,7.176341056666668,-30.562975566666665,-3.9721202853333337,0.8498747746666666,12.538090070666668,1.283738335,-5.070299307333333,-1.017405927
1178,3.2720913333333397,-30.20535278666667,7.167990366666667,-30.535746266666663,-2.2375084956666664,-1.8258888323333335,9.365722815,-1.9659055073333336,-3.0806244216666667,1.8859677266666666
1179,3.2748690000000056,-30.178229650000002,7.181980927666667,-30.54787953333334,-2.7394130823333334,-0.009467775666666678,11.246955553333335,2.9190153283333333,1.4217480023333335,-0.46275962400000004
1180,3.2776466666666693,-30.178275423333332,7.170789241666667,-30.521179199999995,-2.839336832666666,-0.261828845,10.899562201333332,-0.9827328923333333,-3.333095312333333,1.6673630499999998
1181,3.280424333333333,-30.17796516333333,7.205843607666668,-30.550392133333336,-2.7585956056666667,-1.1291865903333334,9.079879124333333,-0.05692765433333332,4.603604098333333,-0.9251861573333334
1182,3.283201999999998,-30.147487639999998,7.231434503999999,-30.537422166666662,-2.5884661970000002,-0.11434377666666667,10.498623371333332,2.932210763,1.3049897056666666,2.4906043760000003
1183,3.2859796666666625,-30.162905376666668,7.256657918333334,-30.56358846666667,-2.530123810333333,-0.32356335233333333,10.542010625666665,-2.005722637,3.395657788,-1.2135297456666667
1184,3.288757333333327,-30.143254600000002,7.311721483666666,-30.57562256666667,-2.997248172666666,-1.2187124886666665,9.361836433333332,2.015016556,5.8644434610000005,1.704687516
1185,3.291534999999991,-30.127297716666664,7.346055984333333,-30.589009599999997,-2.5398558376666664,0.5570457926666667,11.496932981333332,1.5941060783333334,3.5501248039999997,0.6721855800000002
1186,3.294312666666656,-30.140286763333336,7.404035568,-30.6136805,-2.0383832353333333,-1.15909937,9.499302227666666,-1.7114920716666664,6.963917573,0.5133182603333334
1187,3.2970903333333204,-30.11312802666667,7.452449321666666,-30.626304633333334,-3.308863361666667,-0.7177933256666668,11.813910483666668,2.9231477180000005,4.980303764333334,1.5884796776666665
1188,3.2998679999999845,-30.11926778,7.513911247333333,-30.6514155,-2.289164980333333,0.3668803586666667,10.435780206666665,-0.8719427186666667,7.314956428333333,0.7358037629999998
1189,3.302645666666649,-30.095288596666666,7.586691697666667,-30.662279800000007,-2.1756606003333334,-1.5904429556666668,9.361633936666665,2.508837600666667,7.417541504,3.2320514323333334
1190,3.3054233333333136,-30.06183688,7.635428905666667,-30.67437236666667,-2.4250577686666666,0.6377328036666666,12.262343406999998,3.6931974486666665,5.2487330850000005,1.2613478503333335
1191,3.3082009999999777,-30.03632672666667,7.736471653,-30.688135799999998,-2.946804603,-0.6890986713333334,9.068278631,2.749513585666667,10.549719492,4.588415384
1192,3.3109786666666428,-29.941746393333332,7.804838339333333,-30.685946166666668,-2.17173933,0.7299845713333334,10.90995153,10.831085999,6.472872892000001,3.870151555333333
1193,3.313756333333307,-29.852598826666668,7.904458840666667,-30.6786855,-2.104596406,-0.05668193600000001,9.857880272666668,10.042021750666668,9.154469965333334,6.656235456666667
1194,3.3165339999999706,-29.707942963333334,8.011913140666666,-30.684694899999997,-3.1568673453333336,0.9145653496666667,9.448748907666667,16.958225566333333,11.027303061666666,5.369633516666667
1195,3.3193116666666733,-29.49965795,8.116816044,-30.64030456666667,-2.4460554516666666,0.6075965959999999,9.429156463,23.73293686,7.5799918176666665,10.710786979
1196,3.322089333333338,-29.276311240000002,8.238871733333333,-30.63847863333334,-1.8565094273333334,1.3932459953333334,11.466825802999999,26.264958699999998,12.166598637999998,6.883658329999999
1197,3.324867000000003,-28.976716359999998,8.381410757666666,-30.599848433333324,-3.5124310773333334,0.12858732566666664,8.569563866666666,34.76621055666667,11.98794969,12.165087381
1198,3.3276446666666666,-28.606490453333333,8.501936435666666,-30.574111933333338,-3.240343019333333,2.0323487520000003,9.341000875,43.47210566333334,10.705824852666666,9.112074058666666
1199,3.3304223333333307,-28.19487826,8.682419141,-30.537231466666668,-2.2578994929999996,0.8774332006666666,12.363224346666668,48.208023706666665,16.26907571,13.947861353333332
1200,3.333199999999996,-27.707548776666666,8.850264231333334,-30.511571266666664,-4.002276222,2.1764079333333335,8.493737381333334,57.497683206666665,15.889528912333333,11.560343265666667
1201,3.33597766666666,-27.14533043,9.051139513666667,-30.46762083333334,-2.0392822423333334,0.49568643166666665,10.44814968,66.14719644999998,18.383399963333332,15.35125033
1202,3.338755333333324,-26.514624913333336,9.240418434333334,-30.43529256666666,-3.845240821333334,2.75649484,11.047849336666667,74.55131021999999,18.047059855,13.062418935666665
1203,3.3415329999999894,-25.824535369999996,9.499637603666665,-30.3903758,-2.9579005343333336,0.8664646743333333,9.504434902333333,81.44464747666667,25.041341783333337,18.06013584
1204,3.344310666666653,-25.04083633333333,9.734164874,-30.352806066666663,-2.8455768426666666,1.2722881236666665,8.094721794333333,92.78342436999999,22.978224116666667,15.455582620000001
1205,3.3470883333333172,-24.17910639333333,10.026502928333334,-30.301595066666664,-2.3231712979999997,1.8471314509999999,9.824682553333332,101.87842303999999,28.928723016666666,19.439337730000002
1206,3.3498659999999822,-23.266890843333332,10.301005682333333,-30.259455366666668,-3.417880992333334,1.909161607333333,12.653680483333334,108.08327994666666,27.555667240000002,17.23357550333333
1207,3.3526436666666464,-22.264568963333335,10.639437358,-30.210067733333336,-2.399079707666667,0.006137818000000017,6.514663337333334,118.74294786666667,34.79961395,20.28958829
1208,3.355421333333311,-21.19358444,10.957004226666667,-30.150052400000003,-3.6332308053333335,2.371540586,10.641955534666666,126.67178093333335,32.128084816666664,20.126593906666667
1209,3.3581989999999755,-20.086758933333332,11.30907758,-30.103787733333323,-2.625223179666667,-0.11737438266666667,8.849167506,131.2925364333333,37.278018313333334,19.246279083333334
1210,3.3609766666666396,-18.908875783333333,11.67422708,-30.041641199999997,-3.2557555436666665,1.1145618756666666,16.115553536666667,139.38124593333336,38.14618047333333,20.916407903333333
1211,3.363754333333304,-17.68929672333333,12.03538354,-29.97701263333333,-2.9396166800000003,0.7334813523333333,5.569079281333333,144.30726113333336,38.579980213333336,20.048029903333333
1212,3.3665320000000065,-16.39430523,12.43740082,-29.893478366666667,-2.3370844923333336,-0.115825633,12.720098493333333,152.79600523333332,42.56116230999999,22.82547696333333
1213,3.369309666666671,-15.100252786666667,12.789553323333335,-29.81139883333333,-2.9225724539999995,1.492433667,9.168563681666667,152.68347676666664,37.82480239666667,19.90497017
1214,3.372087333333335,-13.756063460666667,13.199123700000001,-29.69433593333333,-2.4062689146666667,-0.4222562413333333,15.111258190000001,157.6084645666667,43.54932912333334,25.08583450333333
1215,3.374865,-12.394597370999998,13.614118893333334,-29.5966924,-3.3127324579999997,-0.019276573999999973,8.052919546333333,160.21896873333333,45.72752634666666,21.38847160333333
1216,3.3776426666666644,-10.987713972666667,14.007083576666668,-29.445554100000006,-2.1104179026666667,-0.48865564666666667,9.676925023,163.92012533333335,41.91119766,26.429400126666664
1217,3.3804203333333285,-9.585045019333334,14.440734546666667,-29.313903799999995,-3.1934539476666663,-0.7000995080000001,14.73290348,164.00679526666667,48.21637598666667,23.56514676333333
1218,3.383197999999993,-8.187924861,14.873038293333332,-29.14479316666667,-2.8499130603333334,-1.3568609556666669,8.513146877333334,161.90957133333333,47.537296293333334,27.218997956666666
1219,3.3859756666666576,-6.728218475333333,15.291632973333334,-28.979972833333324,-2.6243876813333333,-0.3458150226666666,10.449332553666666,169.58630373333332,46.91078822,24.800822576666665
1220,3.3887533333333217,-5.285009583,15.738575933333335,-28.78468576666666,-3.5577570596666668,-0.521035711,11.664845783666665,166.27884423333333,50.32241567,28.133754730000003
1221,3.3915309999999868,-3.8779248200000005,16.151788393333334,-28.59625243333333,-1.7986037333333333,-1.4189221859999999,9.730869612666666,162.1406657,47.16766612,25.389178596666667
1222,3.394308666666651,-2.4088052113333336,16.546459199999997,-28.385843933333334,-1.1948399546666668,-1.7234097320000001,8.914014817333333,168.52199810000002,45.276453653333334,27.117322286666667
1223,3.3970863333333146,-0.9723788103333334,16.922142026666666,-28.170224500000003,-1.72323895,-0.281227827,12.562561353,164.43541973333333,43.789288840000005,26.157714209999998
1224,3.39986399999998,0.43519349366666676,17.276471456666666,-27.93952433333334,-2.2878127893333335,-1.1846529243333335,9.557899953000002,160.27803546666667,41.75555547,26.31399218333333
1225,3.402641666666644,1.879886070666667,17.61215528,-27.70786793333333,-1.414920668,-1.624425014,10.498839696333333,164.55270383333334,40.21006774666667,25.71934699666667
1226,3.405419333333308,3.2751892743333335,17.88921865,-27.46861266666666,-2.246001601333333,-1.4976165296666668,11.994529087666669,158.20662943333332,33.82818984666667,25.636687596666672
1227,3.408196999999973,4.622534474,18.15060107,-27.229418433333333,-1.1149675096666667,-3.098297516666667,11.309564749333333,152.3316447,32.60074678666667,25.109497706666662
1228,3.4109746666666374,5.977028369999999,18.37404632666667,-26.995040900000006,-2.874346137,-1.4069330293333333,9.713699973333332,153.24235026666668,28.475688933333334,24.087324140000003
1229,3.41375233333334,7.295024395666666,18.60398419666667,-26.75340273333333,-2.099185665333333,-1.5774043403333333,11.567940074333334,148.49556986666667,29.968478523333335,24.118565243333336
1230,3.416530000000004,8.554645381,18.75577735666667,-26.512774133333334,-0.8549992246666668,-2.298841476666667,13.494921686,141.41278583333334,21.18639469,24.543257396666665
1231,3.419307666666668,9.780263106666668,18.877845763333333,-26.29608663333333,-0.7645205010000001,-2.1309805713333336,8.94913149,138.20839183333337,17.685395240000002,21.85233497666667
1232,3.422085333333333,10.969645181333334,18.989929836666665,-26.06983946666666,-3.7670172453333333,-2.6344205936666665,10.802393436333334,133.39863076666666,17.22082456,22.773158393333333
1233,3.424862999999997,12.100299199,19.07137425666667,-25.858647666666666,-0.002905388999999999,-2.335654656333334,11.183395703666667,126.96759540000001,13.728120166666665,21.43710009
1234,3.4276406666666612,13.160574276666665,19.100058236666666,-25.665896066666665,-2.2916093666666666,-2.7601955733333337,13.493287881666665,119.13750203666666,7.467429955,20.621060053333334
1235,3.4304183333333262,14.164296146666667,19.104558309999998,-25.480524700000004,-1.6031095486666667,-3.108484268,9.182992934666666,112.70211536,4.821551382666667,20.132167816666666
1236,3.4331959999999904,15.106394133333332,19.115138373333334,-25.3130519,-2.24445949,-2.531454801666667,9.851745445333334,105.96920268999999,5.367923020666666,17.970087686666666
1237,3.435973666666655,15.974026043333332,19.048060733333333,-25.162068699999995,-0.9825185623333335,-2.9124579426666664,11.62220955,97.69479370333333,-3.8378087529999996,18.70943324
1238,3.4387513333333195,16.77764829,18.968577703333334,-25.034065266666662,-1.4045386213333335,-3.491840124,12.831000963666668,90.91673023,-5.7262138516666665,16.424686750000003
1239,3.4415289999999836,17.520069120000002,18.844832103333335,-24.92308300000001,-2.1757737793333334,-2.40840137,13.056147573333334,84.28074137666665,-11.116767166999999,16.286679903333333
1240,3.444306666666648,18.200327553333334,18.748571396666666,-24.8127645,-1.928595384,-2.6317935786666666,5.882583300333333,76.78436406666667,-7.737716199333332,15.310017903333332
1241,3.4470843333333128,18.79482015,18.56617228,-24.748418166666664,0.5133374086666667,-2.722968498666667,14.593128843333334,68.38186645666667,-19.058799106666665,13.72148196
1242,3.449861999999977,19.33115641,18.37405141,-24.688179033333338,-3.631602207666667,-3.5592694283333337,10.315122604333332,61.50888824333333,-20.146328926666666,13.832098643333333
1243,3.4526396666666415,19.825794220000002,18.20201111,-24.63455963333333,-1.8738053440000002,-1.8251543443333331,15.68379370333333,56.88405227333333,-18.010684013333336,12.408087413333334
1244,3.455417333333306,20.287801106666667,18.00538953,-24.589429233333338,-2.7254328626666666,-1.812319875,5.400443156666667,53.21166356333333,-20.977678936666667,12.711700123333332
1245,3.458194999999971,20.673442203333334,17.80803871,-24.554346733333333,-0.4393797566666667,-3.086037874,12.186053274333332,44.48060671666667,-21.378923099999998,11.677912713333333
1246,3.4609726666666725,21.00265503,17.578538893333334,-24.54974619999999,-2.8100716269999997,-2.390546043666667,12.48257796,38.83926201,-26.109051386666664,10.108950136666666
1247,3.463750333333337,21.292682646666666,17.400683086666664,-24.510676066666672,-3.3552920023333335,-2.0661232469999997,15.032791139999999,32.90276019,-18.872632663333334,11.508701957666666
1248,3.4665280000000016,21.56434059,17.210540136666665,-24.49483996666666,-2.43116045,-1.9129518666666667,8.354211171000001,31.595275243333333,-21.13390827,9.831788540333333
1249,3.4693056666666657,21.793525059999997,17.04581483,-24.468930566666668,-3.2047233583333337,-2.3287439743333334,9.574713388666668,26.09674612666667,-17.848864554333332,9.655270258
1250,3.4720833333333307,21.983361563333332,16.861089703333334,-24.445788066666665,-1.1622972886666667,-2.2388725676666668,11.83697478,21.555294989999997,-20.141264916666668,10.494183855666668
1251,3.474860999999995,22.12464205666667,16.698128696666668,-24.435198466666662,-3.5444838606666664,-1.4973405203333332,12.892824809333334,16.120087625333333,-18.245691936666667,8.098231474
1252,3.4776386666666586,22.268145880000002,16.561656,-24.3910039,-1.9939584336666665,-2.07596306,10.304026921333334,15.236025651666667,-13.777680875000001,10.742430050333333
1253,3.4804163333333236,22.38949776,16.44443321,-24.37420403333333,-3.503911733666667,-1.1452893813333331,8.379576046333334,13.560396510333334,-12.868917624,6.785956541666667
1254,3.483193999999988,22.487829843333333,16.331701916666667,-24.31961823333333,-2.38126417,-1.7220202980000001,14.664878846666667,9.463639893666667,-10.631184418666667,10.780314446333335
1255,3.485971666666652,22.552570340000003,16.236158373333335,-24.295605999999992,-2.088034073333333,-0.9228783049999999,8.401692150666667,6.554509164,-10.124908488333332,6.608802636333333
1256,3.488749333333317,22.639521916666666,16.12289905333333,-24.257960000000008,-2.40329202,-1.843825976,10.360781669333333,8.674627703,-11.434318860666666,8.935329437
1257,3.4915269999999814,22.699038823333336,16.035488766666663,-24.23011273333334,-2.183099399,-1.1121758023333335,9.623868307333334,5.843782504333333,-9.039162795000001,6.705709696666666
1258,3.494304666666645,22.76096789,15.970997493333334,-24.178746533333328,-3.3172277610000003,-0.35652404033333335,12.181632676666666,5.233838399333334,-5.380612293666666,8.214481671
1259,3.49708233333331,22.819175083333334,15.876695949999998,-24.143702200000003,-1.3191498916666669,-0.8310883443333333,12.702158292333332,5.446346998333333,-9.46345822,7.814169725
1260,3.4998599999999747,22.88603464666667,15.839247069999999,-24.09920503333333,-3.196983258,-0.8202883203333333,9.038544973999999,6.074881553333334,-2.669891511,6.246760924666667
1261,3.502637666666639,22.954180400000002,15.75495847,-24.052202866666665,-2.1084091663333333,-1.2679839529999999,11.179418246666666,6.244558811,-7.8015336206666674,8.613124687000001
1262,3.5054153333333034,23.00315475666667,15.704368273333335,-24.023574800000002,-2.1935913563333336,-0.3627112803333334,10.360732078333333,4.4979836146666665,-4.856296976333334,5.124849319333333
1263,3.5081930000000052,23.085577646666668,15.666983283333332,-23.962928800000004,-2.865460078,-1.4316797453333334,8.412400246333334,7.490614255333334,-1.9814362923333333,7.871054012333334
1264,3.5109706666666702,23.17303975333333,15.598483719999999,-23.94174703333333,-2.6647847556666666,-0.40899564066666666,13.208007336666666,9.411734898333334,-7.183291595333333,5.176223516333334
1265,3.5137483333333344,23.23950449666667,15.573187513333332,-23.8903351,-2.2708969216666666,-1.3127627893333333,10.692415871333333,5.875252564666667,-1.0407959373333333,6.330426297
1266,3.516525999999999,23.320999783333335,15.542057033333334,-23.860331199999994,-3.5653894343333334,-0.3045512636666667,11.515324278,8.412829398666666,-2.6552316746666667,4.3231414159999995
1267,3.5193036666666635,23.400108340000003,15.492168743333332,-23.8317642,-1.6534382236666667,-0.42267129666666664,11.325169242666668,8.133310794666665,-4.775471488666667,5.060540994
1268,3.5220813333333276,23.469163893333334,15.495292030000002,-23.785113033333335,-2.6096203923333334,-1.3533527253333333,9.270410221333334,6.373329798666667,1.910228407,4.456573486333333
1269,3.524858999999992,23.550858816666665,15.43813165,-23.775782266666667,-1.1476211846666666,-0.5909458550000001,10.718243282666668,9.088567891666667,-6.453926086666667,3.40078562
1270,3.5276366666666568,23.62538719,15.420899073333333,-23.736320500000005,-3.353933036333333,-0.7514470516666666,10.669823010666667,7.267241399333334,-0.628697137,4.711085558
1271,3.5304143333333218,23.718489326666667,15.402886070000001,-23.70188396666666,-0.947368145,-0.9268862603333333,8.130408606333333,9.691125871666666,-0.9805769123333333,4.217307455666666
1272,3.5331919999999855,23.797810873333333,15.366439820000002,-23.688939433333342,-3.8160739739999996,-0.15251446733333338,13.094427428333333,8.657224338333334,-3.9420058729999994,2.8729781410000004
1273,3.53596966666665,23.86778259333333,15.374007546666666,-23.636248266666666,-1.9063851436666666,-1.4529020686666667,10.961040974,6.329410394,2.692696849666667,4.889565373333333
1274,3.538747333333315,23.944360733333337,15.35960929,-23.6264216,-3.162441253666666,-0.24390836066666666,9.509496845666668,8.444548926000001,-1.666321516,1.4741675853333334
1275,3.5415249999999787,24.018964766666667,15.322777746666665,-23.594866433333337,-1.100610614,-1.1114688513333333,9.239392916333331,7.510798454333333,-3.1463332573333336,4.803245624
1276,3.5443026666666433,24.09005292,15.340912503333334,-23.58396913333333,-2.674772978,-0.9029384056666666,8.387767315333333,7.781737009666667,1.947556992,0.01606871700000001
1277,3.5470803333333083,24.178363163333334,15.284975686666664,-23.569058733333335,-2.1690054536666667,-0.4743340413333333,12.354723134333334,9.691595712,-6.006863039,4.010083993333333
1278,3.549857999999972,24.247086843333335,15.28281816,-23.566579199999996,-1.246718705,-0.255674253,10.840703328666669,7.759111881333333,-0.6608004196666667,0.15030859433333335
1279,3.5526356666666365,24.332808813333333,15.27217865,-23.552848833333332,-3.984179258333334,-0.5546357133333334,11.001336415666666,9.415217560333334,-1.093044857,1.6510171366666666
1280,3.555413333333339,24.399403253333332,15.229959803333335,-23.55684916666667,-2.1589737833333333,-0.669912636,11.275788624666667,7.721109549,-5.378136555333334,1.3588951033333334
1281,3.558191000000003,24.45973778,15.232460656666666,-23.552426666666662,-1.8930353250000003,-1.34156549,10.406707288333331,6.6813839276666664,-0.101137827,0.023859719333333345
1282,3.560968666666668,24.53739738333333,15.187497456666668,-23.567123433333332,-3.0273545583333337,-0.7664023240000001,9.729643504333334,9.384208362999999,-6.197185675,0.377169748
1283,3.563746333333332,24.60879071333333,15.158603986666668,-23.575854000000003,-1.4492896003333333,-0.13901098066666664,11.525149661,8.448228836,-4.161596139,0.2134475806666667
1284,3.5665239999999963,24.67813047,15.137466746666666,-23.590700800000004,-2.405462841,-0.3306537866666666,10.416221617333333,8.386327266666667,-3.6069455146666662,-0.8239202696666666
1285,3.569301666666661,24.7401371,15.084109306666667,-23.608563733333327,-2.153011242666667,-0.712008645,11.958830196666668,7.570334751,-7.262865702333333,0.4789605736666666
1286,3.5720793333333254,24.802646,15.069411276666665,-23.63110606666667,-2.245644053,-0.8325087526666666,9.472906588666667,7.840206305,-3.2755999763333334,-1.9195821459999998
1287,3.574856999999989,24.874467850000002,15.017706553333333,-23.659581533333327,-2.8871634803333333,-0.9139717813333333,11.173270226666666,9.069869199666668,-7.59322087,-0.711589252
1288,3.577634666666654,24.92261505333333,14.971446673333332,-23.693272899999993,-1.5296343566666666,-0.7498261629999999,9.714016440333333,6.440593560666667,-7.238806007666667,-1.471409771
1289,3.5804123333333187,24.968295416666667,14.95567131,-23.72716013333334,-2.557209273333333,-0.8825154006666667,8.534517606,6.093639374000001,-3.9529341063333336,-3.1031815806666665
1290,3.5831899999999828,25.016854603333332,14.88227145,-23.761136366666666,-3.060157974333334,-0.7619229753333334,11.080962660333334,6.484060366666667,-10.204882461999999,-0.11099073299999997
1291,3.5859676666666473,25.046347936666667,14.864204090000001,-23.797701533333335,-0.575182557,-0.6584662296666667,10.61919562,4.274430910666666,-4.339589119,-3.2263862690000003
1292,3.588745333333312,25.084777833333334,14.807463646666667,-23.832898466666666,-4.1662091016666665,-0.6631658723333334,12.74055163,5.298437277333334,-8.450094699333333,-1.0612959463333331
1293,3.591522999999976,25.103806176666666,14.757318176666667,-23.872495033333326,-1.0904802483333331,-0.4389332633333334,9.862186431333333,3.107511043666667,-7.984640439333333,-1.9305108986666666
1294,3.5943006666666406,25.109975813333335,14.71770223,-23.90597533333334,-3.1354626023333334,-1.1437043253333332,9.130183220666668,1.3655122119999998,-6.5131367046666675,-1.7811199033333331
1295,3.5970783333333056,25.107157389999998,14.643318176666668,-23.955385833333334,-1.957257648,-0.595097055,12.52462991,0.746044657,-11.097027299333334,-1.7316931883333335
1296,3.5998559999999693,25.084484103333335,14.609653790000001,-23.981221533333336,-2.8176590199999993,-0.7306018376666668,11.322308220333333,-2.3012726310000002,-5.488498926000001,-1.2628244236666666
1297,3.6026336666666716,25.07004483333333,14.555119196666666,-24.02969616666667,-2.1193680466666667,-0.6914982100000001,8.796280225,-0.6844332613333334,-8.897728602666666,-2.656418244
1298,3.605411333333336,25.03169505,14.506305693333333,-24.057235733333332,-3.0936208566666665,-0.5733700516666667,12.220546088666666,-4.150108080666667,-7.227764924333333,-0.7162038486666668
1299,3.6081890000000008,24.978729883333333,14.493066153333332,-24.083768199999998,-1.702972601,-1.1303210853333334,10.269537129999998,-5.927595774333334,-3.3321262866666665,-2.421689662
1300,3.6109666666666658,24.943583173333334,14.45902729,-24.109334299999997,-4.454740683333333,-0.6235954166666667,12.094921110000001,-3.845939676,-5.505583921666666,-1.2358314196666667
1301,3.6137443333333295,24.870833713333337,14.423812230000001,-24.13554889999999,-1.1805854836666667,-0.8731440303333334,9.924675624999999,-8.315757752666668,-5.701324064999999,-1.2733225223333333
1302,3.616521999999994,24.810607270000002,14.439092,-24.151260366666662,-3.6596552530000004,-0.5169270136666667,7.810834089666667,-7.148370107000001,0.346718597,-2.6919967336666666
1303,3.619299666666659,24.755125043333333,14.39751911,-24.1754888,-2.155109008333333,0.14228094100000002,11.444324809666666,-6.327629407333333,-6.294647375666666,-0.780354696
1304,3.6220773333333227,24.667356490000003,14.403755186666666,-24.192008966666673,-2.2261142733333332,-0.564717382,11.515828453333333,-10.40551122,-0.6787985166666667,-2.3106562096666665
1305,3.6248549999999864,24.609328586666663,14.401589709999998,-24.2053477,-2.6051298380000003,-0.4444871593333333,8.421973068,-6.9687890223333335,-1.464246258,-1.6212146479999998
1306,3.6276326666666523,24.556307473333334,14.380171773333332,-24.23095703333334,-2.4972517093333333,0.460356347,12.657923380333335,-5.97357289,-4.130423485333334,-1.9075563549999999
1307,3.630410333333316,24.465774533333335,14.371842703333334,-24.242744433333332,-1.6837042373333333,-0.4760105563333333,11.985095977333332,-10.891592026333333,-2.060370862333333,-1.130522949
1308,3.6331879999999797,24.402445473333334,14.367227236666666,-24.2737554,-2.9929831426666667,-0.22837698466666667,8.749431770000001,-7.056107681333334,-2.538089143666667,-3.296500961
1309,3.6359656666666447,24.358302433333336,14.313292506666668,-24.295183799999993,-2.417759657,0.2806759326666666,11.246199288,-5.063738346,-7.50734512,0.082102177
1310,3.6387433333333092,24.27177174666667,14.307846070000002,-24.328036000000008,-1.3165979186666665,-0.27969504466666667,11.649954319333332,-9.782521882666666,-2.6991853066666667,-3.410271088
1311,3.641520999999973,24.208239873333337,14.266548790000002,-24.349675500000004,-3.509558042,-0.9848469296666668,7.391788482666667,-7.416602452333333,-6.128863733,-0.5951894719999999
1312,3.644298666666638,24.17478625,14.23183123,-24.379005433333333,-2.107171774,0.23260507966666666,10.399062952666666,-3.490631421333333,-5.766149044,-1.6757987436666666
1313,3.64707633333334,24.11037063666667,14.199745176666667,-24.400047299999994,-2.2570838529999997,0.6285169123333333,12.276082039999999,-7.523106574000001,-5.094722827333333,-0.981482228
1314,3.649854000000005,24.06336720666667,14.164548236666667,-24.413576766666665,-2.797459999666667,-1.0868380466666667,10.433614415,-5.587395588666666,-5.0697230483333335,0.0005806036666666792
1315,3.6526316666666694,24.045411426666664,14.125424706666665,-24.437466933333326,-2.563000878,0.125200212,9.429334164666667,-1.833586514,-6.008074721,-0.9381855326666666
1316,3.655409333333333,24.012392046666665,14.095352173333334,-24.437149066666663,-2.182893077333333,0.7223522266666667,11.80986595,-4.316263079666666,-3.851544340666667,1.2140251199999998
1317,3.658186999999998,23.981273650000002,14.049218176666665,-24.455479933333336,-2.938878347333333,-0.6073096993333333,10.641747314666667,-3.578411420333333,-6.515262921666667,-0.016153971333333256
1318,3.6609646666666626,23.977167766666668,14.032574336666668,-24.448341366666668,-2.631135682,-0.33445004633333336,8.775048892,-1.0659150683333334,-2.0395805040000003,1.3077091723333334
1319,3.6637423333333268,23.974332173333334,14.002410253333332,-24.447830199999995,-2.3052415053333335,0.3794694143333333,9.357108909333332,-0.7348125973333334,-3.868351858,1.2143495479999997
1320,3.6665199999999913,23.96205012,13.97854805,-24.446070333333328,-2.7826331456666664,0.06686358399999999,11.385841053333332,-1.9147664109999998,-3.0807177623333337,1.0881609890000001
1321,3.669297666666656,23.963463466666667,13.974707286666666,-24.434585566666666,-2.579234799,-0.344664688,10.225465776,-0.5424880186666666,-0.4644543536666667,1.100562662
1322,3.67207533333332,23.97316297,13.982667606666666,-24.418337499999993,-2.5788135133333334,-0.32040954866666665,9.768248080333333,0.32483112799999997,1.124661366,1.1770381533333334
1323,3.6748529999999846,23.980214436666667,13.978322666666665,-24.402280200000003,-3.2181255023333333,0.12410155766666668,11.721431417333335,-0.022156308333333336,-0.30228642599999994,1.5935170650000001
1324,3.6776306666666496,23.982062656666667,13.990158083333334,-24.387064600000002,-1.555038213666667,-0.14313407966666666,11.189812661,-0.5913686283333334,1.4989450773333333,0.8742778996666667
1325,3.6804083333333133,23.993922553333334,14.012292543333336,-24.357254033333334,-3.2664214373333333,-0.18537980333333334,10.390996296333332,0.1726955176666666,3.253549973333333,1.781961004
1326,3.683185999999978,24.0066096,14.0251716,-24.341664633333334,-2.0593251783333333,0.14936411866666666,8.901008286666666,0.6998491483333332,1.6192124220000002,0.8269598683333332
1327,3.685963666666643,24.02680651333333,14.025533359999999,-24.330744433333333,-2.585723280666667,0.7268601259999999,10.097256026666667,1.7134686310000002,-0.02985334400000002,0.8260078380000001
1328,3.6887413333333066,24.047665276666667,14.049042066666667,-24.29909263333333,-1.4085281690000002,-0.4464759363333333,11.112986880666668,1.2347855863333332,3.5053336023333332,1.927868406
1329,3.6915189999999707,24.062350590000005,14.061385473333333,-24.291201266666672,-3.238664865666667,0.3625192343333333,7.939846037333333,1.1388088066666668,1.1378057696666668,-0.08810448666666663
1330,3.6942966666666734,24.101376849999998,14.053563116666666,-24.278340633333332,-1.846048335,0.01232720666666666,10.604063353999999,3.942743937,-0.8274038533333333,1.4120786589999998
1331,3.697074333333338,24.12525558333333,14.067316056666668,-24.263783766666666,-2.6118546326666667,0.184942511,11.126357397,2.0710945326666668,1.6055428980000002,0.5674621759999999
1332,3.699852000000003,24.144692736666666,14.079399426666667,-24.252154066666666,-2.401824990666667,-0.3012272816666666,9.860061011,1.6199594140000002,1.2989234276666666,0.29837159333333335
1333,3.7026296666666667,24.192843753333335,14.049832026666666,-24.26301830000001,-2.2594933906666665,0.19018180666666665,10.726414046666667,5.730113824,-4.350099960666666,-0.00019633800000003662
1334,3.7054073333333304,24.21669197,14.051977156666666,-24.250073766666663,-2.3353187243333333,0.44193231066666666,11.120074591666665,2.11908706,0.29524684966666676,0.9758554296666665
1335,3.7081849999999963,24.243019736666668,14.034099896666666,-24.258130366666673,-2.1352591513333334,-0.40317528433333333,8.600066503666667,3.0249344906666664,-2.944527189,-0.27837558566666676
1336,3.71096266666666,24.30472374333333,13.992876690000001,-24.27687326666667,-2.3166363636666665,0.23040344933333334,9.945720353666665,7.5623173716666665,-5.943672498000001,-0.2161881723333333
1337,3.7137403333333237,24.332838693333333,13.966356913333334,-24.274492899999995,-2.566973447666667,-0.05918200800000003,11.199848811,2.941150427,-3.391504168333333,1.2590850986666668
1338,3.7165179999999887,24.36755943333333,13.937649406666665,-24.303667700000002,-1.8117707770000002,0.24330490800000001,8.169260182666667,4.604811986333333,-5.067059675666666,-1.9264510473333332
1339,3.7192956666666532,24.439045586666666,13.88949235,-24.313537600000004,-3.0392592746666662,0.039249502333333346,11.005243621333333,8.466465473333335,-6.338148594000001,1.0212906996666669
1340,3.722073333333317,24.45441246,13.86117967,-24.34289296666667,-3.0594596863333337,0.320790584,11.566628773666665,2.3165044189999997,-5.029688199333333,-1.9329307873333335
1341,3.724850999999982,24.50374031,13.822705266666667,-24.3484192,-1.4923880896666668,-1.1619437136666666,8.925356229666667,5.676213264666667,-5.064071496333334,1.0059906643333334
1342,3.7276286666666465,24.554887770000004,13.789430303333333,-24.38676196666667,-3.367937962333334,1.227438311,11.822986600999998,6.862271785666667,-6.008212328,-2.6292034786666667
1343,3.730406333333311,24.570875169999997,13.738579113333335,-24.38268276666666,-2.429641634333333,-0.8389849913333333,11.226330439333333,1.4203392166666668,-5.939932584666667,2.665626645
1344,3.733183999999975,24.615611393333335,13.724280993333332,-24.415262833333326,-2.119257887333333,0.09718108433333333,9.640573023333333,5.977854252,-3.7054832376666673,-3.015243905
1345,3.7359616666666398,24.660705566666667,13.672094979999999,-24.410484299999997,-2.595003525333333,0.5365426443333333,11.278641858666665,4.862833142333334,-6.040725549,2.8048745193333335
1346,3.7387393333333043,24.670436223333336,13.63080883,-24.442001366666663,-2.927582005666667,-0.530647402,10.730057399666668,1.7501266299999998,-6.584565798333333,-1.4835721849999999
1347,3.7415170000000066,24.712675093333335,13.614682516666667,-24.427403766666668,-1.7461393676666666,0.061490108999999994,10.70809682,4.231228898,-1.6239724656666665,2.0327373146666665
1348,3.7442946666666708,24.72557385666667,13.564278283333332,-24.4610011,-3.083015044333333,0.2729484633333333,9.617593923666666,2.1778335176666666,-7.707981427333333,-1.2993031736666667
1349,3.7470723333333353,24.739868796666666,13.532302539999998,-24.46196743333333,-2.6335848966666666,-0.3457433933333333,10.986778260000001,1.3199785549999998,-4.106884241,1.1758812663333331
1350,3.74985,24.759776433333332,13.524850210000002,-24.470812499999997,-2.222403782,0.12898589166666669,8.379989781666668,2.3382213713333333,-1.8362934089999998,-0.8589009050000002
1351,3.752627666666664,24.762796403333336,13.478801093333333,-24.49450683333333,-2.910588264333333,-0.25228322033333334,10.052821794666665,0.5768198969999999,-6.745484272666666,-0.5353716213333334
1352,3.7554053333333286,24.769360860000003,13.46049595,-24.50152840000001,-2.4633340836666666,0.146324699,12.262142814666667,0.7015397346666666,-2.958341797333334,-0.17673397066666663
1353,3.7581829999999936,24.766283669999996,13.462066013333335,-24.508150733333338,-2.8863306046666666,-0.27901644999999997,6.979304949333333,-0.5993345780000001,-0.727576812,-1.108690818
1354,3.7609606666666573,24.772752763333333,13.42755127,-24.524793000000003,-2.4015336830000003,0.011751010666666653,11.088332493333333,0.9043619433333334,-5.151262045,-0.3134499390000001
1355,3.763738333333322,24.765579860000003,13.418953896666666,-24.537994400000002,-2.532798767,0.046077298666666655,11.625813006666668,-0.89332215,-2.1588531733333336,-1.2820653913333335
1356,3.766515999999987,24.74971517,13.43007978,-24.5202001,-3.2887326876666667,-0.11105274166666668,9.594651223,-2.7277583676666666,1.509302,1.0494747563333333
1357,3.7692936666666506,24.755174636666666,13.403039299999998,-24.54957326666666,-1.5591369073333332,0.14937831999999998,10.663600286666666,1.0705682723333334,-4.958847363666667,-2.0661422016666666
1358,3.7720713333333147,24.74125862,13.405849136666667,-24.525739033333327,-3.2967019079999997,0.4179782273333333,10.941559951666667,-2.6783523556666666,0.9127248026666667,2.1320563056666666
1359,3.77484899999998,24.716701506666666,13.425805726666667,-24.527300533333328,-2.6347784203333338,-0.558526506,9.963669459333333,-3.2678773403333334,1.5121280353333333,-1.4713798366666666
1360,3.777626666666644,24.721766153333334,13.405694963333332,-24.519251500000006,-2.1544506549999998,0.5266506226666666,11.432184536666668,0.024150081333333517,-2.342665235333333,1.6350848276666667
1361,3.780404333333308,24.683716456666662,13.435221353333333,-24.50412493333334,-3.2273184456666666,0.5061917556666667,11.176630336666667,-5.367301225666666,3.3675419493333334,-0.19249081599999998
1362,3.783181999999973,24.668287276666664,13.456291196666667,-24.482378666666673,-2.8952887853333333,-1.001178682,9.250380039,-2.795678695,2.798176368,1.0036425193333334
1363,3.785959666666637,24.657584510000003,13.473635673333334,-24.47561643333334,-2.436910708666667,1.1003594793333333,11.758650777999998,-1.8617235023333334,1.637799899,-0.4590198523333333
1364,3.7887373333333403,24.602233253333335,13.517066636666668,-24.44784293333333,-2.8842288653333337,-0.430818647,10.589162193333333,-7.77548345,5.541131893666666,0.5429022313333333
1365,3.791515000000004,24.588433583333337,13.572486876666666,-24.432072966666667,-3.1528099380000003,-0.024776960333333337,9.490217528333334,-2.477439085666667,6.226355591666667,-1.4003473126666666
1366,3.7942926666666676,24.55139987,13.616974196666666,-24.412183133333333,-2.361340244333333,0.555223932,11.038646380666668,-5.353434880666666,5.255960042333333,-0.382980009
1367,3.7970703333333327,24.479134243333334,13.706409453333334,-24.39299010000001,-3.0517510573333326,-0.6587914923333332,10.016552289333333,-9.597783088666667,10.105802854666665,-2.729154547
1368,3.7998479999999972,24.445878346666664,13.783662796666666,-24.37304433333333,-3.2119774023333334,-0.41000733500000003,9.139168260666667,-4.864972054,8.777721247666667,-2.1189121903333334
1369,3.802625666666661,24.353711443333335,13.875233333333334,-24.366020200000005,-2.327169100666667,0.07680144900000001,11.427968343000002,-11.631881077333333,9.763709544666666,-4.092217366
1370,3.805403333333326,24.23368517666667,14.009511313333334,-24.34952803333333,-3.659709851,-1.247428874,8.876635868666666,-15.207824070666666,14.885760626666666,-5.222456177000001
1371,3.8081809999999905,24.09170595666667,14.12325446,-24.358932499999995,-2.9149375356666667,-1.1348488330000002,10.145648796666668,-17.131557067666666,11.435606639,-6.898125649
1372,3.810958666666655,23.875541686666665,14.262612339999999,-24.372372933333327,-1.8039161763333336,-1.05416433,10.403772991333334,-25.876685459333334,14.111356416666666,-8.477334419
1373,3.813736333333319,23.582100553333333,14.406384466666665,-24.41647339999999,-3.545947234,-2.087443193,12.386246363333335,-34.25825469,13.217607659666667,-11.976982751333333
1374,3.8165139999999838,23.234617869999997,14.575659116666666,-24.466250100000007,-2.7117964826666667,-2.4121338176666662,9.228675523333333,-40.52549362333334,15.826165196666667,-13.665538629333332
1375,3.8192916666666483,22.767309186666665,14.738571803333334,-24.547838866666666,-2.899463057666667,-1.5935215153333333,13.498129209333335,-53.94371414,13.854783695666667,-16.717403094666665
1376,3.8220693333333124,22.216465633333332,14.957719803333333,-24.631045033333333,-3.8240315913333327,-2.1925793886666667,8.869218825333334,-63.89378865333333,20.09943485333333,-19.226169903333332
1377,3.8248469999999775,21.54220644333333,15.156521796666667,-24.756047566666666,-1.4795039890000001,-3.7603023846666663,12.346206666666667,-77.36670431,16.336611113333333,-22.613708813333332
1378,3.8276246666666416,20.753240583333334,15.320395470000001,-24.92293293333334,-2.9255905946666663,-2.56234622,8.849306104999998,-89.75239054666667,10.897842884,-25.458803176666667
1379,3.8304023333333057,19.861416496666667,15.575976370000001,-25.05595653333333,-3.1679243246666666,-2.239939213,14.165295600333335,-103.14818063,23.00374539666667,-25.34911092
1380,3.8331799999999703,18.849793433333332,15.77822844,-25.240610766666666,-2.8101384243333336,-1.8917588393333336,10.564919472666666,-115.71042633,15.296953480666668,-28.61552874333333
1381,3.8359576666666726,17.734427133333334,16.03689257,-25.400433866666663,-1.8206796246666668,-3.214534402,6.592265605666667,-129.03922017000002,23.229081151000003,-27.567661283333333
1382,3.8387353333333376,16.479729653333333,16.16459688,-25.640146900000005,0.4784396390000001,-2.066898802666667,16.567537626666667,-142.85669199999998,5.975552717,-31.637110393333334
1383,3.8415130000000013,15.135580379999999,16.365279196666666,-25.83963523333333,-5.692958434333334,-2.434073344,5.8825035093333335,-155.01766716666666,16.399938106666667,-29.26995341
1384,3.844290666666666,13.710234322666667,16.580725353333335,-26.06381226666667,-0.9300658803333334,-0.9468683200000001,17.819574356666667,-163.72137453333332,18.157732486333334,-31.897463483333336
1385,3.8470683333333304,12.167543728666667,16.663646696666667,-26.31421916666666,-0.6187144916666667,-2.100198348333333,0.9541248543333333,-176.95074463333333,2.789251643,-31.30054219666667
1386,3.8498459999999946,10.521069049333333,16.80144310333333,-26.575304666666668,-2.771973252,-1.8104379576666665,17.33764998366667,-188.95521036666665,9.892369986,-33.24592463333334
1387,3.8526236666666587,8.818373998,16.86111959,-26.857075999999996,-2.9467798073333333,-0.4310926796666667,12.994923589,-194.92154946666665,1.1136744813333337,-33.81666183666667
1388,3.8554013333333237,7.043801784333334,17.00196902,-27.1215083,-2.6797090766666667,-0.8603577020000001,7.465092022,-204.16064453333334,12.154625574666667,-33.166240693333336
1389,3.858178999999988,5.200887263666666,16.965269723333332,-27.426610299999997,0.9288711546666667,-1.2665362756666667,14.6310393,-210.84604896666667,-8.755220416666667,-34.97425461
1390,3.860956666666652,3.3010540799999997,16.96952247666667,-27.7224121,-3.8643116700000006,-0.33887561166666674,7.177143018333333,-218.06889343333333,-2.5717382436666667,-34.78961944666666
1391,3.863734333333317,1.376657367,16.985742566666666,-28.020968133333326,-3.1770341793333334,1.2921791473333333,17.21773815,-220.85921223333332,-0.16439183499999985,-35.18163808333333
1392,3.866511999999981,-0.563475837,16.91996638,-28.310783400000002,-1.7832497756666668,0.5344167946666668,8.727588493,-223.2991282,-8.835664749000001,-33.36529858666667
1393,3.869289666666645,-2.5232099693333336,16.83818880666667,-28.601000466666665,-0.5873576356666668,0.7103879750000001,13.803944906666667,-225.44220479999998,-9.624452194,-34.20713679
1394,3.87206733333331,-4.473360429333333,16.688376106666666,-28.889508566666667,-2.573425015,0.4778711793333333,6.654044787,-224.63399760000001,-16.709330397333336,-34.33537419666666
1395,3.8748449999999743,-6.388484797333334,16.509649913333334,-29.134875000000005,-1.7061648173333335,2.237069766,16.192140260000002,-221.64750669999998,-19.417568207,-31.663915633333335
1396,3.877622666666639,-8.303520441333333,16.33592192,-29.39158123333333,-1.5081880293333334,1.887657766333333,12.617782909333334,-221.66399636666665,-17.691079299333335,-32.26909256
1397,3.8804003333333035,-10.147839388666666,16.09498183,-29.622034733333326,-3.4005394380000005,1.8800096213333333,10.009250007333334,-213.79675293333332,-24.97334035,-32.12576612
1398,3.883178000000005,-11.933886366666668,15.807944616666667,-29.821596800000005,-0.5667415956666668,2.350814541333333,12.033935866333332,-208.1967214,-30.40126737,-29.310413360000002
1399,3.88595566666667,-13.684829079333333,15.531067209999998,-30.01648203333333,-2.2323137523333334,3.295004785,10.035161813333334,-203.929128,-28.144039790000004,-30.55344963
1400,3.8887333333333345,-15.328374863333332,15.191553433333333,-30.156209300000004,-1.2025281693333334,2.2657748063333334,11.089596431333334,-193.049764,-36.38619232333334,-26.255577086666666
1401,3.891510999999999,-16.896884916666668,14.834490776666664,-30.286094666666667,-3.581726312666666,4.466232935666667,10.701646804333334,-184.27936809999997,-37.74977620333333,-27.317950566666667
1402,3.894288666666663,-18.395748456666666,14.51514085,-30.384669000000002,-1.0012480216666666,3.5486741463333336,13.220748899,-177.02844743333333,-34.06660397666666,-23.039042473333335
1403,3.8970663333333277,-19.76223119,14.154026033333333,-30.450373366666664,-3.360742052333334,3.4690836666666667,10.124431611,-162.1788686,-39.14127858333334,-22.20730146
1404,3.8998439999999923,-21.00583457666667,13.806272506666666,-30.49633536666667,-1.6449192766666665,4.03156662,11.038139025333335,-148.10226946666668,-38.25442886333333,-19.789007187333336
1405,3.9026216666666564,-22.147432963333333,13.450749713333332,-30.510195433333326,-2.442024936333333,3.3687750496666666,11.216581981,-136.92658996666668,-39.62946065333333,-17.63068898666667
1406,3.9053993333333215,-23.17484919333333,13.097067196666666,-30.51947273333334,-2.3533806800000003,4.985889435,9.841170628666667,-123.24379982333335,-39.64199574666667,-17.653615154
1407,3.9081769999999856,-24.06330808,12.753650350000001,-30.49013006666667,-2.456777175333333,2.9548842113333333,11.488495350333332,-107.83513385333333,-39.66300456,-13.652105329
1408,3.9109546666666497,-24.85645802666667,12.422424316666666,-30.484402933333328,-2.153304855,3.709848086333333,11.059532483666667,-95.60797120333332,-37.27892430333333,-15.986900172
1409,3.9137323333333147,-25.531055449999997,12.0908041,-30.434506699999996,-1.9969321093333334,3.630204201,12.564027789333332,-82.69602457666667,-39.03329976333333,-11.934140840666666
1410,3.916509999999979,-26.075450896666666,11.782360076666668,-30.42122396666666,-3.5295442043333334,3.9058407146666667,9.363083840666667,-65.95238494666667,-34.75358454333334,-14.860610802333333
1411,3.919287666666643,-26.528755186666668,11.50331974,-30.37343086666667,-1.825369438,2.8063400986666664,8.654114406666666,-56.13221740666666,-33.10467720333333,-9.925581456333333
1412,3.922065333333308,-26.888427096666664,11.237505593333333,-30.37734476666667,-2.6213824546666666,3.1613871653333336,12.354046185000001,-43.424269676666675,-28.947806673333332,-14.946334362666667
1413,3.924842999999972,-27.147277196666664,10.991258303333334,-30.328798933333342,-3.8031171560000003,3.352191845666667,11.806207976666665,-32.772421838666666,-29.573114713333336,-8.473881721
1414,3.9276206666666362,-27.31255785666667,10.783701896666665,-30.35534156666667,-2.2172214276666664,2.426816066,8.225448767,-19.680029234,-21.346573196666668,-14.340199788666666
1415,3.9303983333333385,-27.41128031,10.61323325,-30.346534733333332,-3.773920854,3.044514497,9.819107694333333,-12.60491212,-19.329899788666665,-8.633449873666667
1416,3.933176000000003,-27.469149270000003,10.441709836333333,-30.38110096666667,-1.786274741333333,1.689498941,11.852302233333333,-6.621638140666666,-16.987557093333333,-13.338147482000002
1417,3.935953666666668,-27.429887136666665,10.300337156333335,-30.39148713333334,-4.052078564666666,3.1593823433333337,11.063558896666665,4.404551985666667,-15.193335376666667,-9.041116396666666
1418,3.938731333333332,-27.383229573333335,10.201639492333333,-30.45083106666667,-0.5727519993333333,0.43226966766666663,10.255729355999998,6.438852788666666,-7.863729713666667,-11.956877388333334
1419,3.9415089999999964,-27.311492283333333,10.073344866333334,-30.47664136666667,-3.3904105826666666,1.0236671766666667,10.235001880333334,8.674809931666665,-12.970851900333335,-9.938270253333334
1420,3.944286666666661,-27.185541153333332,9.969178201,-30.52346293333333,0.44131992266666664,1.115343372,11.034146626666667,15.648468336666667,-9.149754366,-10.949069340666666
1421,3.947064333333325,-27.05273183,9.880336124333333,-30.565561899999995,-5.5284555950000005,1.4923828839999997,11.637193042333335,16.335126560000003,-7.872107505333333,-9.534250099666666
1422,3.949841999999989,-26.929868063333334,9.789396603333332,-30.60833993333333,0.7152943610000003,0.20938701433333332,11.038335165333335,15.167398136666668,-7.988498052333334,-9.801192123
1423,3.952619666666654,-26.794049580000003,9.710025785666668,-30.668787633333338,-5.087697902666666,0.5119517223333333,10.196766532666667,17.066478093333334,-5.959581295666667,-10.844610213666664
1424,3.9553973333333183,-26.673688256666665,9.631111461666668,-30.704238900000004,2.1289893786666667,-0.38092895333333326,9.558325131999998,14.728240967,-7.098393837666667,-8.344245593333333
1425,3.958174999999983,-26.577100116666667,9.530335109666666,-30.75071970000001,-4.638981104,0.615378817,12.640605292333333,12.068407613333335,-9.027829964666667,-10.518092471000001
1426,3.9609526666666475,-26.482688266666667,9.44668134,-30.777565,0.9773955146666665,-0.34045433966666666,10.847602527666666,11.451826067666666,-8.067150513,-7.670420795666666
1427,3.9637303333333116,-26.40361913,9.363091469999999,-30.80791983333333,-5.011089513333334,-0.0029205513333333544,11.314897219,9.665610474,-8.054991245666667,-7.8819756116666655
1428,3.966507999999976,-26.354227703333333,9.282753307666667,-30.842770900000005,0.24801119200000019,-0.26089127866666667,12.022748946666667,6.207423924,-7.303853988666667,-8.377104583
1429,3.9692856666666407,-26.325289406666666,9.176250777,-30.833597833333332,-4.063952405,-0.913241749,9.533225536333333,2.8774307569999995,-12.571789104333334,-4.973094528333333
1430,3.9720633333333057,-26.32668686,9.057730993,-30.849344899999995,0.7732546330000002,0.272979786,10.900489488333333,-0.25007621366666655,-12.435130120000002,-8.382590136333333
1431,3.9748409999999694,-26.34030214666667,8.955576262,-30.821759533333335,-3.7283408639999998,-0.0755785803333333,12.136057694666667,-2.612422446,-13.072086016666667,-2.7419918776666665
1432,3.9776186666666717,-26.382624946666667,8.861169179666668,-30.830647799999998,-1.230367859,-0.44771617399999997,11.652454058333333,-5.318498135,-10.232978662333332,-6.3545641900000005
1433,3.9803963333333363,-26.426279703333336,8.770042578666667,-30.805470799999995,-3.259426931666667,-0.33100948733333335,9.451475777666667,-6.186991530999999,-11.748539290000002,-2.435321097333333
1434,3.9831740000000004,-26.48775164,8.661139011666668,-30.79198203333334,-1.1837727626666668,-0.4218798433333333,9.977751098,-8.04282864,-12.967550595333334,-4.78168345
1435,3.9859516666666654,-26.58867518,8.572260220666665,-30.771197000000004,-3.0295966466666666,-0.40600746866666665,11.081187882666667,-12.97184213,-11.277451836666666,-2.786296169
1436,3.9887293333333296,-26.706809996666664,8.457988898333333,-30.74943036666666,-1.3196539083333332,0.3010014393333333,11.614347774,-14.989000479,-13.980071066666666,-4.205367555333333
1437,3.9915069999999937,-26.840639753333335,8.386820475333334,-30.72821553333333,-3.673375047666667,-0.03856965933333334,11.075756389333334,-16.8973732,-9.396001814666667,-1.8232435286666666
1438,3.9942846666666587,-26.982705436666667,8.302910169333332,-30.71586353333333,-0.9007680416666668,0.11826784266666664,11.113200825,-17.707950593333333,-10.224151453666666,-3.575308506666667
1439,3.997062333333323,-27.12536367,8.222525914333334,-30.683431000000002,-2.9069200456666664,-0.8671637173333333,10.78884109,-18.15730508,-10.967571575666668,-1.202367019
1440,3.9998399999999865,-27.26794688,8.125505605999999,-30.6647593,-0.7945331333333333,0.8550911446666668,9.314010460666667,-17.876024246666667,-11.941254139333333,-3.7204819916666665
1441,4.002617666666652,-27.41407013,8.037074088999999,-30.621953333333337,-2.477945487,-0.052849322333333316,9.720079897333333,-18.73590469333333,-12.388846715333335,-0.5981609126666667
1442,4.005395333333316,-27.568131766666667,7.9581975940000005,-30.61459863333334,-2.2079856176666666,0.025854855999999992,10.987118244666668,-19.063902536666667,-9.389119783333333,-3.945255915
1443,4.00817299999998,-27.715876259999998,7.8996556600000005,-30.577212033333335,-2.653483867666667,0.6065847326666667,12.978892329999999,-18.82084338,-8.907576086666666,0.45732525966666665
1444,4.010950666666645,-27.854311623333334,7.8328644433333325,-30.574943533333336,-2.5518631336666666,1.222495516,11.873661043333334,-17.136934916666664,-7.8076395970000005,-3.8458203473333334
1445,4.013728333333309,-27.984538396666665,7.777700742,-30.54481506666667,-2.099552199333333,-0.210548371,9.509735744333334,-16.606588679999998,-8.135890167,-0.15954740866666645
1446,4.016505999999973,-28.113133110000003,7.71879975,-30.534212733333337,-2.188185354333333,0.642892748,9.580996193999999,-16.10262839,-7.436028199333333,-2.5640537739999996
1447,4.019283666666638,-28.232822416666664,7.668260415666668,-30.52300513333334,-1.6699750026666667,0.29027498766666665,9.99208196,-15.013494176666667,-6.580721219333333,-1.9238518079999996
1448,4.0220613333333395,-28.336507796666666,7.631948153,-30.497772233333333,-2.9444106026666668,-0.5860207476666667,10.416793507000001,-13.357949256666666,-5.862296661666666,0.2308225629999999
1449,4.0248390000000045,-28.43872578666667,7.601875464,-30.518033366666668,-1.963599225,1.3595692516666666,11.005112331,-12.39678351,-2.643777847333333,-4.074824492
1450,4.0276166666666695,-28.54497655,7.590546767,-30.492004399999995,-2.8300266266666667,-0.9208810626666667,10.176314353333334,-13.678392729999999,-3.2599454719999996,1.7231593129999998
1451,4.030394333333333,-28.651131309999997,7.573203722666666,-30.52534993333333,-1.998607277666667,0.290693139,11.369755428333333,-12.646292686666667,-0.5553851526666667,-4.724751254
1452,4.033171999999998,-28.745187123333334,7.559694131333333,-30.5003128,-1.8172535103333332,0.19029007600000003,10.867220877333333,-12.23003419,-3.4220322370000003,1.490701874
1453,4.035949666666663,-28.85220464,7.5413352646666665,-30.525505066666657,-2.2398408253333333,0.08312029633333333,10.248240152,-12.891479493,-1.1270433266666666,-3.941412846
1454,4.038727333333327,-28.944812776666666,7.524264335666667,-30.508885700000008,-1.5719784696666668,0.100245476,10.061363222333334,-11.916115760666665,-3.318717559,0.38845694066666675
1455,4.041504999999991,-29.035802203333333,7.522489230000001,-30.53190103333333,-3.011176069333333,0.09401662133333337,10.222249983333333,-11.004627862666666,0.4986238283333333,-2.7510719896666664
1456,4.044282666666656,-29.120318096666665,7.535709539999999,-30.544148800000002,-1.514170398,0.03108557099999999,11.093085608333332,-10.468629201666667,1.5106765826666668,-0.8326675493333333
1457,4.04706033333332,-29.198987326666668,7.539586702666667,-30.562250766666665,-2.9559032916666665,0.7182475763333334,11.912649472333333,-9.624016124666667,0.8132392563333334,-1.8799657026666667
1458,4.049837999999984,-29.281926470000002,7.550953388333333,-30.576004,-1.914500296,0.24211804666666667,9.669586817333332,-10.261554083333333,1.4009832939999998,-1.0944536523333335
1459,4.052615666666649,-29.351958593333336,7.561801592333333,-30.594210299999997,-1.5416487853333336,0.6873703276666667,10.263539790000001,-8.597652912333333,1.5515780846666667,-1.4677981136666667
1460,4.055393333333313,-29.409838993333334,7.579607963666667,-30.60841116666667,-2.4797084330000003,-0.5234750113333334,12.211765607333334,-7.238720218333334,2.098915775333333,-0.7655155283333333
1461,4.0581709999999775,-29.45804850333333,7.601161638666667,-30.638407366666666,-2.070944587666667,0.3306984903333333,9.427814164333334,-5.801915169,3.3602723083333337,-2.067888558
1462,4.060948666666643,-29.48649406333333,7.617077191666667,-30.645515466666666,-2.047000725666667,0.3904952703333333,8.261697610333334,-3.814297119666667,1.4878583650000001,-0.14472039800000003
1463,4.063726333333307,-29.52171135,7.643890698666667,-30.68134813333333,-2.44132785,0.8045054873333334,10.322816847666667,-4.124088237333333,4.252757350666667,-2.3585887746666665
1464,4.066503999999971,-29.564823786666665,7.683951855,-30.701825466666666,-1.9597628516666667,-0.2054998303333333,12.772931416666667,-5.375732421666666,4.804735819333334,-0.09172034766666666
1465,4.069281666666673,-29.5941569,7.694418907333334,-30.72679393333333,-2.128641168,-0.531760545,11.528279305333333,-3.597353140333333,1.89846317,-2.1684030493333335
1466,4.072059333333338,-29.60063871,7.716862360666667,-30.747276300000006,-1.6780145666666668,-0.01992002633333334,9.958618002666666,-0.9673558869999997,2.965966443333333,-1.1212633153333333
1467,4.074837000000003,-29.616434099999996,7.741081079,-30.7720159,-1.9177743196666668,0.2132190563333333,10.318339348,-1.98631982,3.325291236333333,-1.3362263093333333
1468,4.077614666666666,-29.63433202,7.744957129333333,-30.78751626666667,-2.251059095,0.05230825166666667,8.782161236,-2.4147177143333334,0.751333793,-1.7626479863333333
1469,4.0803923333333305,-29.639597573333333,7.756747722666667,-30.803766900000003,-2.0466696423333333,-0.11606107666666667,11.866902986666666,-0.860689501,1.5252550443333333,-1.200816661
1470,4.083169999999996,-29.65364329,7.7695830663333325,-30.817838033333334,-1.956604878,0.286582629,11.682846387,-1.9588189723333336,1.6037073483333335,-1.0584229233333333
1471,4.08594766666666,-29.66285896333333,7.791029294333334,-30.840169266666674,-3.150715073,-1.0077068509999998,9.581373533666666,-1.2360913753333336,2.8805428346666666,-1.2460258306666665
1472,4.088725333333324,-29.653340659999998,7.7819668449999995,-30.84815470000001,-1.4439525206666666,0.21071388300000002,10.832976977000001,0.753575047,-1.037124629,-1.7393987080000002
1473,4.091502999999989,-29.667202633333332,7.797152837333333,-30.856496166666673,-2.3851880233333334,0.5914779853333333,13.304477376666666,-2.002964832,1.4007610479999997,-0.140024523
1474,4.094280666666653,-29.67548306666667,7.805680434,-30.878191599999997,-2.111379544,-0.8004149100000001,10.135780334333333,-1.1567303343333333,1.5978330573333335,-2.107398232
1475,4.097058333333318,-29.652219133333332,7.783354918333333,-30.869089733333325,-2.2541946173333334,0.4517933326666666,10.462932587333334,2.1196507313333335,-3.5388884943333334,-0.5670778253333334
1476,4.099835999999982,-29.653039296666666,7.777993679000001,-30.867579133333336,-1.740403076,0.464331483,13.39126523,-0.6174738206666667,-1.2204756740000002,-0.5252197983333333
1477,4.102613666666646,-29.66433016666667,7.774897416333334,-30.879137666666665,-2.2078494230000003,-0.7145972876666665,9.114798227,-1.6901980239999999,-0.33208002666666664,-1.5422074793333334
1478,4.105391333333311,-29.63949521666667,7.749448776,-30.872812866666667,-2.8582070666666666,-0.023254448999999993,8.948510487666667,2.3344432116666667,-3.589656194,-1.254431655
1479,4.108168999999975,-29.640150066666667,7.729096730333333,-30.861457833333333,-1.3758585453333332,-0.165841043,13.380289713666665,-0.7489432976666667,-3.4755192996666664,-0.20537058499999997
1480,4.110946666666639,-29.66532771,7.727167606666666,-30.87919363333333,-2.562897046333333,-0.7327653963333334,10.320218086,-3.2779346703333334,0.26683628533333337,-2.3274118500000003
1481,4.1137243333333045,-29.65975634,7.716917514666666,-30.87420403333334,-3.1080426376666668,-0.6800462106666667,9.180806954,0.04560579866666655,-2.059414175666667,-0.24009079733333336
1482,4.116502000000007,-29.66979535333333,7.6901559829999995,-30.864824933333335,-1.3293967446666668,-0.28640752266666664,11.659550666666666,-1.8615573049999998,-3.9032042026666667,-1.0173974633333331
1483,4.119279666666671,-29.717117310000003,7.719923655666666,-30.890439333333344,-2.928484559333333,-0.8181710189999999,11.647284507666669,-5.810098409666666,3.915264089666667,-1.0199503099999998
1484,4.122057333333335,-29.744707743333336,7.711609681333333,-30.887535100000004,-3.2666170996666666,-0.7177215716666666,8.283062777,-3.9005023636666665,-1.5862895249999998,-0.6155442790000001
1485,4.124835,-29.77093569666667,7.712980111333334,-30.89005536666666,-1.4169916706666665,-0.11853812400000002,11.115682285333333,-3.6192101636666667,-0.4389554013333334,-0.28921884300000006
1486,4.127612666666664,-29.833002726666667,7.750006675666666,-30.918688466666666,-2.804693142666667,-0.07783390599999995,10.683443388333332,-7.534952481666668,4.9698274929999995,-1.111393114
1487,4.130390333333328,-29.86875725,7.772499561,-30.926345833333333,-3.1278097626666668,-0.9297739963333335,8.622365633000001,-4.711431897,2.0780869130000004,0.42018024133333337
1488,4.133167999999993,-29.891516366666668,7.771086374999999,-30.932202666666672,-1.318230778,0.8156387633333333,11.512010256333333,-3.1592811743333336,-0.37278527033333325,-1.0658638176666668
1489,4.135945666666657,-29.94259898,7.8309113183333325,-30.961530033333336,-2.702014545666667,-0.3811651466666666,11.364459035333333,-6.208767414,7.196670055333333,0.5370623666666666
1490,4.1387233333333215,-29.969306309999997,7.835466543999999,-30.975751266666663,-2.672714710333333,-0.663445105,9.676146190666666,-3.517368197333333,0.7586639920000001,-1.598289698333333
1491,4.1415009999999866,-29.981967926666666,7.8463422456666665,-30.97669983333334,-1.546106576666667,0.25203501666666667,11.892426491999998,-2.0332024493333334,0.44339525700000015,0.50037837
1492,4.144278666666651,-30.017826713333335,7.890001932666666,-31.01351673333333,-2.750981807666667,-0.39150969166666666,10.161113738666666,-4.231348355666667,6.154862404,-1.5676169143333334
1493,4.147056333333315,-30.032328286666665,7.878757477000001,-31.0110092,-2.949687957666667,-0.2845052776666667,10.898292857000001,-2.342537005666667,-2.0853019006666664,-0.42700642366666647
1494,4.14983399999998,-30.043971376666665,7.897069771999999,-31.026201866666668,-1.4483800930000001,-0.3876954266666666,10.032320021333334,-1.6673245033333337,2.2483536799999997,-0.9056126276666667
1495,4.152611666666644,-30.071908313333335,7.916242917333332,-31.047983799999997,-3.3213610646666663,-0.6215350740000001,9.381536642999999,-3.512586752666667,2.582303593666667,-1.216300597
1496,4.155389333333308,-30.086584090000002,7.905535062333333,-31.044372533333334,-2.2621740896666664,-0.8356608053333333,11.75027275,-2.3730562130000004,-1.9041750233333332,-0.6719296473333335
1497,4.158166999999973,-30.108465196666668,7.927043438000001,-31.07034556666666,-2.129131357,0.04822837299999999,9.177891413333334,-2.728552103,3.0151369173333333,-1.3950024446666667
1498,4.160944666666637,-30.134979883333333,7.921133518333334,-31.069323233333336,-2.7235259016666666,-1.1444171173333333,11.143409092666666,-3.734657843666667,-1.2486981553333332,-0.6532568929999999
1499,4.16372233333334,-30.16056379,7.9058801333333335,-31.07212576666666,-1.3612185916666668,-0.5241624713333334,11.191274643333335,-3.5527460523333336,-2.1349809763333334,-1.291930636
1500,4.166500000000004,-30.19775772,7.9262301126666665,-31.089223233333332,-3.372554302333333,-0.4872315876666667,9.320296926,-4.725369453333333,2.547805229666667,-0.9160076580000002
1501,4.169277666666668,-30.218999859999997,7.885108153333333,-31.07151793333333,-1.3555202286666665,-0.70398585,11.036814054333334,-3.3446810839999994,-6.048532804,-0.741233269
1502,4.172055333333333,-30.246236166666666,7.893197377333333,-31.07738493333333,-2.5142773786666663,-0.011239816999999985,10.425633115333332,-3.733031272666667,0.6354976766666667,-0.5689518626666666
1503,4.174832999999997,-30.27883466,7.875409126,-31.074971533333326,-2.708761136,-0.5924810046666668,8.405847868666667,-4.459869861666667,-2.722558657333334,-0.8870805900000001
1504,4.177610666666662,-30.2869606,7.852520624666667,-31.052469900000002,-1.8424963056666666,-0.23015313366666665,10.571202279666666,-1.9148222209999999,-4.305983762,0.5043232043333333
1505,4.180388333333326,-30.31345876,7.871374288999999,-31.071640033333328,-2.9075033663333336,-0.014534488333333337,10.693501792999998,-3.3867952029999997,2.3497730889999997,-0.8529624940000001
1506,4.18316599999999,-30.331766130000002,7.844005902666667,-31.0386378,-2.4667399773333334,-1.0360932400000002,9.631779827999999,-3.316262195666667,-5.401465654333333,1.3209814229999999
1507,4.185943666666655,-30.331318536666668,7.860994021000001,-31.060333266666664,-2.0341267983333333,0.634681642,9.773036480333333,-0.12443401533333327,2.321840802666667,-1.256608963
1508,4.188721333333319,-30.33397484,7.855128765333333,-31.034039833333335,-3.4827349383333335,-0.48810479400000006,12.058006604333334,-1.2880076766666668,-2.7472977640000003,1.9151635966666667
1509,4.191498999999983,-30.333948773333333,7.848573367,-31.0371602,-1.5220759906666668,-0.4149056323333334,10.939925510666669,-0.4893899063333333,-1.2324163116666667,-0.7793219086666667
1510,4.1942766666666484,-30.335029603333336,7.8631485303333335,-31.026062,-3.688859621666667,-0.28278431066666665,11.988462766666666,-0.8466828066666666,0.28777171166666654,1.5918776793333336
1511,4.197054333333313,-30.316953023333337,7.844017982333334,-31.019180266666677,-1.150511081,-0.7159754236666668,9.321597574666667,1.5286745330000002,-3.1361430486666664,-0.5246992113333334
1512,4.199831999999978,-30.31033834,7.847898483333334,-31.005940733333333,-3.742806673,-0.3371235493333333,13.607179640333333,0.04377897566666674,-0.9510308900000001,1.1617720919999999
1513,4.202609666666642,-30.308206560000002,7.8240434326666675,-30.992212933333334,-1.417833368,-0.760639737,10.599829991666667,-0.515563329,-4.035527626666666,-0.10963757866666664
1514,4.205387333333305,-30.279094693333334,7.824037551666667,-30.9801356,-3.1715162593333335,-0.48057400166666664,10.243970871666667,2.7433700956666667,-1.3061040240000001,0.842712641
1515,4.20816499999997,-30.260311759999997,7.804362932666666,-30.97010036666667,-2.5262551306666663,-0.6815042396666667,11.567826270333335,1.560013488,-3.361356094333333,-0.27507976700000003
1516,4.210942666666672,-30.24199040666667,7.795952161333333,-30.946764666666663,-2.3788837590000003,-1.2269253533333333,11.777701061333332,1.2524763046666667,-2.8289642133333337,1.470338305
1517,4.213720333333337,-30.222606659999997,7.794799486666666,-30.948964399999998,-2.858630737,0.12386770266666668,11.197333016666667,1.8322759270000002,-0.7219799363333333,-0.39387869833333333
1518,4.216498000000001,-30.18963813666667,7.7934176126666665,-30.93183136666667,-2.250145197,-0.9244058383333332,9.341092426333335,3.098596731666667,-1.7474029463333334,1.287794118
1519,4.2192756666666655,-30.15628623666667,7.802887439666667,-30.930920900000004,-2.8717850446666664,-0.4667214293333333,13.162315686000001,3.4672539233333333,0.19141554800000016,0.5576860903333332
1520,4.2220533333333305,-30.136632916666667,7.834523519,-30.922342933333326,-2.5186069410000003,-0.6936910376666666,8.862604617666667,1.6252188683333333,2.1858719189999998,2.4112216233333332
1521,4.224830999999995,-30.08361625666667,7.857828299,-30.92598216666666,-2.0881395836666665,-0.6241902309999999,10.699341136333333,5.894305229,1.9201453926666663,0.8840582320000001
1522,4.227608666666659,-30.042361576666668,7.925734996666667,-30.931076066666662,-3.350572626,-0.7075028023333334,9.330069541333334,4.4466355643333335,6.777919927666666,3.1506919066666668
1523,4.230386333333324,-30.007429123333335,7.976679802,-30.935518933333327,-2.534748137,-0.46073648333333334,12.155231477333333,3.7404556276666665,4.833825112333334,2.4801797469999998
1524,4.233163999999988,-29.945327759999998,8.084693590999999,-30.946993533333327,-2.1511222919999997,-0.03453156333333333,9.995322864666667,7.055835247,11.347177943333334,4.8593971730000005
1525,4.235941666666652,-29.883813223333334,8.185259183333335,-30.968950899999996,-3.480040947666667,-0.12348288266666667,8.975319861333332,7.2396089219999995,11.081113498999999,3.574843228
1526,4.238719333333317,-29.788321173333333,8.301219145333333,-30.967175800000007,-1.825887998,-0.155353367,12.789247514000001,10.868862151333333,11.407803697,6.688754240666667
1527,4.241496999999981,-29.69836426,8.463865280333332,-30.990257266666664,-3.4127951463333335,-0.2273439663333333,7.5744999233333346,10.676183700666668,17.631422996666668,7.137949387333333
1528,4.244274666666645,-29.526814143333336,8.613885879333333,-30.990196233333332,-2.081506014,1.114971717,10.797499973999999,20.035105703333333,15.098330496666668,8.458347479333334
1529,4.24705233333331,-29.338473636666667,8.779498736,-30.98487093333333,-2.7694308756666666,0.636936794,10.565337660333332,21.99689705933333,16.357375143333332,10.151650110666667
1530,4.2498299999999745,-29.098211923333334,8.995059013,-30.989278166666665,-3.0983560880000005,0.47299217666666665,8.912808738,28.378932000000002,22.29655456333333,11.657902717666667
1531,4.252607666666639,-28.766058603333335,9.163625717333334,-30.963958766666668,-2.1717060406666664,2.059491277,10.765734512333333,38.85870679333333,15.624099413333335,12.195277213666666
1532,4.255385333333304,-28.38402494,9.394816398666666,-30.940584799999996,-3.0465728443333333,1.2910949043333333,9.293799083,44.86946042333333,22.525623956666664,15.151735943333335
1533,4.258163000000006,-27.940511703333332,9.613131204666667,-30.92959086666667,-2.895886759,1.4512070416666667,13.583395320000001,52.49564361666666,21.889649706666663,13.200622876666666
1534,4.26094066666667,-27.398253756666666,9.844888685333332,-30.889498399999997,-3.1438208223333333,1.460248192,6.671493848,63.71450678333334,21.912432353333333,16.493582726666666
1535,4.263718333333334,-26.782997130000002,10.093085927666667,-30.860226933333333,-3.272936145333334,2.361596902,13.767608323666666,72.72641372666666,24.349993389999998,16.33151118333333
1536,4.266495999999999,-26.114774066666666,10.350663502333335,-30.833297700000003,-2.824196299,0.8905193213333332,7.560499191333332,79.06341681333333,25.72252019,16.019904773333334
1537,4.269273666666663,-25.345804853333334,10.624886830000001,-30.79445903333333,-3.633549943333333,0.856860717,11.32532819,90.96304322333333,27.145678203333333,17.896992363333336
1538,4.272051333333327,-24.514115013333335,10.873342196666668,-30.747919733333333,-2.955059846333333,2.155104836,11.084067980999999,98.22136180333332,24.200460433333333,16.991923330000002
1539,4.274828999999992,-23.620954513333334,11.179835003333332,-30.71640016666666,-2.7190366983333334,0.8373728793333334,9.050587017666667,106.02251434333333,31.588811876666668,17.780876160000002
1540,4.277606666666657,-22.64305687,11.449700040000002,-30.648531600000002,-2.2820941406666666,1.1534184613333334,11.466921806666667,115.19141642,26.123129523333333,19.62106514
1541,4.280384333333322,-21.62139129666667,11.754728953333334,-30.6057027,-2.294982007333333,1.2994589456666665,8.872845807333333,121.15988923333335,31.57082812,17.756174086666665
1542,4.283161999999986,-20.528318406666667,12.030768073333334,-30.533699033333335,-2.1373379056666666,0.6763866346666667,13.481117088666666,128.83526356666667,27.33469263666667,19.233491259999997
1543,4.28593966666665,-19.382997193333335,12.321582159999998,-30.448796599999994,-2.993802339,0.6429001289999999,6.474085331333334,134.88822936666665,29.033922829999998,20.60803795
1544,4.288717333333315,-18.17587280333333,12.619700113333332,-30.37108869999999,-1.2953693566666666,1.3176630736666668,12.594584149999998,142.3047078666667,30.43325996333333,19.525393166666664
1545,4.291494999999979,-16.936797459999998,12.885074933333334,-30.258722933333335,-3.561048944666666,-0.627978414,8.618826549666666,145.30126446666668,26.000020346666663,21.482566833333333
1546,4.294272666666643,-15.63874817,13.17151356,-30.149175033333336,-2.1415124933333334,1.32699281,14.108444215333334,152.29356893333332,28.956174849999996,21.50131353
1547,4.297050333333308,-14.333800313333333,13.455931663333333,-30.02074176666666,-2.6036415500000003,-0.499284476,7.186595917000001,152.6373494333333,28.761212666666665,22.713909786666665
1548,4.299827999999972,-12.947627705,13.711209293333333,-29.874893200000002,-1.3719157556666668,-0.43711563966666667,9.671189945,161.62269593333335,25.169084549999997,23.65347226333333
1549,4.3026056666666355,-11.550374508333334,13.965009369999999,-29.7118988,-2.302444279,1.7841122946666665,12.232803980666667,162.59231566666668,25.42207654666667,24.445979436666665
1550,4.305383333333339,-10.130794364666668,14.199865343333334,-29.536471066666675,-1.6685019333333335,-0.9743631283333333,10.046462533000001,164.61217243333334,23.182027813333335,25.334957123333336
1551,4.308161000000003,-8.626179537333334,14.430081683333333,-29.346687333333335,-3.2823142213333334,0.38587145966666664,11.457488379333334,174.5188853,23.26001422,25.620100023333336
1552,4.310938666666668,-7.147752999666667,14.630539256666665,-29.144175233333332,-2.3300159373333336,0.10518227033333331,10.774431389,170.6831817666667,19.902588526666666,26.838009513333333
1553,4.313716333333332,-5.645459969666667,14.831959406666668,-28.951085399999997,-2.6453713973333333,-1.094708423,11.675911109,173.97045390000002,20.9746596,24.49943288
1554,4.316493999999996,-4.105346987666667,15.02405993,-28.7340164,-1.3599032263333333,-0.34600557400000004,9.995260874000001,177.4373932,20.120670953333335,27.365336733333333
1555,4.319271666666661,-2.5919640860000004,15.162440936666668,-28.535466500000002,-2.0055723586666665,-0.6509727983333333,10.610648473666666,174.9303945,14.546943026666668,23.811688739999997
1556,4.322049333333325,-1.048251509333333,15.292968113333332,-28.32295226666666,-1.816596677,-1.1162223216666667,12.29011122,177.83374023333332,14.149487495000002,25.575450896666666
1557,4.324826999999989,0.4950284113333332,15.421228093333333,-28.114875799999997,-2.8621677556666665,-0.7125448383333334,11.347986856,178.11333720000002,14.58861097,23.910778046666668
1558,4.327604666666654,1.9923266966666666,15.497828483333334,-27.90498606666667,-1.9658191603333333,-1.2866119343333333,12.014762080666666,172.4272308333333,9.150019009666666,23.84624227
1559,4.3303823333333185,3.4760092883333336,15.55757173,-27.69875846666666,-1.27753933,-2.8708570796666666,7.524746736,170.9407552,7.641000032666668,23.287386576666666
1560,4.333159999999983,4.939411004333333,15.601863223333334,-27.505198133333337,-1.9309672116666665,-1.0662075183333333,10.653229394999999,168.85118613333336,6.398514828666666,21.873497643333334
1561,4.335937666666648,6.374740441999999,15.617417336666668,-27.295372,-2.262458602666667,-1.4286911883333335,13.5560414,164.99935406666668,3.5946273010000005,23.750106173333336
1562,4.338715333333312,7.780764104666666,15.62161096,-27.093808499999998,-1.147452404,-1.9008370436666666,10.393639402666667,161.70296223333332,2.823231720666667,22.84797414
1563,4.341492999999976,9.146051565999999,15.565458620000001,-26.90308633333333,-1.2842424263333334,-1.213831246,9.578509648333332,157.19761656666665,-4.145622869333333,22.603545506666666
1564,4.344270666666641,10.453128338666666,15.52360948,-26.717603033333344,-3.1885930696666667,-3.1203384,12.133572894000002,150.35010273333333,-1.8651814463333336,21.954974493333335
1565,4.347048333333306,11.726737342,15.451348939999997,-26.532328300000003,-1.5319949193333333,-2.5116011696666667,14.201960246666667,146.42071533333333,-5.0886802866666665,22.641701383333338
1566,4.349825999999969,12.941851616666668,15.342947323333334,-26.37495676666667,-1.4450463253333332,-1.9621088110000002,12.199696858666668,140.26485950000003,-9.473247726666667,20.441202166666667
1567,4.352603666666671,14.104390783333335,15.202280046666667,-26.213457733333332,-1.221193711,-2.6301987173333337,10.641873361666667,133.89807893333332,-12.728691261333333,21.929789226666667
1568,4.355381333333336,15.202363333333333,15.068419456666668,-26.077252733333335,-2.208516081,-1.5986353556666668,12.275177477666666,126.93958283333332,-12.155399959666667,19.18704160333333
1569,4.358159000000001,16.22245089,14.89825821,-25.933303866666666,-1.0930621626666668,-2.7511576016666672,12.614298183333332,117.42826334,-15.784299533333334,21.410167056666666
1570,4.360936666666666,17.182717003333334,14.701261520000001,-25.832951866666665,-1.3831746973333334,-3.177513122666667,12.14814409,111.60899608333334,-19.93119239666667,17.824835456666666
1571,4.36371433333333,18.098946253333335,14.512281736666667,-25.718989066666666,-3.6292699176666665,-2.199741363333333,11.484147388000002,106.01252744333334,-18.221677146666668,19.11430168
1572,4.366491999999993,18.92853673,14.30373891,-25.63108826666667,-0.733621279,-3.025850455,10.190472443333332,96.38632711333334,-21.141752243333332,17.51514276
1573,4.369269666666659,19.67148145,14.065261843333333,-25.561454766666667,-1.8861430883333334,-3.4396477539999997,11.077826815666668,86.59216179999999,-24.96580950666667,16.804167430000003
1574,4.372047333333323,20.340329490000002,13.84230582,-25.500129700000006,-2.7345573106666667,-2.20064648,13.763967199999998,77.94237136666666,-23.392649333333328,15.630055108666667
1575,4.374824999999986,20.951695123333334,13.641858103333334,-25.44372303333333,-3.105574369333333,-2.9934785363333334,9.912395794,71.27594375666666,-20.788166680000003,14.26370080333333
1576,4.377602666666652,21.483252843333332,13.388798713333335,-25.406929033333338,-0.19497485966666664,-3.3312632243333336,10.782819111999999,62.17067591333333,-27.394520439999997,14.850631400000003
1577,4.380380333333316,21.94699986666667,13.14590931,-25.39995066666667,-2.8326325020000005,-2.184498032,11.704118095,55.000053406666666,-27.373154956666667,11.132180531333333
1578,4.3831579999999795,22.352444966666667,12.940209386666666,-25.369499199999996,-2.7122645776666663,-2.9363583326666665,12.571350731,47.312107723333334,-22.159252166666665,12.309501649333333
1579,4.3859356666666445,22.701589583333334,12.722249346666667,-25.371185299999997,-2.5407991213333334,-1.9218827883333336,10.991884867333333,41.509150186666666,-24.83330726666667,9.428191501333332
1580,4.3887133333333095,22.997072220000003,12.515684129999999,-25.35474903333333,-0.4620491266666668,-2.4546597403333332,8.800381818666667,34.50006040333333,-22.69561005,11.097419578333332
1581,4.391490999999974,23.2404143,12.289762179999999,-25.382792166666672,-3.4152918260000003,-2.0374883213333335,12.140933673333334,29.498185476666663,-26.826682406666663,7.2450033823333335
1582,4.394268666666638,23.438769656666665,12.132859546666666,-25.361605333333333,-2.619148503,-1.8347128580000003,12.970807392000003,22.78276698,-16.880310693333332,9.436350345666666
1583,4.39704633333334,23.606474556666665,11.996522266666668,-25.354835500000004,-3.554670055666667,-0.7130382059999999,9.279479981,19.551864622666667,-15.282048383333333,6.881153901333334
1584,4.399824000000005,23.745667776666664,11.830464996666668,-25.358604400000004,-0.3068159819999999,-2.7227639359999998,10.739212035333333,16.30584637433333,-18.984339076666668,7.299819628333334
1585,4.402601666666669,23.826999663333336,11.701990126666665,-25.351303066666663,-3.2303944826666666,-1.3326708076666667,10.924126626666668,9.190700451,-14.359073004,6.659954866
1586,4.405379333333333,23.907199226666666,11.616881053333335,-25.33035786666667,-2.438411971,-1.3102357783333334,10.232237179,8.635346771,-8.860256037666666,6.192289511666666
1587,4.408156999999998,23.986769359999997,11.537745473333333,-25.3018112,-3.6848004259999994,-0.4797993053333333,11.811876293333334,8.467432738,-7.921585716666667,6.577075083
1588,4.4109346666666625,24.025568006666663,11.488880476666667,-25.258623766666663,-1.7994266746666667,-1.6253567266666664,11.744087856,3.154162829666667,-3.8505927723333335,6.730089187666667
1589,4.413712333333327,24.06200282,11.452600160000001,-25.220794666666674,-3.1790891486666664,-1.296506976,9.055815299666667,3.085534056,-2.7705853769999997,5.491568764666667
1590,4.416489999999992,24.10123698,11.426774976666666,-25.17935183333333,-1.788163681666667,-0.9638062316666667,9.142787299,3.2288923263333333,-1.3698624273333333,5.483965267666666
1591,4.419267666666656,24.13462193666666,11.407231333333334,-25.130574499999998,-3.1754809219999998,-0.20252756299999997,11.375589054333334,2.4695155223333334,-0.407680432,5.8709070290000005
1592,4.42204533333332,24.16995366333333,11.443214736666667,-25.06680296666667,-1.3596265116666666,-1.1494321390000002,11.566500028,2.2641318836666664,6.4576735093333335,4.82246085
1593,4.424822999999985,24.23724556,11.450769106666664,-25.012049366666673,-3.6308706600000007,0.14635629533333336,9.318904718666667,6.3847799300000005,2.8514754476666666,5.158212205333333
1594,4.42760066666665,24.302588143333338,11.459410033333333,-24.954205833333337,-0.46681507400000005,-0.7497357613333334,11.175139745333334,5.995997905666666,3.1776978970000003,5.449395002333333
1595,4.430378333333313,24.359865823333333,11.46775341,-24.914075200000003,-2.6345376966666665,-0.11058471599999997,10.222434044333333,5.538741986000001,2.2252924839999997,3.5512938500000004
1596,4.433155999999977,24.441129683333333,11.515666643333333,-24.84301756666666,-2.171578129,-1.2653389373333332,11.032083191,7.5726838113333335,8.126805623000001,4.877360821333333
1597,4.435933666666643,24.53446642666667,11.519104320000002,-24.80609893333333,-2.0604694683333338,0.663489138,9.859476724333334,9.980003037333335,1.525387595,3.4678433729999996
1598,4.438711333333306,24.62472852,11.577528956666669,-24.748331699999998,-1.548754414,-1.1941016566666667,11.795418419999999,8.944206873333334,8.642291228333333,2.8885943886666663
1599,4.4414889999999705,24.73511060333333,11.600878080000001,-24.696912099999995,-2.4528874756666665,-0.437983135,9.798527718333334,11.69120566,4.410746892333333,4.024458887000001
1600,4.444266666666674,24.859600063333332,11.633200643333332,-24.666018166666674,-2.128176331666667,0.12966602433333332,9.167019526333334,13.692695300000002,4.5064119499999995,1.2846780826666664
1601,4.447044333333337,24.978729883333333,11.615754760000002,-24.631085733333325,-1.3846906023333332,-0.47490388166666664,11.385791937333332,13.110381123333333,-0.833730777,4.31025346
1602,4.449822000000003,25.08986346,11.670576413333334,-24.615796400000008,-2.5542717776666666,-0.7383868193333334,10.801513353333334,12.499250093333336,6.163763364,-1.5602784136666663
1603,4.452599666666667,25.22138341333333,11.660359380000001,-24.56928506666667,-1.8454696339999999,-1.1863211393333335,10.903780142333332,14.289532659999999,0.5514663063333334,5.178006173
1604,4.45537733333333,25.330970129999997,11.676382063333334,-24.592534366666666,-0.9592990480000001,0.8620017966666667,12.179105123333335,13.262691179333332,0.03691023600000006,-3.6029547046666663
1605,4.458154999999996,25.456855776666668,11.689537046666667,-24.532890300000005,-3.0326097410000004,-1.7129372356666668,9.379528523666666,13.253350576333332,3.787872473,5.3417142250000005
1606,4.46093266666666,25.58070755,11.676725386666668,-24.57335663333333,-0.7298942806666665,-0.134766062,10.065124193666668,15.4515063,-3.9888715739999996,-3.949549835333334
1607,4.4637103333333235,25.688283286666664,11.623457276666668,-24.557609533333334,-1.7857453823333334,-1.540311525,11.061289152333336,12.082856814000001,-5.584450563,4.108012517333333
1608,4.4664879999999885,25.78012212333333,11.628288903333335,-24.595341966666666,-1.5497095186666667,-0.5062233793333334,9.642969129999999,11.544581730666666,-1.9447654686666667,-4.501903853333333
1609,4.4692656666666535,25.88282712333334,11.56480757,-24.592325833333334,-2.869723081666667,-0.11921263733333332,12.304045518333334,11.803985279,-7.306128263333332,3.3155589896666666
1610,4.472043333333318,25.945387519999997,11.55976645,-24.620417266666667,-0.9301690060000002,-0.7427663206666667,11.351982118666667,7.802366096,-2.5497951210000003,-2.9994998776666666
1611,4.474820999999982,26.01808293666667,11.518763543333334,-24.6194331,-2.726600391333333,-1.258597831,9.774215697,8.2614247,-4.968854983666667,1.9294354123333335
1612,4.477598666666647,26.08381144,11.45907561,-24.65636186666666,-1.8646564486666668,-0.469990035,10.982714653,8.407101472,-8.905225117999999,-1.0469180743333333
1613,4.480376333333311,26.136564253333333,11.403475126666669,-24.66305286666667,-1.04915003,-1.0998423099999999,9.571063521000001,6.075009506333333,-6.9282234496666675,1.910395364
1614,4.483153999999975,26.195991516666666,11.36667029,-24.697438566666666,-2.9243156910000003,0.01326509333333333,9.881743908666667,7.571205695333333,-6.3203983306666665,-1.9773933690000003
1615,4.48593166666664,26.23355802,11.301518123333333,-24.69362896666667,-2.618216753,-1.0872265796666667,12.965675034,3.9914838473333334,-7.401489575666667,3.5210139750000002
1616,4.488709333333304,26.25294558,11.282568613333334,-24.719912233333332,-1.222939809,-0.73501724,9.500233172666666,2.5919727883333334,-3.982424855333333,-2.0249120793333333
1617,4.4914870000000064,26.303290686666667,11.235500655000001,-24.720342,-4.012942592,-0.34378878299999993,11.476783750000001,5.591425339333334,-5.661160151,2.1212217013333334
1618,4.494264666666671,26.32566960666667,11.186707181333334,-24.746490499999997,-0.8934782943333333,-0.37527036666666663,12.768261272666665,2.9967887799999997,-7.208726009333333,-0.433158159
1619,4.497042333333336,26.348910650000004,11.161208472333334,-24.75613403333333,-2.7424368460000004,-1.0237508329999998,8.678155741,2.548757414,-3.8154239850000002,-0.01043363399999997
1620,4.49982,26.385594049999998,11.110114733333333,-24.7794164,-1.904438277,0.34474740933333337,9.929864882666665,4.584269250666666,-7.3050260546666665,-0.03364845099999999
1621,4.502597666666664,26.39006996,11.075378419666668,-24.803059899999997,-1.640613149,-0.240396172,11.448343277333334,0.6702306266666667,-5.543851534333332,-0.9516412816666667
1622,4.505375333333329,26.414464316666667,11.059199966666668,-24.807540866666667,-2.6519269943333335,-1.2313389179999998,11.686684926666667,2.670911868333333,-2.561765194,0.1072638033333333
1623,4.508152999999994,26.424866356666666,11.004454295666667,-24.850364666666675,-2.009879718,-0.242623766,12.803032876666668,1.82329909,-8.697306313333334,-1.8990780116666668
1624,4.510930666666657,26.43027814,11.006409329,-24.857838933333337,-2.519239982,-1.020523332,7.723113695666666,0.4630882343333331,-0.7704120873333333,-1.1865371066666666
1625,4.513708333333321,26.44028727666667,10.980847676666668,-24.887362166666673,-3.429881095666667,-0.483948982,11.283314068333333,1.459208727,-4.871886889333333,-2.0718542733333334
1626,4.516485999999987,26.419902803333333,10.951731361,-24.9135335,-0.47672916433333334,-0.7713527283333335,11.589342116666666,-2.1868536373333334,-5.090385635666667,-1.4896551766666664
1627,4.51926366666665,26.41193771,10.971086819666667,-24.93664296666667,-3.879991134333333,-0.7838844063333332,9.048560936,-0.866184155333333,0.2968005786666667,-3.8064676920000005
1628,4.5220413333333145,26.41711807333333,10.917638460333334,-24.96094003333333,-2.037439734,0.28820648800000004,10.047948043333333,0.8276089033333335,-7.6013881366666665,0.007107893666666494
1629,4.5248189999999795,26.39228502666667,10.935992879666665,-24.99509936666667,-1.0094464023333334,-0.3715961650000001,10.339660961666667,-2.6130617856666665,-0.3932767113333333,-4.899452264
1630,4.527596666666644,26.380720139999998,10.922957103666668,-25.00497183333333,-3.690690825333333,-1.2604268393333333,12.659684816666667,-1.5212720856666666,-2.492943724,-0.6116081873333333
1631,4.530374333333308,26.363922116666668,10.899309794333334,-25.04982503333333,-1.4760409196666666,0.8876605730000001,11.755180358666669,-1.3626044989999997,-5.476768334666667,-3.7807943423333334
1632,4.533151999999973,26.339319866666667,10.893055917,-25.0633545,-2.117985849666667,-1.405883034333333,9.179798443000001,-3.0037128926666665,-1.9744648686666666,-1.4130819243333335
1633,4.535929666666637,26.32051531333333,10.868917146000001,-25.11011253333334,-2.947153494,0.18138676899999998,11.338925362333335,-1.5944049753333334,-5.623724778666667,-3.9711285433333336
1634,4.538707333333339,26.269191106666668,10.837721189666667,-25.130093933333338,-1.6907644273333335,-0.6255561213333333,13.164683500333334,-6.046590805,-5.0016322933333335,-0.7871426573333333
1635,4.541485000000004,26.22467931,10.830096877333332,-25.17642976666667,-2.4679402906666668,-0.7388456063333333,7.465349833333332,-4.696212014666667,-3.823795477333334,-4.820770104666667
1636,4.5442626666666674,26.190883,10.786396661666666,-25.203971866666667,-2.6214487156666664,-0.31196017066666665,11.347399392333335,-3.8119874,-6.721012910333333,-0.923662146
1637,4.5470403333333325,26.1104126,10.773736316333332,-25.243255599999998,-1.5300775369999997,-0.29805894699999996,12.658494946666666,-9.128000737333332,-4.0012682276666665,-3.7901045083333336
1638,4.5498179999999975,26.04421361333333,10.757332802,-25.2638448,-3.125167181333333,-1.1828388773333334,9.970460575999999,-7.857850789666666,-3.440256715,-1.6976305963333331
1639,4.552595666666662,25.989576976666665,10.714672405333333,-25.309280400000006,-2.090544939,0.07840025033333332,11.575995765,-5.885263601666666,-7.545125644,-2.8618444403333334
1640,4.555373333333326,25.900061926666666,10.704759600666668,-25.321675599999995,-2.2066451666666667,-0.5978042186666667,11.973599753666667,-10.82225418,-2.2861817676666667,-1.0928100939999998
1641,4.558150999999991,25.823571526666665,10.694353422,-25.348854066666657,-3.207136859333333,-0.569332731,8.858261584,-8.933733303333332,-3.1168725093333336,-2.644567628666667
1642,4.560928666666655,25.764729183333333,10.656514483,-25.3762614,-2.1515494189999997,0.14214792866666667,10.283162116,-6.812807083,-6.074134707333333,-1.2469991943333334
1643,4.563706333333319,25.68306287,10.658610980333334,-25.3898875,-1.7402559620000002,0.11124630033333334,11.341810228,-9.849118074,-1.0690186673333333,-1.8613394896666666
1644,4.566483999999984,25.610336936666666,10.663942020666667,-25.401827499999996,-3.2708609899999996,-0.1481952093333333,9.940907797,-8.835375148999999,-0.600632429,-1.8422656853333332
1645,4.569261666666648,25.557512283333335,10.650767324333335,-25.425287900000004,-2.158278624333333,0.302079727,10.115699927,-6.173927307333333,-3.213566790333333,-2.112726499666667
1646,4.572039333333312,25.494898476666666,10.662020045333334,-25.43027243333334,-2.005612144666667,0.3650085326666667,12.284692129666666,-7.776866753666667,0.41831461566666667,-1.3557231426666665
1647,4.574816999999977,25.42790413,10.692273141000001,-25.4352722,-2.672813654,-0.4152248006666667,11.667380013333334,-8.272826830333333,2.4306376376666665,-2.3847152693333333
1648,4.577594666666641,25.385776519999997,10.700495719000001,-25.45188143333333,-2.8197193143333337,-0.04577847333333329,9.511870702333333,-5.058700641,-0.49070471533333304,-2.4267224473333333
1649,4.5803723333333055,25.34813563,10.712550479999999,-25.447311366666657,-1.7290255626666668,0.16109824166666664,11.780660313333334,-4.959949334333333,0.9378993909999999,-0.4349937836666668
1650,4.5831499999999705,25.28281339,10.768302918333333,-25.454221066666666,-2.7034269573333334,-0.03778865933333331,11.114894866999999,-8.046754995999999,5.139885187333333,-3.870499027333333
1651,4.585927666666673,25.25273005,10.790458044333334,-25.439287833333335,-3.3784813086666667,-0.9569186173333334,7.514836311333333,-4.308109641,2.56429255,0.1520376206666668
1652,4.588705333333338,25.226575853333333,10.817011831666667,-25.450920066666665,-1.1974651816666666,0.619841382,11.437136016000002,-3.1831236283333335,1.6657620073333337,-2.9932237563333337
1653,4.591483000000001,25.172248843333335,10.861747424999999,-25.429667166666665,-2.494770566333333,0.02141819400000004,11.875818572666669,-7.391909917333333,5.338489532666666,-0.33548235899999995
1654,4.594260666666665,25.142454783333335,10.892117502666666,-25.426457733333333,-2.7768520120000004,-0.4754980156666666,9.060722986666667,-3.9527502953333333,2.841954986333333,-1.569969336
1655,4.59703833333333,25.133871080000002,10.920643806333333,-25.412406933333333,-1.4780122836666667,0.1465849406666667,10.789887427333333,-1.724794408,3.2114403246666665,-0.27043507533333333
1656,4.599815999999994,25.0878582,10.946150463333332,-25.409268666666662,-2.3611613113333334,0.7328122186666666,12.706899963333333,-5.931659619,2.3466484149999998,-1.2678493656666667
1657,4.6025936666666585,25.06296603,10.963516871333333,-25.3955307,-2.431081772,-0.801983307,9.528765199666665,-3.654903809,1.9810560343333332,0.2835538733333333
1658,4.6053713333333235,25.06233342333333,10.984808605666666,-25.387530033333338,-1.743691246,0.16168385733333335,8.957028231,-0.578843375,2.121008227,-0.5511115393333333
1659,4.608148999999988,25.03730011,10.984685261000001,-25.37989043333334,-2.263267894666667,0.38867599299999994,10.94325479,-3.552045345333333,-0.22455575066666666,0.5081009070000001
1660,4.610926666666652,25.01542981333333,10.999759038,-25.368705766666668,-2.997987588333333,0.12749442433333336,11.057248433666667,-3.2042895953333335,1.5987722676666667,0.08730618166666677
1661,4.613704333333317,25.02533594666667,11.019450821666666,-25.34516653333333,-1.3003550096666665,-0.20597823233333337,8.051178614333333,0.29401711133333336,2.7186268843333337,1.2077964943333332
1662,4.616481999999981,25.018727620000003,11.031560580999999,-25.343068466666665,-3.6455782253333333,0.21880992233333338,10.968798003333333,-1.1822591323333334,0.821004609,-0.7520807983333334
1663,4.619259666666646,25.01367569,11.030430478333335,-25.3189163,-1.7605184319999998,-0.13506959133333332,12.77001381,-1.5192485653333334,0.48923190433333325,2.3360395826666664
1664,4.62203733333331,25.011912663333334,11.074961345666667,-25.30694323333333,-2.527965615,0.3159196973333333,10.037590980333334,-0.7808541856666665,4.814626534666666,-1.353072007333333
1665,4.624814999999974,25.021262486666668,11.076572418333333,-25.290059400000004,-2.179327031,-0.5801810573333334,9.063268184,0.34705594033333326,0.4338025549999999,1.4154940943333332
1666,4.627592666666639,25.02767117666667,11.070402465,-25.293528199999997,-2.5431911449999998,0.6892467686666667,12.66225497,0.5583391783333334,-1.4362969596666666,-0.3428378603333333
1667,4.630370333333303,25.017318090000003,11.103763262,-25.268524166666666,-1.302406778,-0.10303656766666665,11.756115277666666,-2.2028926409999996,4.289611895666667,0.6691888970000001
1668,4.633148000000006,25.025524776666668,11.102233248,-25.27801003333333,-3.1488898796666667,0.031477973,6.876471679999999,0.8803484739999999,-1.1961292623333335,-1.156239584
1669,4.63592566666667,25.053939816666666,11.085351307000002,-25.272687266666665,-1.9063853176666667,0.41190831833333336,11.011396088333333,2.8930381136666665,-2.151706834666667,1.1044004756666665
1670,4.638703333333335,25.041948953333332,11.107559837666665,-25.27602896666666,-1.9120545386666665,0.12234867599999999,11.112500193,-1.6598536173333336,1.6680716130000002,-1.7276160520000001
1671,4.641480999999999,25.046646753333334,11.107159614666665,-25.278920533333334,-2.9665958883333325,-0.39877217033333334,8.380307675333334,0.20973344399999996,-0.7599615653333333,-0.6184386806666665
1672,4.644258666666663,25.076436363333332,11.094299315999999,-25.289560966666667,-2.4285117783333336,0.19174042366666666,11.397414525,3.553219278666667,-2.563455482333333,-0.8376237946666666
1673,4.647036333333328,25.058128353333334,11.117530822666666,-25.295308433333336,-1.770121296,0.34060790133333335,10.801958243,-2.464840611,1.6630937656666667,-2.1130847533333332
1674,4.649813999999992,25.060401279999997,11.115019160333333,-25.301264466666662,-3.174592216666667,-1.0480716726666668,9.347171624666666,0.11458952633333326,-1.1747371206666666,-0.813046853
1675,4.652591666666656,25.078472773333335,11.108705840333334,-25.32690176666667,-1.9281805356666668,0.5399979156666667,11.891887029000001,2.3810010453333335,-2.546558837,-2.7310365836666666
1676,4.655369333333321,25.048706056666663,11.123387653666667,-25.31743113333333,-2.3988046446666664,-0.13064731166666668,11.414567946666665,-4.082755089,1.4547048606666666,-0.06944870966666665
1677,4.658146999999985,25.042256036666668,11.129824004999998,-25.34868876666667,-2.2919293396666665,-0.7193824103333334,8.304385980333334,-0.41910430766666673,-1.4444167613333334,-3.973023971
1678,4.6609246666666495,25.0533034,11.128376641666668,-25.3429972,-2.5991141793333337,0.7491418023333334,12.332317671333334,0.8949357866666666,-0.492967377,0.3138171633333333
1679,4.6637023333333145,25.0035642,11.151221274333333,-25.35935213333332,-2.308229506,-0.17983403900000003,10.722430229333334,-5.938857158,1.0785385766666666,-3.2080890340000003
1680,4.666479999999979,24.995037713333335,11.173356374333332,-25.356971733333328,-2.57969594,-0.7829417723333334,8.731850942333333,-1.4146485726666667,1.9464898106666666,-1.168367704
1681,4.669257666666643,24.992942170000003,11.199837048,-25.359985366666674,-2.7180116573333333,1.2172334393333333,10.972909130666666,-0.53199478,2.135731905666667,-1.9766334496666669
1682,4.672035333333308,24.938174566666664,11.24284903,-25.35403696666667,-2.9469924769999998,-0.781943987,11.668393453666667,-7.0381431580000005,4.411745528333333,-1.7928344310000002
1683,4.674812999999972,24.91278839,11.3106273,-25.344301866666665,-2.6818958123333334,0.20966927833333335,8.828169821666668,-3.636889219,7.267527739333333,-2.6995526153333333
1684,4.677590666666636,24.899063746666666,11.38319397,-25.32528686666667,-3.5547651449999997,0.130417102,10.545072240666666,-2.429595992,8.298752626666667,-1.8329635059999998
1685,4.680368333333338,24.835837679999997,11.478690146666665,-25.312065099999998,-2.8457679353333334,0.012142722666666642,12.121024133333334,-8.260216712,10.458828211666667,-3.7131172813333335
1686,4.683146000000003,24.785050073333334,11.606993359999999,-25.281224600000005,-3.222822348333333,-0.6771651976666666,9.504408678,-7.151053069666666,14.902286214,-3.4849288463333337
1687,4.6859236666666675,24.744521456666664,11.748063086666667,-25.259918199999998,-3.667678515,0.210371236,9.549765428666667,-5.733834981,15.826048213333332,-5.122832377666667
1688,4.688701333333332,24.65454801,11.918173473333335,-25.234408066666663,-2.588983615333333,-0.3473597603333333,13.521394729999999,-11.730173905666666,19.186477663333335,-6.156915068666667
1689,4.691478999999996,24.546420416666667,12.120434443333332,-25.207735700000004,-3.621756474,-0.8660209476666667,10.097370149,-13.990913388333333,22.783581416666667,-7.550837517000001
1690,4.694256666666661,24.43871562,12.346583683333334,-25.18256633333334,-3.0669873556666665,-0.7000170846666668,8.529930593000001,-13.881362279000001,25.32461866,-8.885101637666667
1691,4.697034333333325,24.276227316666667,12.582021076666665,-25.173154166666666,-2.310454011,-0.9668535443333331,14.159549396666668,-20.064991317333334,25.62899971,-10.910075188666667
1692,4.69981199999999,24.06865310666667,12.881887436666666,-25.1521479,-3.948866128666667,-1.1845974126666667,10.082162378333333,-25.76444594333333,33.24348195333334,-12.791493097
1693,4.702589666666654,23.82888793666667,13.176507313333333,-25.142567933333336,-2.9550422033333335,-1.692111691,10.813752812333334,-29.364920616666666,32.205411276666666,-13.587694483333332
1694,4.705367333333318,23.519071576666665,13.520052276666666,-25.145011933333333,-2.559321999666667,-0.9424621313333333,10.09516398,-37.42175547666667,37.096085226666666,-17.02817535666667
1695,4.708144999999983,23.141307830000002,13.89916865,-25.132840466666675,-4.120295286,-1.9531476496666667,9.884379385666668,-46.00724093,41.80036926333333,-16.97358513
1696,4.710922666666647,22.697041833333333,14.267688116666667,-25.1607259,-1.516244933,-2.5201891263333334,10.915709811666668,-52.77326647333334,38.93154144333334,-20.413158413333335
1697,4.713700333333312,22.165731426666667,14.656531969999998,-25.192497233333338,-3.307177742666667,-1.693191727,10.443174043333334,-63.089098613333334,41.24686050666667,-21.53586451
1698,4.716477999999976,21.562291463333334,15.105521519999998,-25.219223,-3.579658985,-1.8284758729999997,10.509191193,-71.84297561,48.34790548,-23.177239736666667
1699,4.7192556666666405,20.8653787,15.554172193333335,-25.26922863333333,-3.0255428949999996,-1.641119142,11.871503826666668,-82.33093897666667,47.615914663333335,-25.195062636666666
1700,4.7220333333333055,20.07190323,16.014916736666667,-25.324289966666665,-1.7526406450000003,-3.0778186319999996,10.466801166333333,-93.75407664666666,49.07578532,-25.48082478666667
1701,4.72481099999997,19.196959176666667,16.431705793333332,-25.4273987,-1.2573585113333332,-1.2535747486666666,10.365743954333334,-101.78590903333334,42.66346804333333,-28.398737589999996
1702,4.727588666666672,18.256830533333332,16.894209223333334,-25.519681300000002,-3.773267904666666,-2.8960696059999997,8.065688450333333,-109.96016696,48.6338501,-28.108758926666667
1703,4.730366333333336,17.247372626666664,17.36040751333333,-25.6229426,-2.1627533933333334,-0.2613585393333333,13.231993197666666,-117.72647603666667,49.15962855,-28.89213053333333
1704,4.733144,16.147095046666667,17.82150586666667,-25.74686433333333,-2.675532306333333,-1.402571261,9.503472009333333,-127.90218863333335,48.41057713666667,-29.66757774333333
1705,4.735921666666665,14.970134416666667,18.21640205,-25.889775633333333,0.3331834473333333,-2.2195638813333334,11.459842521666667,-136.19035846666665,40.794003806666666,-29.20538584666667
1706,4.738699333333329,13.728863080000002,18.620120366666665,-26.066792799999998,-2.4982014496666665,-1.1678865653333332,6.848083733333333,-142.5754572666667,41.43313280666666,-31.895896276666665
1707,4.7414769999999935,12.425259591,19.007590609999998,-26.230745966666664,-2.7306277353333335,-0.40897468733333336,18.02171612,-150.3715668,40.621385573333335,-29.684242883333336
1708,4.7442546666666585,11.064443748333332,19.39604187,-26.42570243333334,-2.4005887510000004,-1.4132477046666665,3.716961940333333,-155.9766744,40.69213041,-31.271764756666666
1709,4.747032333333323,9.634251912666667,19.658376693333334,-26.65049996666666,1.4112276633333334,-1.0040836136666667,15.81960138,-162.92964173333334,26.024958291999997,-32.06733195
1710,4.749809999999987,8.129865327,19.92210452,-26.903981533333322,-3.1814646126666664,-1.2812349793333333,4.282559156333333,-170.60156756666666,26.410392126666665,-33.571375530000005
1711,4.752587666666652,6.5789692393333326,20.169006983333333,-27.154482566666662,-1.6959375936666667,-0.6724957326666666,16.767200149999997,-176.16893003333334,25.296021302333333,-33.21487681
1712,4.755365333333316,5.010103702333333,20.348693846666666,-27.4352951,-2.2360099156666666,0.23487218199999996,4.908925136,-177.00920613333335,17.807048480000002,-34.13102468
1713,4.75814299999998,3.3586896260000003,20.503536863333334,-27.7184906,-0.1737455923333334,-0.4882982573333334,17.035390853333336,-186.7191111333333,15.708086012,-34.51478068
1714,4.760920666666645,1.6842829786666667,20.518764496666666,-28.02649433333333,-1.3059391576666668,-0.8249296346666667,5.350311517666667,-188.39529926666668,-0.34395493599999966,-35.21299743666666
1715,4.763698333333309,-0.012720122999999953,20.601552963333333,-28.32358296666666,-1.5692919096666664,0.6656184196666667,14.310015360666668,-191.5183512333333,8.817081829666666,-35.182979583333335
1716,4.766475999999973,-1.7169855836666665,20.559544883333334,-28.624247200000003,-1.7938594693333334,0.4751147976666666,10.707966327333333,-192.25792950000002,-5.179032963333333,-34.385996500000005
1717,4.769253666666638,-3.4248334766666666,20.52247238,-28.911549899999997,-2.02970622,0.6323555113333333,12.505174636999998,-193.20676673333332,-3.6848100033333324,-33.91727129666666
1718,4.77203133333334,-5.116479376999999,20.394762673333336,-29.2006073,-1.0230503640000002,1.3377028503333335,8.892278830333334,-191.46149190000003,-13.668006343333332,-33.126175563333334
1719,4.774809000000005,-6.801322300333333,20.240591686666665,-29.47286986666666,-2.2824100953333333,1.2763519290000003,8.14547046,-191.16834513333333,-15.924178124666668,-33.7089742
1720,4.777586666666669,-8.460018951666667,20.049285253333334,-29.734003700000002,-1.6919192073333333,1.7626068193333333,14.358119646666667,-188.82800799999998,-19.7158645,-31.840581896666666
1721,4.780364333333334,-10.081771214333333,19.862749736666668,-29.97143556666666,-2.2176063856666666,2.002889553666667,8.705159664333332,-185.01000976666668,-18.44528261933333,-31.38269551333333
1722,4.783141999999998,-11.636016688333335,19.580362953333335,-30.1914266,-1.9522297780000002,2.20505325,13.415546733333334,-178.1863912,-29.487686793333335,-30.674557370000002
1723,4.785919666666662,-13.167119028333332,19.359224956666665,-30.393821700000004,-1.5546044310000002,1.9709873993333333,9.417584418333334,-175.79729210000002,-21.636273700000004,-29.126811346666667
1724,4.788697333333327,-14.618943213333333,19.037450789999998,-30.5821177,-2.726088881666667,2.7958501676666674,12.42758274,-167.2619171,-33.29454294666667,-29.914217633333333
1725,4.791474999999991,-16.01743571,18.703699113333332,-30.725194300000002,-1.150194759,2.531064311666667,12.314686776333334,-162.40251666666668,-34.91910934333333,-27.270877836666667
1726,4.794252666666656,-17.352014543333333,18.399220783333334,-30.876126600000003,-2.8489987256666667,2.619354526,10.144587676999999,-154.58441163333333,-30.84174283333333,-27.601898826666666
1727,4.79703033333332,-18.581576983333335,18.02105331333333,-30.976387033333335,-1.9858970640000002,2.741203308,10.727203686000001,-143.85857646666668,-40.23198064333334,-25.739958446666666
1728,4.7998079999999845,-19.753742216666666,17.665472666666666,-31.080006899999997,-1.9415151076666666,3.5514727433333335,12.527969996666664,-137.13184103333333,-37.12961006333334,-25.684457139999996
1729,4.8025856666666495,-20.834604896666665,17.285152433333334,-31.142468766666667,-1.9673969346666667,2.687542081,12.341012953666668,-127.51572670666667,-40.93167114,-23.494752883333334
1730,4.805363333333314,-21.802218753333335,16.887755076666668,-31.19584913333333,-3.0593263706666662,3.7867962520000003,7.868553956333334,-114.51026153333332,-42.860406239999996,-23.378562926666664
1731,4.808140999999977,-22.69010099,16.505197839999997,-31.2219213,-1.8020237686666667,3.1885836923333333,12.847901026666667,-105.79028317333332,-41.944258373333334,-20.814790406666667
1732,4.810918666666643,-23.514619826666664,16.122271220000002,-31.239214533333342,-2.293088416,3.0265619756666666,11.186333816666666,-98.64710998666665,-42.132357283333334,-20.20402018333333
1733,4.813696333333307,-24.230281829999996,15.759375890000001,-31.254018133333336,-2.1372245553333333,3.22467192,10.740130741666666,-85.58297982666666,-39.67359669666667,-19.706424076666668
1734,4.81647399999997,-24.836419423333336,15.401233673333332,-31.23643493333333,-2.4252989289999998,2.221484462333333,8.791977721666667,-73.69324239000001,-40.56561661,-16.26211770666667
1735,4.819251666666673,-25.370762510000002,15.077753386666666,-31.25047046666666,-3.714498996333333,4.344976504666666,6.6599278449999995,-63.980894723333336,-35.04535993,-18.336846989999998
1736,4.8220293333333375,-25.81985982333333,14.776568416666668,-31.22825623333333,-2.8232553800000004,2.2232412893333335,14.509009043333334,-55.051886239999995,-34.3185997,-13.417694726666667
1737,4.8248070000000025,-26.222676593333336,14.495251336666668,-31.24335736666666,-3.505584149666667,3.132561525,8.779621441666665,-48.23223241333333,-30.15901184,-16.739560126666667
1738,4.827584666666667,-26.534332273333334,14.255025543333332,-31.233823166666667,-2.6891102693333333,2.9675864376666667,13.770248093333334,-38.172646203333336,-26.92575581666667,-11.985932669999999
1739,4.830362333333331,-26.785137176666666,13.99988143,-31.24604540000001,-3.87161843,2.341694991,11.10110283,-30.163671493333336,-27.297527950000003,-15.331178983333333
1740,4.833139999999996,-26.967174526666668,13.814070703333334,-31.258717833333336,-2.7528498073333334,2.637681325,11.268620810000002,-21.937692126666672,-19.79470189333333,-11.688586551999999
1741,4.83591766666666,-27.08831596666667,13.604812623333332,-31.26625823333333,-3.354019204666667,2.260403474333333,12.744065283333333,-14.742954492,-22.50629425,-12.591052686666666
1742,4.838695333333324,-27.16435877666667,13.46031602,-31.304588333333324,-2.6065462826666663,1.9978177946666669,9.421416918,-8.471951166666667,-13.956782499,-12.223944346333333
1743,4.841472999999989,-27.198771159999996,13.303591093333333,-31.318209299999996,-3.151483257666667,2.1685352723333335,14.515068053333335,-4.16684254,-16.537587803333334,-10.404844441666667
1744,4.844250666666653,-27.198330563333332,13.178790093333333,-31.359814966666672,-1.8677226703333336,2.0842104753333333,7.667515754666667,0.7715690316666665,-11.668440977333333,-11.499993006666665
1745,4.847028333333317,-27.147193270000002,13.063888229999998,-31.379226666666668,-3.465407292,1.482073614,12.272637844666667,6.262390813333333,-11.738238652666666,-8.765628812666668
1746,4.849805999999982,-27.080602643333332,12.966610590000002,-31.41149903333333,-1.2076236206666666,0.8421069633333333,10.203425408333334,8.428587793666667,-9.236943644,-9.034087975333334
1747,4.852583666666646,-26.990503309999998,12.886793136666668,-31.45302583333333,-3.6089645226666662,1.8044100406666665,12.113968213333331,11.505536396000002,-6.8727740446666665,-9.080739021000001
1748,4.8553613333333105,-26.868359246666667,12.808050793333335,-31.470893866666668,-1.9662805399999999,0.27501279100000003,8.33910672,14.689507800000001,-8.042743841666667,-6.4801985423333335
1749,4.858138999999976,-26.744024276666664,12.766928673333332,-31.52071126666667,-3.5730736256666664,0.8809302646666666,9.803286552333333,15.821968713333334,-2.350226323,-7.7862903286666665
1750,4.860916666666641,-26.629020056666665,12.720887820000002,-31.549189266666673,-1.7084484696666669,0.19568033999999998,10.929169018666665,14.09123866,-3.9827669463333337,-5.8335367043333335
1751,4.863694333333304,-26.498482383333336,12.69129467,-31.591397599999997,-3.3564160666666667,1.0080735090000001,13.660179773333333,16.36067804,-1.546050151,-6.3671499890000005
1752,4.866472000000006,-26.381804783333333,12.673143386666666,-31.63065846666666,-1.8159297106666668,-0.09729377200000001,9.593896070666666,14.601290066666666,-0.4313994113333333,-5.470394770333333
1753,4.869249666666671,-26.237686153333332,12.659438453333332,-31.6617686,-2.9538001223333334,0.4710322616666667,10.587897303,17.683740933333333,-0.413461546,-4.392539660333333
1754,4.872027333333335,-26.13439750666667,12.658352213333336,-31.703536999999997,-2.0653995173333333,0.03184086100000002,10.688601017333333,13.047291279000001,1.4944796486666665,-4.8076388833333334
1755,4.874805,-26.025878270000003,12.640584306666668,-31.7296829,-2.5196425616666667,0.215176344,11.562434193333333,13.270200093333335,-1.140977857,-4.054448445999999
1756,4.877582666666664,-25.927291233333335,12.661423363333334,-31.761850966666668,-2.3724155873333337,0.2605342566666667,11.736553193,12.242176373666666,3.358176151666667,-2.635769566
1757,4.8803603333333285,-25.85492960666667,12.657167753333335,-31.7942327,-2.3653736513333334,-0.7747768066666666,7.411000092666668,9.095632931,0.629115502,-4.015701611666667
1758,4.8831379999999935,-25.772328696666666,12.656113943333333,-31.816604599999994,-2.7098000446666664,0.5465263623333333,12.530336063333332,10.046399114000002,0.49040156600000007,-2.796938041666667
1759,4.885915666666658,-25.74670156,12.671518326666666,-31.84488169999999,-2.401787271,-0.19510561733333331,10.706969263666666,3.3950520353333338,2.521909217,-2.538225253666667
1760,4.888693333333321,-25.719462713333332,12.67930635,-31.87434896666666,-2.6051826876666664,-0.8524999416666666,7.978605906333333,3.596474489333333,1.8006594976666666,-3.0801809233333333
1761,4.891470999999987,-25.683399836666666,12.690018016666665,-31.8946991,-2.401213765,0.36116754033333337,11.321616808000002,4.399668138666667,1.6150072809999998,-1.9661871169999998
1762,4.894248666666651,-25.72515869,12.702741943333331,-31.917330399999997,-3.3559129236666667,-0.41314496599999995,11.412437757333334,-4.843891303,1.9834683239999997,-2.0938528376666663
1763,4.897026333333314,-25.75220616333333,12.72939968,-31.938796999999997,-0.8207568909999999,-1.1726150513333333,9.472527980333332,-3.134567578,3.3936984540000004,-1.2335689513333332
1764,4.899803999999979,-25.789678573333333,12.742339133333333,-31.973419200000006,-4.050627469999999,0.737338712,11.211284954666667,-4.043882371333333,2.608075802666667,-3.3325317696666663
1765,4.902581666666644,-25.878985723333333,12.766541166666668,-31.966072099999995,-1.7781477570000002,-1.5865647589999998,11.720364886666667,-11.350728354,1.663209239666667,1.68697914
1766,4.905359333333307,-25.96588389,12.797911326666666,-32.01367696666667,-2.260076744,0.26150651766666666,9.990353107666666,-9.618668158,5.248003324,-3.708138744333334
1767,4.908136999999972,-26.050291059999996,12.83558019,-32.01021576666666,-3.1170765956666666,0.31349578699999997,9.569337528666667,-10.702260654333335,3.3333301939999997,1.973500098
1768,4.9109146666666375,-26.17029063,12.835722606666666,-32.0249303,-2.1051154676666664,0.16441913733333333,11.327371912666665,-14.434987066666666,0.20236529899999997,-1.9142505923333335
1769,4.91369233333334,-26.288240433333332,12.903543153333333,-32.0432663,-1.8939791123333334,-0.33898487699999996,9.412410099,-14.142532033333334,7.688191574,1.3206489286666667
1770,4.916470000000004,-26.402652103333335,12.905062039999999,-32.055631,-3.2406379383333337,0.6321462193333334,9.460885525,-13.875221570333332,0.2356636523333333,-1.5757199773333335
1771,4.919247666666668,-26.521406173333332,12.924036979999999,-32.05150353333333,-1.640311519,0.44441343333333333,11.78949229,-14.809371946666667,1.260980487,1.085569938
1772,4.922025333333333,-26.655577976666667,12.98063914,-32.08250173333333,-3.205927054,0.013421654666666671,9.793521085,-15.749151863333333,7.115474065000001,-0.547675113
1773,4.924802999999997,-26.770174663333336,12.957392056666668,-32.073328633333325,-1.5311894416666665,0.1699352563333333,9.978442192666668,-14.475457506666666,-3.530594349,-0.6478739580000001
1774,4.927580666666661,-26.89294433666667,12.989841143333335,-32.08129116666667,-2.791516622,0.23407856933333335,12.130789753333334,-14.984761236666666,3.331037919,0.5418948333333334
1775,4.930358333333326,-27.029753366666668,13.009100593333335,-32.09722646666666,-2.5937687556666664,-0.38595058033333335,8.268319767,-16.432372733333334,2.3425718146666665,-0.974728465
1776,4.93313599999999,-27.131970086666666,12.987002373333333,-32.07640586666667,-1.754594783,0.36917906266666667,11.764598209333334,-13.330250419999999,-4.025136312,0.5858275096666666
1777,4.9359136666666545,-27.26472473,13.011507673333332,-32.09494526666667,-2.743664264333333,0.08059387700000002,10.684381486000001,-15.875974973333333,3.029063185,-0.9272182783333333
1778,4.9386913333333196,-27.375672660000003,13.003241536666666,-32.083966600000004,-2.716683626,-0.5152231356666667,8.703075567666668,-14.098389306666666,-2.0467142756666665,0.3321526696666667
1779,4.941468999999985,-27.476083756666668,12.988018036666668,-32.07901256666666,-1.4989287083333334,1.0672032436666665,12.02847163,-12.650752383333334,-2.4546294213333333,-0.6830719510000001
1780,4.944246666666648,-27.59785970333333,12.99754715,-32.08215076666666,-2.933881918333333,-0.630056739,8.160457134333333,-15.024683953333332,0.623036742,-0.16898127866666668
1781,4.947024333333313,-27.674591700000004,12.965173723333335,-32.06827800000001,-2.210596670333333,0.9877677063333333,12.05909443,-10.034586908333333,-4.764047543333334,-0.728059113
1782,4.949801999999977,-27.778604506666667,12.957403186666667,-32.0585124,-1.8919532099999998,0.09775025366666663,9.661408424333333,-13.266335806666667,-1.912777265,0.21988970033333333
1783,4.952579666666641,-27.852969490000003,12.937328339999999,-32.06457773333333,-2.536168873333333,0.266922037,8.893917082666666,-9.224443433333333,-2.376109361666667,-2.1064509153333333
1784,4.955357333333305,-27.90984471666667,12.903574943333334,-32.03998313333333,-2.379577875,0.708530416,12.451789856,-7.992124239666666,-5.49564147,0.311020851
1785,4.95813499999997,-27.99754969333333,12.878616016666667,-32.04485066666666,-2.4386834103333332,0.05238161500000001,9.580947557,-10.866008122333334,-2.952694138,-2.2778101613333335
1786,4.9609126666666725,-28.03724543,12.85999966,-32.03157046666667,-2.3642204003333336,0.7307064433333332,10.986116408666666,-5.635981242,-3.2575286230000002,-0.028701027333333313
1787,4.963690333333337,-28.094294230000003,12.813164073333333,-32.02153016666667,-2.8680830796666665,-0.05272272266666669,10.174374737666668,-7.586411635,-6.106762886000001,-1.9497814973333334
1788,4.966468000000002,-28.145633696666668,12.799923579999998,-32.017906200000006,-2.1213332416666666,-0.20787069199999997,11.749787646666666,-6.762786388333333,-2.1347375310000003,-0.7634835243333334
1789,4.969245666666665,-28.189467746666665,12.75379467,-32.00240836666667,-3.06171306,0.7937650576666667,10.600227355,-6.167682488666667,-6.333858330999999,-1.3525000013333335
1790,4.97202333333333,-28.242995580000002,12.735000293333334,-32.007919300000005,-2.035228312,-0.43478912100000006,8.890226206333333,-6.787080605666667,-2.2258940636666664,-2.016032378
1791,4.974800999999995,-28.280208586666664,12.700969696666668,-31.9930674,-3.075432101666667,0.18460415799999996,12.552563348,-5.3443423910000005,-5.013815720999999,-0.747607029
1792,4.977578666666658,-28.35549291,12.66802438,-31.998168966666668,-2.434967796,-0.1857651273333333,10.516860644333333,-9.430218537666667,-3.7432390153333337,-2.7776251236666667
1793,4.980356333333323,-28.39777438,12.663215319999999,-31.994677233333334,-2.5628115336666664,-0.12684023366666664,9.679912250333333,-5.670142014666666,-1.286598802,-0.262191534
1794,4.983133999999988,-28.45028877333333,12.618668236666666,-31.998898833333328,-3.1716239453333337,0.17900249366666668,10.856886546,-6.696897745333334,-5.021188736,-3.352758447333333
1795,4.985911666666651,-28.51967048666667,12.626605033333334,-31.998682633333335,-1.9791821640000002,-0.5919302006666666,10.799301465666668,-8.853599549,0.24835995833333335,0.12697406600000014
1796,4.988689333333316,-28.572999953333333,12.602557816666666,-32.01791383333333,-3.5556082329999996,0.8349178136666667,10.893464086666667,-6.400228977333334,-2.0183505216666666,-3.7314905923333335
1797,4.9914669999999814,-28.624822616666666,12.603576023333332,-32.01282756666667,-1.8352806613333332,-0.6271210909999999,9.580809909666668,-6.867394129333333,-0.7537928419999999,0.22762096933333323
1798,4.994244666666646,-28.67272567666667,12.605055810000001,-32.042956,-3.2462275026666667,0.486411194,10.366347470666666,-5.4745351473333335,1.276523898,-3.3758324783333333
1799,4.99702233333331,-28.72643343333333,12.595043816666667,-32.035751333333344,-2.4856948456666665,-0.004326219333333252,12.16688029,-7.155097643666667,-2.0369634926666667,-0.17519712433333337
1800,4.999799999999975,-28.76417796,12.618445713333335,-32.07478329999999,-2.4609969256666666,0.034728547333333304,8.943572363,-4.037524700333333,4.102785666666667,-3.052486737666667
1801,5.002577666666639,-28.78556188,12.615366620000001,-32.07925923333334,-3.2405789693333333,0.40829344333333334,10.584690252333333,-2.942823728,-0.650268515,-0.9689352713333333
1802,5.005355333333303,-28.819749833333333,12.623000146666667,-32.10703276666666,-1.5744267703333332,-0.1724537266666667,12.15730381,-3.920706908,1.8257101376666665,-2.8341849643333332
1803,5.008133000000005,-28.848729453333334,12.64329497,-32.133542399999996,-3.824444214333333,0.20142430066666664,9.167901675333333,-3.2741521993333333,3.051688234,-1.8695189953333333
1804,5.01091066666667,-28.85039647666667,12.637049993333333,-32.14695483333334,-1.45094045,0.22483202833333335,10.227800686666667,-0.3797737163333334,-0.44881689533333335,-2.1491152446666666
1805,5.013688333333334,-28.87239964666667,12.657022156666665,-32.180501299999996,-3.060526172333333,-0.10925840066666666,11.542551676,-2.254159410666667,3.4207724729999995,-2.6200671989999997
1806,5.0164659999999985,-28.885545733333334,12.65199121,-32.1929067,-2.5610888403333334,-0.06143460133333333,12.019195875333333,-1.781026321,-0.36752592266666667,-1.9860980113333333
1807,5.0192436666666636,-28.88479996,12.670352933333334,-32.22498829999999,-2.277620663,0.531229044,8.604578812666666,0.446404914,3.1665641863333334,-2.563583861
1808,5.022021333333329,-28.873956046666667,12.670475323333335,-32.2313334,-2.608578046,-0.518728137,10.656598727333334,0.9602008066666666,-0.1585476003333334,-1.078103165
1809,5.024798999999992,-28.87359365,12.66822656,-32.25144956666667,-2.158187683,0.304661135,12.820047696666668,0.0704177703333333,0.344976902,-2.577513496
1810,5.027576666666657,-28.88377952333333,12.687822976666666,-32.26722206666667,-3.784446477666666,-0.030376027333333316,9.483982720999999,-1.3142450453333334,2.4225729903333333,-0.9164047539999999
1811,5.030354333333322,-28.84670512,12.679824196666667,-32.2710495,-1.3274819253333334,0.025789465666666678,10.464142481666668,4.0579867363333335,-1.2081125973333335,-1.2003301483333333
1812,5.033131999999985,-28.847961426666668,12.702159880000002,-32.285586033333324,-3.578949769333333,-0.2718604333333333,10.086721101,-0.3026322026666666,2.649860779333333,-0.6517712223333333
1813,5.03590966666665,-28.836898803333337,12.690630913333335,-32.29050443333333,-2.098974426333333,0.11335030466666667,13.954239526666667,0.9699128269999999,-1.5037305356666668,-1.547129660666667
1814,5.038687333333315,-28.826724369999997,12.716856323333333,-32.30751289999999,-3.5419256686666665,-0.08977360033333333,7.887198448333334,1.1271162033333335,3.191508015,-0.6804080706666668
1815,5.041464999999978,-28.799396516666672,12.721440633333335,-32.311510733333336,-1.7947080533333335,-0.33971529699999997,10.810894330666665,2.9157493910000003,0.15617001033333336,-0.544007947
1816,5.044242666666643,-28.79362233333333,12.726767536666669,-32.32583616666667,-2.9560340246666663,-0.05841813466666664,11.931589762333333,0.4918488363333335,0.820624471,-1.5772775509999999
1817,5.0470203333333075,-28.794824603333335,12.744831083333333,-32.340799966666665,-2.6646222073333337,-0.41812164600000007,11.510773340999998,-0.22050868966666667,2.194785952666667,-0.8827818033333333
1818,5.049797999999972,-28.777318320000003,12.75303523,-32.35251366666667,-2.899911324,-0.07781389866666666,9.952648481666666,1.8643198410000001,0.9860028426666666,-1.1625877026666667
1819,5.052575666666636,-28.77195676,12.77876091,-32.365595533333334,-1.6651802160000002,-0.24360022199999995,10.415304980666667,0.496886283,2.8700922183333333,-0.19447611266666665
1820,5.055353333333339,-28.772761023333334,12.77450116,-32.37604266666666,-3.069816371,-0.12694438333333338,12.368128140000001,-0.36995883800000023,-0.40518319600000013,-1.7415674626666666
1821,5.058131000000003,-28.781072616666666,12.812692643333333,-32.3957316,-2.393852393,-0.6113323270000001,10.281903268999999,-0.9669715960000002,4.5630989873333325,-0.1797350643333333
1822,5.060908666666667,-28.7710921,12.81973839,-32.39797723333333,-2.7453071276666665,0.5295203329999999,11.370158513333335,0.7279351946666669,0.3233284653333333,-0.25075054166666666
1823,5.063686333333332,-28.782108943333338,12.862128893333333,-32.4116033,-1.6983091036666667,-0.912157113,9.273663205666667,-1.4620773396666664,4.690999706333333,0.626033346
1824,5.066463999999995,-28.791496913333333,12.86843427,-32.42021943333333,-2.853708466,-0.13026861833333328,12.64772415,-1.4240405159999998,0.6281977843333333,-0.9777037699999999
1825,5.06924166666666,-28.789831796666665,12.918286959999998,-32.43607326666666,-2.695196012666667,0.13247864933333334,8.130931536,0.12496769400000003,5.590990304333332,0.8344307839999999
1826,5.072019333333325,-28.783710476666666,12.93645414,-32.439226766666664,-1.6058537563333335,-0.10245750099999999,12.347956023333332,0.29169918066666667,1.5588010153333336,0.3060303123333334
1827,5.07479699999999,-28.78601328666667,12.974250156666665,-32.45434826666666,-2.5993682543333336,-0.42579241566666665,8.359562397,-0.369071285,4.292566061333334,0.186791738
1828,5.077574666666654,-28.78357124333333,13.001365663333333,-32.466568,-1.9543259143333334,0.1441722063333333,12.898900986666666,0.08677260099999999,2.9963231896666667,-0.07839661800000004
1829,5.080352333333319,-28.763394039999998,13.022678059999999,-32.47053273333334,-2.62931482,-0.8253873933333332,7.528877576,2.0627143780000003,1.9500331083333335,0.34196285666666676
1830,5.083129999999983,-28.749523800000002,13.054489133333334,-32.474377933333336,-1.7198014656666665,0.520943751,13.887026786666667,1.227545254,3.010821183333333,1.0664401946666666
1831,5.085907666666647,-28.73673439,13.058635076666667,-32.476854933333335,-2.0651204586666667,-1.003678699,7.756645997333334,1.10811011,0.031535344666666694,-0.42852189133333346
1832,5.088685333333312,-28.71453031,13.075902303333331,-32.4815394,-2.8682920136666668,-0.3287050423333333,11.951382003333334,2.2638842266666663,1.5271423659999999,0.12632943199999994
1833,5.091462999999976,-28.693400063333332,13.073933286666668,-32.4790395,-1.9128145773333332,-0.4213344206666667,8.693855286,1.9927960633333335,-0.8826494713333334,-0.29467894133333333
1834,5.09424066666664,-28.675713220000002,13.077488263333334,-32.4707362,-2.576817433,-0.4395342766666667,12.321534793333333,1.365396738,-0.6260757446666668,0.63537393
1835,5.097018333333305,-28.655569713333335,13.062726656666667,-32.46815233333333,-1.5448827146666666,-0.5974375803333333,8.803009669,1.8531086839999997,-2.2413737773333335,-1.0045221053333333
1836,5.099795999999969,-28.63680776,13.038736023333334,-32.46004740000001,-3.6041122276666666,-0.19089524466666666,12.413594563333334,1.5049515963333333,-3.5093211533333335,-0.9816655813333334
1837,5.102573666666673,-28.62044398,13.027410506666667,-32.4536031,-1.9411209026666667,-1.021365603,8.047890981,1.322339217,-2.066581905,-0.4774237436666667
1838,5.105351333333336,-28.598513283333336,12.992657023333335,-32.4356384,-2.3905071816666665,-0.375734846,12.995530443333335,1.6069814363333332,-5.2025498956666665,-0.5602175146666667
1839,5.108129000000001,-28.583140689999997,12.97000345,-32.426821366666665,-2.5033164026666666,-0.9381884733333333,6.808185418666667,1.1297242243333334,-3.407620053,-0.8464225233333335
1840,5.110906666666666,-28.559260686666665,12.924839656666668,-32.41150413333333,-2.51603055,-0.3654053806666666,14.563958166666666,1.9072787560000002,-6.174760283333334,-1.3879544983333334
1841,5.113684333333329,-28.54421616,12.898173333333332,-32.3945745,-2.9873398939999998,-0.45465134099999993,7.166797161000001,0.8824617663333333,-4.2859915593333335,-0.23761473133333333
1842,5.116461999999993,-28.52777163,12.853740056666666,-32.36886596666667,-1.2896102666666667,-0.8327200163333335,14.056738853333334,0.7456600663333334,-6.665127674666667,-0.311878999
1843,5.119239666666659,-28.51488876333333,12.814751306666667,-32.354031866666666,-3.454516252,-0.46632909799999994,6.615913392,0.647587458,-5.497997085333334,-1.0987097469999998
1844,5.122017333333322,-28.511649446666667,12.76785469,-32.329376233333335,-1.6918785423333336,-1.4110978446666664,13.536737443333331,-0.8038474013333333,-6.867427984666667,-0.5778400899999999
1845,5.1247949999999864,-28.505481720000002,12.733140626666668,-32.31155396666667,-2.8443722726666665,-0.8392029603333334,7.949886481,-0.24811633399999997,-5.209483185333334,-0.5525930326666666
1846,5.1275726666666515,-28.511394499999998,12.700835546666667,-32.2884369,-2.0330056743333333,-0.9008037996666666,13.049158096666668,-1.8715466560000003,-5.251767933333333,0.11086700366666664
1847,5.130350333333316,-28.50476646333333,12.66845163,-32.27389526666667,-2.805712938333333,-0.4466065266666666,8.220386823,-0.13434642533333344,-4.788505514333333,-0.7315170763333333
1848,5.13312799999998,-28.527843473333334,12.655144693333334,-32.26188403333333,-2.2965224186666666,-1.2120704453333333,11.051295598000001,-3.6188257533333332,-2.617228150333333,0.036265484999999986
1849,5.135905666666645,-28.52146784333333,12.645977019999998,-32.25628916666666,-2.8605088989999996,-0.2917048433333333,8.908570447666667,0.08124850199999993,-1.8260437649999997,-0.3511627116666666
1850,5.138683333333309,-28.541402816666665,12.662752466666667,-32.2450129,-2.4473052023333337,-0.892957449,12.648009617333335,-3.202082395666667,0.6132048566666667,1.6648996276666665
1851,5.141460999999974,-28.53005536666667,12.680175463333333,-32.24291736666667,-2.7306467296666668,-0.5359351136666667,8.874234993,0.7784760793333333,1.1690850253333334,0.8207226893333331
1852,5.144238666666638,-28.521512983333334,12.731089273333334,-32.2357381,-3.2477521599999997,-0.31736448866666667,8.878167788666667,0.31713835399999996,4.430024465,3.240175346333333
1853,5.147016333333339,-28.472978593333334,12.77995491,-32.227427166666665,-2.199836825333333,0.04063655466666664,10.049813908333334,5.090898951000001,4.145089626666667,3.2231042346666663
1854,5.149794000000004,-28.42310206,12.86819617,-32.22156776666667,-3.9094585973333333,-0.1253834266666667,10.713083587999998,5.312647182333333,8.462031363,5.228165942666666
1855,5.152571666666669,-28.31648699666667,12.944419859999998,-32.1987508,-1.6957455473333332,0.7170871346666666,9.934813816,11.686928113333332,6.251965364,6.20308733
1856,5.155349333333334,-28.1706721,13.090465226666666,-32.19578043333333,-4.114066997999999,0.60685121,7.324062823999999,16.879570168333334,14.766910553333332,8.183196384666667
1857,5.158126999999998,-27.95384089,13.203478813333334,-32.151886,-2.573882619666667,0.8306768933333332,10.547736962,24.359296324333332,9.055411340000001,10.348772209666667
1858,5.160904666666663,-27.71317863333333,13.38335514,-32.138811733333334,-2.317967514,1.1297760206666665,12.041941958666664,27.974535623333335,17.924184163333333,10.919253824666667
1859,5.163682333333327,-27.367401756666666,13.555749896666667,-32.09622443333333,-3.1491558153333337,1.2454052963333333,6.763539553,39.85288365666667,15.55400626,13.418582283333334
1860,5.166459999999991,-26.93628438333333,13.76277415,-32.06384786666667,-2.6066557366666667,1.8654231626666664,9.923675219000001,50.28052266666666,19.945211410000002,14.101727487333333
1861,5.169237666666656,-26.466585793333333,13.989241916666666,-32.012377433333334,-1.534848272666667,1.1507797443333334,11.321213086333335,54.42950439666666,21.084971749999998,17.061796186666665
1862,5.17201533333332,-25.899328866666668,14.236498513333332,-31.97508746666667,-4.302220185333334,1.4332666596666666,6.589935143999999,66.44822438666667,24.30493005,16.357982636666666
1863,5.174792999999984,-25.233826956666665,14.505640666666666,-31.9122569,-1.5877530076666666,2.136182189,13.224063876666667,77.55223848333333,25.498125713333334,19.81622378333333
1864,5.177570666666649,-24.522445039999997,14.76037407,-31.857073466666662,-2.9033811889999996,1.5575011570000001,6.503696281,83.15399296,24.61936950666667,18.286101023333334
1865,5.180348333333313,-23.699913660000004,15.064923286666668,-31.783253966666663,-3.522705773333333,1.2877897423333335,10.234213349333332,96.03100078666665,29.422320683333336,21.87227185333333
1866,5.1831259999999775,-22.796154023333333,15.334041913333332,-31.70392356666666,-2.7489690679999996,2.309014240666667,12.98105844,105.40212501333333,25.650711693333335,20.740784966666666
1867,5.1859036666666425,-21.83033752333333,15.607829093333335,-31.598292033333333,-1.2841872673333332,0.8972207903333332,6.763317901333333,112.13249458,25.293701170000002,23.264193216666666
1868,5.188681333333307,-20.75481987,15.903046609999999,-31.499771100000004,-4.513598283,1.8233066993333331,12.214629810666667,125.31291200000003,28.540200549999998,22.76990064
1869,5.191458999999971,-19.611905416666666,16.179909706666667,-31.357767733333333,-0.6859463753333332,1.3023127713333333,10.303445976333334,132.05249023333332,25.18316396,26.22318204
1870,5.194236666666673,-18.40822061,16.440352443333335,-31.226127633333334,-2.869011521333333,1.345632076,7.24896447,139.31882223333335,24.05079110666667,24.72522354
1871,5.197014333333337,-17.07866637,16.736567816666668,-31.052027366666664,-2.1683673063333333,1.1306077243333332,10.786434969333333,153.196462,27.462684633333335,28.78421211
1872,5.199792000000003,-15.696745873333333,17.00646146,-30.880821233333336,-3.098078232666667,0.6759098223333334,10.265752315666667,159.18347676666667,25.067562106666667,28.36239179
1873,5.202569666666666,-14.258543968333333,17.25893084,-30.671343500000003,-1.4400216139999997,1.7880785156666665,8.760029276333334,164.79559326666666,22.645364763333333,30.36917432
1874,5.20534733333333,-12.706412953333333,17.555753073333335,-30.46521503333334,-4.324093501,0.6373324196666666,9.286926905333333,178.11513263333333,28.583702086666666,31.211004889999998
1875,5.2081249999999955,-11.121218521333333,17.77655410666667,-30.22704313333333,-0.8913488786666667,0.678794046,9.315494656666667,181.1717580333333,19.82545789,31.92806434666667
1876,5.21090266666666,-9.509424052,18.027720133333332,-29.995478333333335,-3.0723056,1.4333557286666665,13.732610063333333,184.13640846666667,24.20047156,31.57207489
1877,5.213680333333325,-7.820740302666667,18.232596716666666,-29.7353414,-2.625854254,-0.9032823493333334,12.912583353333332,192.52206420000002,19.253433546666667,32.657832463333335
1878,5.216457999999989,-6.1047375189999995,18.42787679,-29.479822800000004,-1.8983484706666667,0.5475047630000001,6.265474676999999,195.52405293333334,19.05570888433333,32.355167386666665
1879,5.219235666666653,-4.393725693333333,18.58176486,-29.21835583333333,-1.7441560176666668,-0.653612256,16.82775974,194.8661804,15.004521366666667,31.059407550000003
1880,5.222013333333318,-2.666052023666667,18.728887556666667,-28.95253753333333,-3.2584389446666666,-1.343459864333333,8.789614677000001,196.60803223333335,15.170133909999999,31.155052186666666
1881,5.224790999999982,-0.9292035896666667,18.83496793,-28.677729300000006,-2.0287733276666664,-0.5094605486666667,12.834458988333333,197.33594259999998,11.219483059666667,31.51227188
1882,5.227568666666646,0.7851068153333333,18.913999559999997,-28.40509033333333,-1.6870359196666669,-1.975710233,12.823603633333335,194.6219177,8.823530198,30.671550749999998
1883,5.230346333333311,2.461264491,18.984545389999997,-28.138600666666672,-2.6843063036666663,-1.6902008853333335,11.262665115333334,190.28090413333334,8.740720906333335,30.124394733333332
1884,5.233123999999975,4.140355771,19.002052943333336,-27.86654410000001,-2.425897121333333,-2.206878940333333,13.693129856666667,190.36771646666668,3.2359604446666665,30.47038523666667
1885,5.23590166666664,5.766458827666667,19.03491465333333,-27.59122976666666,-2.061675032,-1.689156294,10.795061588000001,183.89135740000003,6.065685429666666,30.71316210333333
1886,5.238679333333304,7.344419717,18.976215996666667,-27.329915333333332,-1.110925024,-2.7704425649999997,10.278497377333332,178.60210673333336,-4.340864957666667,30.20482254
1887,5.241457000000007,8.886084079,18.918506623333332,-27.089352933333334,-1.9128613970000001,-2.010688146,13.35141786,175.13987223333334,-3.6729826930000002,27.966574350000002
1888,5.244234666666671,10.350334009666666,18.850929896666667,-26.836173999999996,-2.604566901666667,-2.4002856413333333,13.176923116333334,165.32643126666665,-3.861820458,29.727855046666665
1889,5.247012333333335,11.751230556666668,18.717868803333335,-26.618789666666668,-1.6683105826666667,-2.593714475666667,10.331742606,159.20518493333333,-11.673309962666666,27.107105893333337
1890,5.24979,13.113631886666667,18.5922273,-26.399279266666664,-1.562612017,-2.7177282173333333,10.585895219666666,154.48169453333333,-10.046669083666666,27.55835533
1891,5.252567666666664,14.361955323333333,18.40099907,-26.217765833333328,-1.700756987,-3.502765973666667,13.636599540333334,142.38724773333334,-18.102181753333333,25.36795234666667
1892,5.255345333333328,15.542161943333333,18.221217473333333,-26.050244633333335,-2.7763092816666664,-2.616255839666667,14.01056862,134.69181313333334,-16.57140096,23.954778673333333
1893,5.258122999999993,16.64966774,18.028937656666667,-25.880999266666663,-2.378936132,-3.561231374666667,10.662130835000001,126.06886544999999,-17.533031463333334,24.630046206666663
1894,5.260900666666657,17.664447783333333,17.794078826666667,-25.760075900000004,-1.073776126,-2.9319954713333334,9.17066574,116.69358064,-23.476867040000002,21.573830923333333
1895,5.2636783333333215,18.584934233333332,17.5544014,-25.643308000000005,-3.255338986666666,-3.8306227523333334,12.841226261666668,105.66216534,-23.88112577,21.342714946666664
1896,5.2664559999999865,19.42847061,17.307673773333335,-25.55518086666667,-2.212470025,-3.400418917333333,14.261757533333332,97.48930867666665,-25.33624395,19.09901809666667
1897,5.269233666666651,20.201162976666666,17.065195399999997,-25.468831366666674,-2.7955947716666665,-3.198158502666667,11.434199968,89.11974588333334,-24.689811066666664,18.76430416
1898,5.272011333333315,20.860972723333337,16.773529373333332,-25.4195455,-0.5980817873333334,-3.22046415,12.675882976333332,76.88106408333333,-31.41093762666667,17.460330326666668
1899,5.27478899999998,21.446414313333335,16.514252343333336,-25.38054146666666,-3.962983171,-3.238525231666667,9.778436184333334,68.38819630666666,-28.05638885666667,14.964363416666666
1900,5.277566666666644,21.960920966666666,16.270303406666667,-25.330754599999995,-2.1418652733333334,-2.6540195939999998,15.387281100000001,59.53070831333334,-25.64778709333333,15.922437033333333
1901,5.280344333333308,22.401421863333336,16.009780566666667,-25.31193036666667,-2.7885147483333337,-3.7369991939999996,8.643704571666667,51.76227824,-28.742431639999996,13.3949852
1902,5.283121999999973,22.77522532,15.744343120000002,-25.295138033333334,-1.3594029049999998,-3.239451964666667,15.103515626666669,43.77766355,-29.217784246666668,13.72949759
1903,5.285899666666637,23.094029746666667,15.502797446666667,-25.2861201,-3.8147406580000003,-1.5563962256666664,6.670168797333333,37.558197023333335,-26.895605723333336,11.872982026666667
1904,5.2886773333333394,23.365909576666667,15.320333163333336,-25.24660490000001,-3.2300068936666673,-2.8076145649999997,12.331010499000001,30.883689563333334,-18.860610963333333,12.48034477
1905,5.291455000000004,23.562808989999997,15.086142543333333,-25.2304001,-1.6864515073333333,-2.1909147499999997,12.197260217999998,22.716425894666667,-25.628835679999998,12.549991925
1906,5.294232666666669,23.696926116666663,14.906292916666667,-25.207962066666664,-2.3626835743333334,-2.732042432,10.183366140666665,14.885943163333332,-19.244588853333333,10.755703292
1907,5.297010333333333,23.824561433333333,14.71433131,-25.185129800000002,-3.4590803186666665,-2.3474398456666665,11.479557990666668,14.212891326,-20.612621623333332,11.393430234333332
1908,5.299787999999997,23.910184223333335,14.600904783333334,-25.14314776666666,-3.761851494666667,-1.356448422,8.907222827,8.546409210666667,-10.988239968999999,9.720532416333333
1909,5.302565666666662,23.967803316666664,14.476685843333334,-25.087926233333334,-2.8369483353333336,-1.8080198366666667,10.978428842,4.81191937,-11.613567667666667,11.570403100666667
1910,5.305343333333326,23.989278796666667,14.342718439999999,-25.069806433333337,-1.0086983840000001,-1.2552657526666666,10.700909771333334,1.6020628203333331,-14.396105908000001,8.122212886666667
1911,5.30812099999999,23.985542296666665,14.258905410000002,-25.011212666666665,-3.481840531,-2.895251512666667,9.555888015999999,-2.6304163136666667,-6.999586741000001,9.994022687666668
1912,5.310898666666655,23.98833402,14.182065646666667,-24.97706606666667,-3.5040544866666665,0.15204016366666664,11.144866942666667,-1.0795759756666667,-7.364149410666667,7.099255244000001
1913,5.313676333333319,23.964184443333334,14.130568823333334,-24.90910083333333,-2.3232183256666663,-1.1918810306666667,14.287315686666668,-5.342232744,-3.006031751666667,9.428144772333333
1914,5.316453999999984,23.938957213333335,14.106116613333334,-24.862955700000004,-3.2094318073333334,-1.2643481096666667,8.803718090333332,-4.792415241333333,-1.0492397933333333,5.848741372666667
1915,5.319231666666648,23.93909518,14.078623456666667,-24.790903733333337,-1.4601837,-0.7383019026666666,8.551977951666666,-2.5530094506666665,-0.1808919906666667,8.667110604
1916,5.322009333333312,23.90288989,14.03052203,-24.77050019999999,-2.348932266333333,-0.17929902666666667,10.697719574666666,-5.339176416666667,-4.860519726333333,4.2937745650000005
1917,5.324786999999977,23.88593356,14.064169566666669,-24.678741466666676,-2.548364659,-1.8206188159999999,10.131025949666666,-5.1889752546666665,7.46254158,7.797507623
1918,5.327564666666642,23.895434696666666,14.059235253333334,-24.635101333333335,-3.447692632666667,0.023759663000000025,9.404372531666667,-0.44831319633333333,0.9035507840000004,4.575557073333333
1919,5.330342333333305,23.89579582,14.077421823333333,-24.565823866666676,-2.065642377,-0.47310407966666673,11.958415666666667,-2.4802437029999997,4.7131006719999995,6.1474599056666674
1920,5.33311999999997,23.900865553333336,14.119621596666667,-24.4966405,-3.468863010333333,-0.928901136,9.568519432666667,-1.7436506746666665,7.300924856666666,5.0664455083333335
1921,5.335897666666672,23.92083931,14.140785536666668,-24.45289356666666,-2.7059448560000003,-0.3108987113333333,10.560075442,0.6178752580000001,3.839962562,3.2721426486666663
1922,5.338675333333337,23.934949876666668,14.14630477,-24.39052073333333,-0.6415667829999999,-1.1328514813333332,10.321395240000001,-0.4957977283333333,2.948672612333333,6.095471541999999
1923,5.341453000000001,23.955653506666664,14.206224759999998,-24.356585199999998,-2.4487601519999997,-0.29908677899999997,9.614768662666668,1.0065797073333334,7.624944209666666,0.3568017883333334
1924,5.3442306666666655,24.008268993333335,14.195259093333332,-24.2894821,-3.065042495666667,-0.31894590433333336,11.222095488999999,3.9654812016666665,1.3902471066666664,7.435156343
1925,5.3470083333333305,24.034344356666665,14.21867148,-24.281628933333334,-0.7820629849999999,-0.1388562916666667,11.953426043666667,2.4634450080000003,2.382183711,-0.6117916106666664
1926,5.349785999999995,24.097304663333333,14.232491176666668,-24.220151266666665,-4.493715207,-1.4095049303333334,9.689258415,5.335211118,3.8391260306666672,5.559101581
1927,5.352563666666659,24.142923356666667,14.208804129999999,-24.233345033333332,-0.806995948,0.020813728333333326,10.824256419666668,5.443525155333333,-3.778023347,-0.5613657633333334
1928,5.355341333333324,24.187707900000003,14.195038160000001,-24.200543699999997,-1.6538134813333334,-0.6526927650000001,9.806292534,3.998677253666667,-0.5516919739999998,3.819603921
1929,5.358118999999988,24.24296379333333,14.199590043333332,-24.20703123333333,-2.8183658916666663,-0.04276785233333335,9.048989297,6.3800237976666665,-0.36683436266666664,-1.2314592993333333
1930,5.360896666666652,24.323259989999997,14.125388146666666,-24.197914099999995,-1.330886712,-0.7129309526666666,11.568568865666665,9.007114411666667,-8.288725377333334,4.325613419333333
1931,5.363674333333317,24.394618986666668,14.12736511,-24.215604166666665,-2.4907708763333334,-0.2642971376666666,10.888794263333333,8.666922251333334,-1.1976022006666667,-2.280192097
1932,5.366451999999981,24.486513773333332,14.063440006666667,-24.20919546666667,-2.8455864589999997,-0.591194056,10.648475647,10.440957069333331,-7.265145301666666,3.535029332
1933,5.369229666666645,24.550495783333332,14.021919886666666,-24.253654499999996,-2.2786843976666664,-0.2767835453333333,11.297330856333332,8.575061955666667,-7.258477687999999,-2.965428769666667
1934,5.37200733333331,24.62676239,14.001034420000002,-24.237932833333332,-2.942915996,-1.386302749333333,8.860267479000001,8.243638833333334,-2.054906219,2.453096856666667
1935,5.374784999999974,24.701119106666667,13.93362395,-24.296203599999995,-1.8815425436666668,-0.7915871936666666,11.540292741,10.230793318333333,-10.766434031333333,-3.0904777446666665
1936,5.3775626666666385,24.779129663333332,13.889878906666667,-24.305280033333336,-1.9681466990000003,-0.6583716273333332,10.911210696333333,9.200049401666668,-5.746332009666666,0.976901293
1937,5.3803403333333035,24.86027018,13.858778000000001,-24.33268993333333,-2.3691463269999997,-0.11698345233333335,10.418810844,10.147041959333334,-5.315722545,-1.6372406086666667
1938,5.383118000000006,24.922620773333335,13.779065766666667,-24.37287396666667,-1.5389318166666666,-0.33276315533333334,11.60493819,8.223959523666666,-11.192423818333333,-0.5062227046666666
1939,5.38589566666667,24.984401066666667,13.763605753333332,-24.380844100000004,-3.6252104443333337,-1.6407600443333334,10.233343284,7.263408342999999,-2.664205352666667,-0.36906286100000013
1940,5.388673333333334,25.05369758666667,13.694138526666665,-24.421198533333335,-1.535762449,-1.088789761,9.744520504999999,9.088798047,-10.074668884666666,-0.9867503640000002
1941,5.391450999999999,25.10584132,13.624653180000001,-24.457661966666663,-2.877793471,-0.47191925833333337,12.110983849666667,6.888850848666666,-9.948509851999999,-0.6373846929999999
1942,5.394228666666663,25.148122786666665,13.59429105,-24.480028800000003,-1.9957038166666667,-1.1869378626666667,8.132501125000001,5.320730368333334,-4.953571637333333,-1.1141895453333335
1943,5.397006333333327,25.19865226666667,13.52143828,-24.519050566666664,-2.8217016853333328,-0.15465528766666667,11.311797776333334,6.772195021333334,-10.446801185333333,-0.7127674843333333
1944,5.399783999999992,25.21928850666667,13.47350025,-24.55652616666666,-1.9413343120000002,-0.988272389,11.967103640333335,3.121598482333333,-7.6040134429999995,-1.7704264223333335
1945,5.4025616666666565,25.251729963333332,13.439085643333334,-24.5783081,-3.3274971643333338,-1.1429087420000001,11.421940484333334,4.141945998,-5.411980986666666,-0.8339782510000001
1946,5.405339333333321,25.280476253333333,13.364435513333333,-24.631190000000004,-2.230912164,0.4071612953333333,12.032329876666665,4.524064440333333,-11.255323887000001,-2.010235547666667
1947,5.408116999999986,25.27782313,13.325735093333334,-24.648707066666663,-2.479143997,-1.4742783706666664,9.390274367333333,-0.22863288699999984,-5.6578687830000005,-0.1912103593333334
1948,5.41089466666665,25.28140258666667,13.288400013333336,-24.69593813333334,-1.8744246363333332,-0.427258283,8.831002235333335,1.368663132,-6.948766668,-3.345548408666667
1949,5.413672333333314,25.285585403333332,13.222152709999998,-24.718907700000003,-3.540287355333333,-0.9730547266666667,13.132420538666667,0.7537885506666665,-8.916862965,0.6601301136666667
1950,5.416449999999979,25.267611186666667,13.20811971,-24.74909463333334,-1.3826314806666666,-0.5170261263333333,10.688055676333335,-1.6455651916666667,-3.5881875653333335,-2.7354638973333336
1951,5.419227666666643,25.272918066666666,13.195058823333333,-24.757738766666662,-4.4392832916666665,-0.5046093366666667,9.338757036666665,0.4730608466666668,-2.4299201763333333,-0.5632955633333333
1952,5.422005333333307,25.256003696666667,13.158733046666669,-24.781402600000007,-2.4875332313333334,-1.1036288936666667,10.300367673666665,-1.716879497,-5.675217827,-0.8988420556666666
1953,5.424782999999972,25.226421993333332,13.166104633333333,-24.792083733333342,-1.316917201,-0.8945215843333333,11.324257534,-3.638399601333333,-0.3148630856666667,-1.8096585273333332
1954,5.427560666666636,25.21455002,13.158670746666667,-24.80940503333333,-4.027049064666667,-0.4051301876666667,8.119996229,-1.316200177,-2.2192560036666666,-1.7405084373333333
1955,5.430338333333339,25.193712233333333,13.133452733333334,-24.823094666666666,-1.7605188486666667,-0.620285541,11.271185241333333,-2.507112830666667,-4.0070099033333335,-0.48106513433333337
1956,5.433116000000003,25.154539743333334,13.142799060000002,-24.84288026666667,-1.5259012383333335,-0.27922894566666673,9.651626586333334,-4.510035515,-0.5238454339999999,-2.846014678333333
1957,5.435893666666668,25.137850439999998,13.15372435,-24.837692266666664,-3.7934997083333335,-0.7292114893333332,11.507894518666667,-2.532522221333333,0.8627812466666667,-0.32105312733333335
1958,5.438671333333332,25.109961189999996,13.129575410000001,-24.857711766666668,-1.8796909260000003,-0.33114799633333336,11.984018325333333,-3.096167802666667,-4.176990549,-1.139206282666667
1959,5.441448999999996,25.068099976666662,13.128431956666667,-24.862968433333325,-2.114927252,-0.6492304999999999,9.333032767333334,-5.274662852333333,-0.9670869509999999,-0.8181999723333333
1960,5.444226666666661,25.040517806666667,13.126521430000002,-24.873013799999995,-3.266890426333333,-0.12241810033333332,9.492840767,-3.3626709780000006,-1.2767370543333332,-1.272775541
1961,5.447004333333325,24.996056873333334,13.09713618,-24.8761622,-1.9038552343333333,-0.5961256523333334,12.54316489,-5.615042209666666,-3.9361912406666666,0.8478355306666666
1962,5.449781999999989,24.928949990000003,13.102035206666665,-24.892911299999998,-2.015593310333333,-0.5280360383333333,9.897582372666667,-7.933814366000001,-0.8779066006666666,-2.3676948946666667
1963,5.452559666666654,24.904782613333335,13.10344251,-24.884445200000002,-3.638652245333333,-0.546465253,9.060603141666666,-3.5145168306666665,-0.004879683333333329,0.5204557303333334
1964,5.455337333333318,24.859127043333334,13.081212043333332,-24.90094756666667,-1.919791172,-0.037609904666666666,12.146956760666669,-5.312973181333334,-3.823402882,-0.94355609
1965,5.4581149999999825,24.78835360333333,13.10836633,-24.8919449,-2.5984437466666663,-0.7759266296666668,11.864601771333334,-9.133866947333333,2.826970895,-0.7237004836666667
1966,5.4608926666666475,24.756087623333332,13.115823113333335,-24.894124333333334,-3.962612271333333,-0.8097987023333334,7.6231474876666665,-4.097816547,0.10151350500000007,-0.9589585563333333
1967,5.463670333333312,24.720570883333334,13.103077573333332,-24.901789333333326,-1.3136540053333332,0.05605796233333334,11.385300635333335,-4.427514513333333,-2.347194632,-0.48995337899999997
1968,5.466447999999976,24.653882343333333,13.127780279999998,-24.901331599999995,-2.5266730213333335,-0.2595164776666667,10.207794984000001,-8.323969839999998,2.133994738,-1.5031972726666665
1969,5.469225666666641,24.630606973333332,13.144726756666666,-24.89660389999999,-3.6673191386666666,-0.48274829999999996,8.587766331,-3.3080444733333327,1.502270634,-0.6639166476666666
1970,5.472003333333305,24.607989626666665,13.12373097666667,-24.911557533333326,-1.030144741,0.40456323833333335,12.413781322666667,-2.6101160846666667,-3.5763873656666667,-0.7783695459999999
1971,5.474780999999969,24.55536397333333,13.155807496666668,-24.902557366666667,-2.444400310333333,-0.188481064,10.357701300333334,-6.964861392666666,3.3671238923333333,-0.9631298036666666
1972,5.477558666666671,24.54507700666667,13.151599883333333,-24.9145813,-3.032110691333333,-0.5964012043333332,9.631733418333333,-1.190938393,-1.600962361,-1.292310814
1973,5.480336333333336,24.531030016666666,13.120775223333334,-24.927113833333326,-1.6214506626666667,0.4415883023333333,12.647466343,-1.7286961476666667,-4.545954783666666,-0.10894147566666668
1974,5.4831140000000005,24.478712716666667,13.136244136666667,-24.930252066666668,-2.177833438,-0.6796219176666667,10.816691557333334,-6.489154021,0.9725299279999998,-1.3486153683333335
1975,5.485891666666665,24.46982765,13.113319080000002,-24.951510099999997,-3.509822805666667,-0.12712573033333333,8.114756584333334,-0.8784017563333334,-4.102871259,-1.4403698443333335
1976,5.48866933333333,24.450935363333333,13.077830633333335,-24.961039200000002,-1.4152982806666667,0.06629186866666668,12.381749787666665,-2.2999364136666665,-4.89569211,0.5220864613333333
1977,5.491446999999994,24.388984680000004,13.082450549999999,-24.9850057,-2.8361538250000002,-0.7946308179999999,9.689825057333332,-7.180575370666666,-1.2256539886666666,-3.102358093
1978,5.494224666666658,24.384592056666666,13.04844157,-24.991676333333327,-3.118633786666667,-0.5630968413333334,8.767540930000001,-0.6379950839999999,-4.622806231,0.6716566083333334
1979,5.497002333333323,24.358092626666664,13.024884223333332,-25.02384186666666,-1.9321213963333335,0.7206252513333333,12.591383933333333,-2.668875257333333,-4.708485603333333,-2.5710928440000003
1980,5.499779999999987,24.307335536666667,13.010660490000001,-25.024709066666674,-2.706109722666667,-1.2542318703333333,9.084455808,-6.389437039666667,-2.1736241183333336,0.29705238299999986
1981,5.502557666666651,24.29688072333333,12.98701,-25.06538643333333,-2.7989408173333334,0.16357610133333336,10.342823028,-0.5007796086666666,-5.129216512,-3.4709595039999996
1982,5.505335333333316,24.262359616666668,12.953135806666666,-25.069811500000004,-2.2842734653333334,0.04858845466666667,12.598664599666668,-4.319986025666667,-4.499131838666667,0.8856847383333334
1983,5.50811299999998,24.209426243333336,12.94188722,-25.1020686,-2.236569484,-0.7517595243333334,8.837530772333333,-5.829065402333334,-3.366094589,-3.1862910586666664
1984,5.510890666666644,24.204433440000003,12.919089633333334,-25.118548066666673,-3.0783596833333338,-0.056432620666666655,10.254929225666666,-0.4847792783333335,-3.8242953620000004,-0.8725702366666669
1985,5.513668333333309,24.156980513333334,12.897446953333334,-25.135876966666668,-2.747376521333333,0.2896234813333333,11.494921365333333,-5.558255513333333,-3.7894810839999997,-1.0817703406666668
1986,5.5164459999999735,24.10659726333333,12.892994879999998,-25.16009266666667,-1.8982967933333335,-0.8680313826666667,8.896482785333333,-5.7364113329999995,-2.1669773656666664,-2.559750358
1987,5.519223666666638,24.09713109666667,12.90629069,-25.170374566666666,-3.8880917233333334,0.48167640966666675,9.942485649666667,-1.2185330393333333,0.38380342700000014,-2.051777065
1988,5.52200133333334,24.041781106666665,12.893283526666666,-25.18842823333334,-2.457350731,-0.019255692666666675,11.693973223666667,-6.461361726,-2.831367532333333,-1.5154662923333333
1989,5.524779000000005,23.988123576666666,12.927927969999999,-25.201497399999997,-2.2203580140000003,-0.22348569833333332,9.235260169,-6.461771568333333,2.594845911,-3.3991971016666667
1990,5.527556666666669,23.972420376666665,12.969510713333333,-25.201469399999997,-4.0603736239999995,0.448816022,10.554789386333335,-2.214474533666667,4.0421402440000005,-2.2063080073333334
1991,5.530334333333333,23.919394173333334,12.989034653333333,-25.210263533333336,-2.7520498433333334,0.14008412766666667,11.680705386666666,-6.471667130666667,1.134573877,-2.1954472063333337
1992,5.533111999999998,23.87216886,13.05615934,-25.200169900000002,-1.7400423686666668,-0.047386036666666666,10.870327631666667,-6.264986276666666,7.302913664999999,-2.4151152373333336
1993,5.535889666666662,23.857426323333332,13.133612636666667,-25.182596833333335,-4.502636114666667,0.5612062166666667,10.706731478666667,-2.5971044303333337,8.745593072666667,-2.1824098033333335
1994,5.5386673333333265,23.815907796666668,13.172837893333336,-25.174285866666676,-2.1656802096666667,-0.4710376926666667,10.095966337666667,-5.513208071333334,4.156802376333333,-1.2266698676666667
1995,5.5414449999999915,23.78550021,13.270674066666666,-25.143013000000007,-2.0062709450000002,0.4893642563333333,12.09563478,-4.8460771246666665,11.627288818333334,-1.6918375689999998
1996,5.544222666666656,23.75993093,13.36631489,-25.106053666666664,-4.013343016,-0.6118097109999999,10.544872921,-4.363103946,11.651197436333334,-1.0019907156666668
1997,5.54700033333332,23.74005699,13.432178816666665,-25.075121566666663,-2.545555273666667,-0.04831002133333335,9.478953203666668,-3.594975074,8.096331596,-0.19097560666666666
1998,5.549777999999985,23.72122955333333,13.546502429999999,-25.03236133333334,-1.5839095913333334,0.7466831950000001,12.543658573333333,-3.752998193333333,14.006647110000001,-1.208146751
1999,5.552555666666649,23.687116623333335,13.657340686666666,-24.9771525,-3.744945844,-0.9539774853333333,8.620349090666666,-6.012147982999999,14.182155293333333,0.24470135
2000,5.555333333333313,23.68313026333333,13.750765800000002,-24.9404246,-2.3206493856666666,0.03646714466666667,10.106120427333332,-1.7777179676666666,11.364530882333334,-0.9723805090000001
2001,5.558110999999978,23.659428916666666,13.86482239,-24.882843000000005,-2.098217408,1.1916883090000001,11.741377193666665,-4.850081920666667,14.64690145,0.35598667466666667
2002,5.560888666666642,23.62598292,13.97506364,-24.83237456666667,-2.62226967,-0.7866702826666666,8.195358912333333,-5.749320983666667,13.886491139999999,-0.238156974
2003,5.563666333333306,23.641762416666666,14.090489706666666,-24.772895833333337,-3.1266059876666668,0.8791154426666666,11.054195402666666,-0.19420295933333334,14.87888082,0.48644012200000003
2004,5.566443999999971,23.608292263333336,14.181462606666665,-24.72830453333333,-1.5936955609999999,0.7550161083333333,10.093418122,-5.59366258,11.489159584333331,0.06684464466666666
2005,5.569221666666674,23.59753354333333,14.293739,-24.67047626666667,-2.7235153516666664,-0.17971543933333334,9.914481641666667,-3.369963010333333,14.454035123333334,0.4529963396666666
2006,5.571999333333338,23.613619486666668,14.394670803333332,-24.618459100000006,-2.5154440800000004,0.8885381420000001,9.764402070333333,0.1081903823333333,12.94372336,0.4227886203333333
2007,5.574777000000002,23.585957843333333,14.463898976666668,-24.586008699999994,-2.449924230666667,-0.121098203,10.501464843666666,-4.660006682,8.538595677,-0.17996138333333334
2008,5.577554666666667,23.590365726666665,14.569096246666666,-24.527420066666664,-2.10426305,0.13684453066666666,10.209714572000001,-1.5255584119999999,13.714422546666666,0.896169613
2009,5.580332333333331,23.587362286666664,14.648554803333335,-24.500264499999997,-3.4043250083333336,0.5969134126666668,9.421170075000001,-1.537908872,9.409880001,-1.23446962
2010,5.583109999999995,23.567937850000003,14.703864733333333,-24.473449666666667,-1.7857629856666666,-0.012906116666666656,12.500552493333336,-3.448956966333333,6.762112140666667,-0.06840268766666673
2011,5.58588766666666,23.55900192,14.816637993333332,-24.434738166666666,-3.3482254346666664,0.07695313299999999,8.852307636333334,-2.5980009636666668,13.60550213,-1.5995622476666664
2012,5.588665333333324,23.545001346666666,14.87154738,-24.419832900000007,-2.307566881,-0.002556766000000025,9.774971643666666,-2.443346460333333,6.1496839523333335,-1.3587627013333334
2013,5.591442999999988,23.527448653333334,14.944150290000001,-24.413553866666664,-2.4907720909999997,0.36484770966666663,11.792675335333334,-2.6398632130000004,7.684984208666666,-3.112847049666667
2014,5.594220666666653,23.493579229999998,15.06980642,-24.381446866666664,-3.315282464333333,-0.26815776633333327,9.642700831333332,-5.361325423,14.722797076666668,-2.9332576390000002
2015,5.5969983333333175,23.46271133333333,15.136766753333333,-24.397463466666665,-2.6638772413333336,0.45048315199999994,9.118991533666668,-3.529877265333333,6.036870161333333,-5.198717235
2016,5.599775999999982,23.42249934,15.266772903333333,-24.394582099999994,-3.0541135070000003,-0.17475604533333333,11.794201215333333,-5.256188312666667,13.888857840333335,-6.172392328333333
2017,5.602553666666647,23.345088960000002,15.430443446666667,-24.39232633333333,-3.4107627073333333,-0.6066417596666667,10.147550581333334,-9.657632587666667,17.546083289666665,-7.820263146333333
2018,5.605331333333311,23.25196520333333,15.566051166666668,-24.42564393333333,-3.5292788346666666,-0.35755062100000007,10.532217028,-10.460696030333333,12.865717410000002,-10.252315360666666
2019,5.608108999999975,23.136213936666667,15.785318373333332,-24.429896033333335,-3.0753183366666668,-0.6415753126666667,10.226611771666667,-14.060759543333333,23.433726949999997,-11.066988308333334
2020,5.61088666666664,22.96380806,16.007226943333333,-24.468887333333328,-3.584068537,-1.0944856206666667,10.696632701666667,-19.712225278666665,22.171783446666666,-14.8397789
2021,5.613664333333304,22.759023029999998,16.26425457,-24.492251066666665,-3.581933895666667,-1.1366345783333334,10.592202347,-24.12270275766667,26.837097803333332,-14.693641501000002
2022,5.616442000000006,22.492373783333335,16.563024836666667,-24.531387333333328,-2.902845979,-1.8468020756666668,9.421990235333332,-31.003232640000004,30.792754490000004,-18.18536313
2023,5.6192196666666705,22.164721806666666,16.87456004,-24.572471633333333,-3.712416251333334,-1.3818496416666666,9.258657933,-38.20497513,32.29977925666667,-18.758367223333334
2024,5.6219973333333355,21.761709846666665,17.245198886666667,-24.619636533333335,-3.5156706569999994,-1.3092352950000001,11.598169011000001,-47.017391206666666,38.648133593333334,-21.886826836666668
2025,5.624775,21.303194683333334,17.625888186666668,-24.65969849999999,-2.802713602666666,-2.8454097113333336,8.745502471,-53.89007186999999,40.34788767333333,-21.148480730000003
2026,5.627552666666664,20.74475924,18.012980776666666,-24.743138633333327,-2.6651804846666667,-0.861164401,11.575731595666667,-64.2624321,39.38323211666667,-25.797566733333337
2027,5.630330333333329,20.125930146666665,18.458923976666664,-24.7746811,-3.4514996410000003,-2.4427060286666666,8.253554821666667,-73.40401967333334,48.446521759999996,-22.186241786666667
2028,5.633107999999993,19.40057564,18.89060974,-24.8825302,-2.0465287369999996,-1.1053101816666666,14.382730486666667,-83.09988783333334,44.045670193333336,-29.464418409999997
2029,5.635885666666657,18.623832066666665,19.341124213333334,-24.950220733333335,-3.8699098426666665,-2.821920752333334,8.195750237666667,-90.8663025,48.219707486666664,-25.045356749999996
2030,5.638663333333322,17.744024593333332,19.795986176666663,-25.066098566666657,-2.363446553333333,-0.4153589903333333,15.373681706666668,-101.14161937333334,47.21537145,-29.801551183333334
2031,5.641440999999986,16.792308486666666,20.235862733333335,-25.185643533333334,-3.6667299669999998,-1.535788278,3.048264324666667,-109.62328084666667,46.00429280666666,-28.90733274
2032,5.64421866666665,15.750855126666666,20.698538459999998,-25.332939133333337,-1.165561696,-2.798841595666667,15.165810586666666,-119.08108266999999,48.20985921333334,-31.740222293333332
2033,5.646996333333315,14.606891630000002,21.041738506666665,-25.514116933333327,-1.2084648610000002,-1.9429891106666668,8.6488897,-129.78061929999998,34.05541324666667,-31.21566581666666
2034,5.649773999999979,13.394863763333333,21.473065696666666,-25.709348066666667,-3.4746433499999996,-0.2728077173333333,14.018841425333333,-137.25359853333333,44.54319254666667,-34.198774973333336
2035,5.6525516666666435,12.104773201333336,21.803908030000002,-25.9228719,-1.487622260666667,-2.351977487333333,11.231681348,-145.655131,33.1007967,-32.89958127333333
2036,5.655329333333309,10.717029732999999,22.116412479999997,-26.171564733333337,-1.2268520989999998,-1.1371586916666667,4.495459953666667,-155.73315936666668,30.85031064333333,-35.54942576
2037,5.658106999999973,9.250828107666667,22.372222899999997,-26.447738666666666,-0.9422315359999996,-1.302689552,17.418539366666664,-163.76469926666667,24.510087333333335,-36.17780749
2038,5.660884666666637,7.681682028666667,22.528416953333334,-26.758099866666658,-0.5255501069999998,-2.5065543253333336,7.803440708666667,-174.4477691666667,12.992287636666665,-38.11548360333334
2039,5.663662333333339,6.064223964666667,22.691220599999998,-27.061108933333333,-2.1309128603333334,-0.10243399466666665,11.112345377333334,-180.52430723333336,14.877776621999999,-37.12467829333333
2040,5.666440000000004,4.415743967,22.783559796666665,-27.393674200000003,-1.8412095706666667,0.7097456853333334,9.874004047,-182.79609680000002,7.2189585376666665,-38.24787903
2041,5.669217666666668,2.69337066,22.800881066666665,-27.71524556666667,-0.9186592896666667,-1.9079326786666666,8.979649383333333,-192.09136963333333,-0.7614009356666666,-37.59736760333334
2042,5.671995333333332,0.9059470496666665,22.755196253333335,-28.061998999999997,-1.906144807666667,0.7959189216666666,15.382913272333333,-198.7446645,-7.323510188666667,-38.78943507
2043,5.674772999999997,-0.8752724329999998,22.648883186666666,-28.39794413333333,-0.11395049600000001,0.669797063,10.169539289666666,-198.5711009,-13.456460673333334,-38.601642610000006
2044,5.6775506666666615,-2.657154838,22.515609743333332,-28.73285166666666,-3.735971093333333,-0.17024173333333334,6.286423603666666,-198.6804809333333,-15.417291004666668,-38.97029749666667
2045,5.680328333333326,-4.468215083,22.316132226666667,-29.046137500000004,-0.7877869606666668,1.4835232693333333,19.24341933,-203.31135559999998,-22.54702854,-37.10135269
2046,5.683105999999991,-6.253667155333332,22.065466563333334,-29.358093233333335,-2.5363301733333334,1.4245467779999998,5.406279962666666,-200.75698343333337,-27.344747543333337,-37.42679214333333
2047,5.685883666666655,-8.01328357,21.799213409999997,-29.646967566666664,-1.5925681593333332,0.7631958126666666,14.832991283333333,-198.30256143333335,-28.512841543333334,-37.16411527333333
2048,5.688661333333319,-9.743094444,21.456198373333336,-29.922269166666663,-2.0183201729999998,2.4314883553333337,11.873036702666667,-196.03872679999998,-36.724031450000005,-36.39836375
2049,5.691438999999984,-11.458061694333333,21.113421123333335,-30.171251933333334,-2.9455431303333337,1.9412577549999999,12.737337430333332,-194.95929973333332,-36.220860163333334,-36.511777239999994
2050,5.694216666666648,-13.069842655666667,20.71834818666667,-30.3892263,-1.352420648,2.2824388743333333,9.239158948,-184.6684723,-41.935637793333335,-33.42835998666667
2051,5.696994333333312,-14.635324796666666,20.310728709999996,-30.5925903,-2.5859398446666666,3.301430781666667,8.945663137,-179.22968546666667,-42.90304056666667,-35.494087856666674
2052,5.699771999999977,-16.14135774,19.844303766666666,-30.743110666666663,-2.5447311403333335,2.3915913503333335,17.463493346666667,-175.00669353333333,-50.37920252666667,-30.92412376333333
2053,5.702549666666641,-17.573164623333334,19.40372213,-30.899040200000005,-0.7978834706666666,3.100678523333333,9.365824065,-165.4220632,-46.25630696333334,-33.36203829666667
2054,5.705327333333305,-18.855585729999998,18.87128067,-30.98148853333333,-3.9613683423333335,4.611796617333333,11.314126968000002,-150.91402686666666,-58.40106455666666,-29.448264443333333
2055,5.7081049999999705,-20.101507186666666,18.36054929333333,-31.065216066666668,-0.7832072176666669,3.183392048,13.541858036666667,-146.25207773333332,-55.339944203333324,-30.35091463666667
2056,5.710882666666673,-21.257772446666667,17.834627466666664,-31.104810099999995,-2.6019759573333334,2.766262452,12.342473983333335,-137.47660826666666,-58.09533818333333,-27.027552290000003
2057,5.713660333333337,-22.289131163333334,17.28329404333333,-31.139076199999995,-1.7663644156666667,4.400500218,9.813737629666667,-122.61723327666668,-60.60905711,-28.807371776666667
2058,5.716438000000001,-23.226825079999998,16.777601880000002,-31.14414723333333,-2.7562084546666665,3.2779235046666666,11.627573016666668,-112.57316080999999,-56.415715533333334,-24.32206853
2059,5.719215666666666,-24.085597356666664,16.241601946666666,-31.150355000000005,-2.168395102,4.066089948,10.591802595666667,-102.99415336,-59.25713094,-26.901161830000003
2060,5.72199333333333,-24.82214101,15.740641593333335,-31.118077599999996,-4.871137141999999,3.817189693333333,9.730025927,-89.81145986666667,-56.93832778666666,-21.65246009666667
2061,5.724770999999994,-25.47536786666667,15.245195066666668,-31.101559933333345,-2.886758526,3.5378447373333333,11.919514976666667,-79.21105704333333,-55.25683593666667,-23.855981189999998
2062,5.727548666666659,-26.059974033333333,14.774318059999999,-31.046615599999996,-3.6043194133333336,2.9753932156666667,11.366727986,-72.17488860666667,-54.35082880666666,-18.969009717333332
2063,5.730326333333323,-26.54432233,14.346583686666667,-31.01617176666667,-2.760045170666667,2.374284744,14.89031919,-59.4846948,-48.20469284,-19.771753946666667
2064,5.7331039999999875,-26.940399806666665,13.916320163333333,-30.965871166666663,-2.6534178256666667,3.543239752666667,8.069537004333332,-49.31819025666667,-49.35219701,-18.252791723666665
2065,5.735881666666653,-27.23753484,13.566779136666668,-30.92341106666667,-3.3253146806666667,2.904133558333333,9.370296795,-37.391241709999996,-40.21416918333333,-14.932487806666666
2066,5.738659333333317,-27.483140946666666,13.221440316666667,-30.89718880000001,-3.317618529,3.4478681083333336,13.589464503333334,-30.61446476,-38.82074737666667,-16.49603335233333
2067,5.741436999999981,-27.659260433333333,12.93794155,-30.86002603333333,-4.438463210999999,1.9242825106666668,8.838042894666666,-22.685178755,-32.79260603666666,-12.150006293333334
2068,5.744214666666646,-27.775961556666662,12.676219623333333,-30.873771666666666,-3.5417262713333333,2.976045251,16.407432240000002,-14.117473086666669,-27.683253606666664,-16.199499126666666
2069,5.74699233333331,-27.813815433333332,12.436258953333335,-30.84045920000001,-3.598972439666666,2.3545657793333334,7.605595430666667,-5.963152567666666,-27.899236360000003,-10.250529923666667
2070,5.749769999999974,-27.819455466666668,12.257034303333333,-30.885907466666662,-3.9217271803333333,2.4224307536666667,13.552693047666667,0.02582456533333281,-17.142078876666666,-15.056113243333334
2071,5.752547666666639,-27.76835950333333,12.065168700000001,-30.869733166666673,-1.4517964916666666,1.4997894366666664,10.919787088333335,5.162450471333333,-21.834791499999998,-9.333204747666667
2072,5.755325333333303,-27.694302876666665,11.948139826666667,-30.937744133333336,-5.539640903333333,2.4390576283333334,12.857537266666666,10.119959263333334,-9.335265158333334,-13.971363386
2073,5.7581030000000055,-27.598744076666666,11.827670413333335,-30.96238963333334,-0.9175209203333333,0.7451571623333333,10.414330801666665,11.569936277666665,-12.014582158666665,-9.582234225666665
2074,5.76088066666667,-27.450663883333334,11.75562445,-31.028867099999996,-4.218763153,0.8938336573333333,8.374833742666667,18.939605393333334,-4.691598732999999,-11.260873793333333
2075,5.763658333333335,-27.32138125,11.704215050000002,-31.106076600000005,-2.0485861496666664,1.506360948,12.833390555666668,16.917439143333333,-1.8592909586666668,-11.166115602
2076,5.766435999999999,-27.165955226666668,11.651572863333334,-31.152971899999994,-3.5660641589999997,-0.7127000206666666,10.025849818666666,19.317855199999997,-3.706911087,-8.144967872999999
2077,5.769213666666663,-27.005592346666663,11.64873155,-31.25740306666667,-1.6698210399999998,1.6909740963333333,10.994102475333333,21.34273084,4.7299607990000005,-11.350326539000001
2078,5.771991333333328,-26.86311976,11.634622256666667,-31.299532600000003,-2.8776839573333333,-0.016955350666666664,9.061214764666667,17.627389273333332,0.14935239166666628,-5.531963427666667
2079,5.774768999999992,-26.717578250000003,11.630703610000003,-31.390752133333326,-2.3724316753333334,0.20130265233333336,11.199753125,19.25864442,3.8529025909999994,-10.082771141666667
2080,5.777546666666656,-26.5865256,11.662884713333334,-31.439593,-2.2864098946666664,0.12480174533333332,12.230395000000001,16.41023445,5.4487686953333325,-3.754412094333334
2081,5.780324333333321,-26.482467653333334,11.672544799999999,-31.513867700000006,-3.106133977666667,-0.342353836,9.170244931666666,13.889838855999999,4.381858706666667,-7.625135937333333
2082,5.783101999999985,-26.362213136666668,11.708398183333331,-31.565416966666664,-2.1026667553333334,-0.18131846200000004,10.509757200666666,15.210207460000001,5.976084073,-3.8644244670000005
2083,5.785879666666649,-26.30091222,11.743508973333332,-31.628725666666668,-3.0724646846666666,0.21187867733333335,9.543214481666666,8.477165201666667,6.493892351666667,-5.0693824303333335
2084,5.7886573333333144,-26.25040563,11.770501770000001,-31.669359866666664,-1.7059418759999998,-0.9278783203333334,11.576786202666668,6.596491496,4.448655863666667,-3.197403669333333
2085,5.791434999999979,-26.199993136666667,11.800228116666666,-31.728574100000003,-2.458688061,0.43064650400000004,12.196742373333331,7.068326235333333,5.704316775,-4.983920177
2086,5.794212666666643,-26.178323109999997,11.843055406666666,-31.7561137,-2.616829589,-0.161763164,11.880011559666668,2.8155301059999993,5.463921733333334,-0.9389965336666667
2087,5.796990333333308,-26.181198753333334,11.840846693333333,-31.809524566666664,-1.9596362909999998,0.3138065336666667,8.619542278666666,0.5259410543333333,1.9469553233333332,-6.088901043
2088,5.799767999999972,-26.17060725,11.863503456666669,-31.827491766666668,-1.8989098070000001,-0.7600965103333334,9.507275421666668,1.2083346843333334,2.8120459316666664,-1.0324882663333332
2089,5.802545666666636,-26.214671453333334,11.861061730000001,-31.868212400000004,-2.445936223,0.07922402533333332,11.326484679999998,-4.707187891,1.23968637,-4.7384161240000005
2090,5.805323333333338,-26.270613353333335,11.86397012,-31.89280956666667,-1.3892686566666665,-0.39668127133333336,10.924365044333333,-6.589702129,1.055519859,-2.801125898
2091,5.808101000000003,-26.308458329999997,11.866500219999999,-31.922594700000005,-3.17205743,-0.10549984633333333,9.057758648,-4.265150865,1.2128212503333333,-3.297956784666667
2092,5.810878666666667,-26.38527361333333,11.876066206666666,-31.948562633333328,-2.373928030333333,0.24221773966666663,10.381739298,-9.033198357666667,1.8367285133333333,-2.588566144
2093,5.8136563333333315,-26.475955963333334,11.859378496666666,-31.967618299999998,-1.6604071456666667,-0.47197375699999994,11.695831615666668,-10.88441562633333,-1.4019354683333332,-3.200772066666666
2094,5.8164339999999966,-26.56186104,11.871821723333333,-31.99295806666667,-2.976285139666667,-0.08973614366666662,10.975970584999999,-10.134192785666666,2.11883532,-2.352479299
2095,5.819211666666661,-26.670117700000002,11.872552556666667,-32.005925466666675,-2.369455019666667,0.116593587,7.529470126,-13.152455328,0.1543517113333334,-1.6450150806666668
2096,5.821989333333325,-26.76362292,11.849401473333335,-32.020121233333334,-1.5961123703333335,0.5876122016666666,9.233549595666666,-11.352601686999998,-2.285989662,-3.083817402333333
2097,5.82476699999999,-26.871372856666667,11.859300613333332,-32.014172900000005,-2.4109239553333333,-0.208770732,13.243163424333332,-13.536075590000001,0.150534729,0.8287488223333334
2098,5.827544666666654,-27.00741895333333,11.860342023333333,-32.04090883333333,-2.626690944,0.018576800666666688,10.229483286666667,-16.129899978666668,0.9684488370000001,-3.0722653073333333
2099,5.830322333333318,-27.094166436666665,11.852928163333333,-32.02241766666666,-1.6754566233333332,-0.1441830393333334,8.929551600666667,-11.359859466666665,-2.3523391486666667,1.1819472313333332
2100,5.833099999999983,-27.21432686,11.846784593333334,-32.033765166666676,-3.310964544333333,0.7214958766666668,13.097839675666668,-14.567404109999998,-0.6236981153333333,-1.8730160396666669
2101,5.835877666666647,-27.36192767,11.847500166666668,-32.016100566666665,-1.6871935476666666,-0.9741051989999999,11.260238964333334,-18.629140539999998,-1.4531726836666667,1.54959782
2102,5.838655333333311,-27.46622022,11.825562159999999,-32.02145893333333,-2.9849053620000006,0.5913452703333334,8.410574753666667,-12.852534612666666,-2.6131561993333334,-2.129725933
2103,5.841432999999976,-27.576660156666666,11.808505693333332,-31.981636033333334,-1.895690798666667,0.22951596966666668,10.662671725000001,-14.711158116666667,-4.567356348333333,2.8858966030000004
2104,5.8442106666666405,-27.71476300666667,11.766176543333335,-31.978497800000003,-2.1154067116666666,0.50958318,10.961142858666667,-17.117554983333335,-5.241690238333333,-2.3916871946666665
2105,5.846988333333305,-27.81534004,11.76279513,-31.940129600000002,-1.8686828216666669,0.23890125533333337,9.686474482666666,-13.499191603333335,-3.036423206,3.491314808333333
2106,5.84976599999997,-27.915239333333332,11.706149736666667,-31.922098799999997,-3.0459604756666665,0.31648860399999995,9.823501744666666,-12.905892053333332,-7.5816397669999995,-1.6729769706666666
2107,5.852543666666672,-28.02924219666667,11.668139456666665,-31.876622499999996,-1.8470077963333333,0.113063395,12.063026113333335,-15.277303063333333,-7.1207205453333335,2.301324685333334
2108,5.855321333333336,-28.13124084333333,11.645816486666666,-31.86316679999999,-2.7720948056666668,0.29278197899999997,10.414210001999999,-13.05939865,-3.706512927666667,-0.21229076366666635
2109,5.858099,-28.223220190000003,11.592026709999999,-31.821779899999996,-2.7095755340000003,-0.27593045433333335,9.711133323666667,-12.521704989999998,-8.570400872666667,0.9427447716666665
2110,5.860876666666665,-28.310477573333333,11.538583753333333,-31.782859799999997,-2.276973923,0.5365610716666667,12.013519286666666,-11.944035849666667,-8.408408324,0.6472677393333331
2111,5.863654333333329,-28.412052153333335,11.518634796666667,-31.765215566666665,-2.52370286,-0.12150363600000001,11.213490964333333,-13.073444049999999,-3.680992523666667,0.4177084366666664
2112,5.866431999999993,-28.49315707,11.468218483333333,-31.7253647,-2.575462262,-0.3566382129999999,7.9475221629999995,-11.248147327666667,-8.144120534333332,0.8794434866666668
2113,5.869209666666658,-28.55309868,11.41070938,-31.703870133333325,-2.190665292333333,1.3897033133333334,10.923016228666667,-8.173592569,-7.847139199666667,-1.3692858220000002
2114,5.871987333333323,-28.632727943333332,11.39718342,-31.66493986666667,-2.4029827166666666,-0.6107485543333334,11.992587726666665,-11.015591306666666,-4.188704808333333,2.8505913416666666
2115,5.874764999999987,-28.703759509999998,11.34458987,-31.664441433333334,-2.7064500153333335,0.7332596483333332,8.159153461666667,-9.005713781999999,-6.146635293999999,-3.284112135333333
2116,5.877542666666652,-28.722728093333334,11.320694603333331,-31.61686706666666,-2.948363045666667,0.07407086099999999,10.216584208,-3.9843928816666665,-5.796813964666666,3.180217425
2117,5.880320333333316,-28.787451426666667,11.29590861,-31.623725866666664,-2.441190332,0.9337163813333333,11.899267832333335,-8.054905097,-2.8310521839999994,-2.4033412139999997
2118,5.88309799999998,-28.835431416666665,11.298967679999999,-31.603721633333336,-3.148684958666667,-1.0470885810000001,8.817589443333334,-6.818940798333333,-1.3913310370000003,1.8582571746666667
2119,5.885875666666645,-28.84511185,11.274877546666668,-31.617777500000003,-3.0326278406666667,1.0081707636666666,10.446145694333334,-1.3323884806666666,-2.3734583060000003,-3.082199444
2120,5.888653333333309,-28.891447066666668,11.294527369999999,-31.605738333333335,-2.716616193666667,0.5275806086666667,12.025819460333333,-6.403845151333333,0.8094139546666668,1.999221325
2121,5.891430999999973,-28.93228213,11.30972004,-31.649449666666666,-2.9659643273333334,-0.7637358033333334,9.049755891333334,-4.373942295666667,3.448619634,-3.8816708723333337
2122,5.894208666666638,-28.921965916666668,11.324195860000001,-31.65184273333333,-2.876708786,0.952650845,10.62543726,0.6941842239999999,1.0831273793333336,0.23516432433333337
2123,5.8969863333333405,-28.963600796666668,11.349782306666667,-31.687830599999998,-2.746710181333333,0.6312868196666667,12.143145563333334,-4.629487514666667,4.099857251,-2.465622256
2124,5.899764000000005,-28.97884369,11.399676640000001,-31.726120000000005,-2.0606544016666666,-0.7005375526666667,9.150957424666666,-1.493613084,6.865802605333333,-1.4285487333333335
2125,5.902541666666669,-28.966404593333333,11.409564973333334,-31.759043399999996,-2.9397228956666672,0.9783035616666668,12.341189386333333,1.7647995153333333,2.282364885,-3.0641115906666667
2126,5.905319333333334,-28.99593099,11.454887069999998,-31.789858499999998,-2.4556008576666666,-0.24130388099999997,10.791768393333333,-3.3290182750000006,6.002875168999999,-0.9893242916666667
2127,5.908096999999998,-28.989709853333334,11.494459789999999,-31.84239193333333,-2.128106594,-0.08121512833333334,10.240271250666666,1.5005545416666666,6.493016799,-3.323792562
2128,5.910874666666662,-28.974848429999998,11.503980003333332,-31.862945566666664,-3.1655125616666666,0.16541951866666668,11.811612923666667,1.7213278116666668,1.6213298366666669,-1.9367520513333334
2129,5.913652333333327,-28.992091493333334,11.54886373,-31.906794233333333,-2.5290585356666666,-0.6138985853333333,9.912785211666666,-1.517109871,6.5328598819999995,-2.095560471
2130,5.916429999999991,-28.965112689999998,11.570479713333334,-31.939020799999994,-2.101291537333333,-0.0039759276666666565,10.210888543666666,3.4867208003333334,3.579188267333334,-2.4689905443333333
2131,5.919207666666655,-28.96699651333333,11.579814913333331,-31.962481166666674,-2.8853433926666665,-0.33885122100000004,11.113230070333332,-0.176524927,1.6688102236666669,-2.1316210973333334
2132,5.92198533333332,-28.967829386666665,11.603806493333332,-32.00646210000001,-2.339347044666667,-0.7461659113333332,9.418268202333334,0.432124972,4.482405900666667,-3.5126512049999996
2133,5.9247629999999845,-28.943114596666664,11.62257131,-32.02472433333333,-3.031374136666667,0.5801955063333334,10.889330387000001,2.908820867333333,2.3570687673333333,-1.0346956453333334
2134,5.927540666666649,-28.9575723,11.610040029999999,-32.05285646666666,-1.2508779293333332,-0.6533695660000002,10.100499630333333,-1.5897560116666665,-0.21939450500000005,-4.073418975
2135,5.930318333333314,-28.940365473333333,11.640639623333334,-32.08325193333334,-4.091488997,-0.1571909386666667,9.703181265333335,2.283688267,4.277986764666667,-1.565157721333333
2136,5.933095999999978,-28.94045957,11.622666673333335,-32.09994763333334,-2.1092968783333332,0.2439755613333333,11.053904375666669,-0.11575036733333348,-1.4798581106666668,-3.1627778610000004
2137,5.935873666666642,-28.955308279999997,11.63476626,-32.1173096,-1.7958376606666668,-0.6806774336666667,9.421712557333333,-1.888516138,1.625658592,-1.3444825013333335
2138,5.938651333333307,-28.94971784333333,11.640378949999999,-32.1481018,-3.737531344,0.19151008500000002,11.318142571333334,0.9004640776666667,1.8002709993333335,-3.2598684233333337
2139,5.941428999999971,-28.96972275,11.624887783333334,-32.13927713333333,-2.2056192956666663,-0.7832971813333334,10.870700837333336,-3.122964303,-2.7506486176666667,-0.261474386
2140,5.944206666666673,-28.980453490000002,11.64558824,-32.170674600000005,-2.3337165316666666,-0.20271906733333336,8.683600425333333,-1.0471441146666667,3.4358766873333333,-2.4841157
2141,5.946984333333337,-28.99591954666667,11.638650893333335,-32.1677755,-3.128119469,-0.16837698233333334,12.445217927000002,-2.4455191693333336,-1.5028214256666665,-0.3949245230000001
2142,5.949762000000002,-29.027399063333334,11.637849486666667,-32.17443846666667,-2.3175321419999997,-0.44974873233333335,11.277246475,-4.1404254436666665,-0.25935278333333334,-1.1289132363333334
2143,5.952539666666667,-29.046745299999998,11.681067150000002,-32.19015503333333,-3.145840406333333,-0.39059443299999996,8.840888818,-2.452738325,4.821474314,0.6049655726666666
2144,5.955317333333331,-29.06683603666667,11.661254246666667,-32.176480633333334,-1.7979056436666667,-0.3529690353333333,11.645998639333333,-3.291463762333333,-3.3921357793333335,-0.18103289133333333
2145,5.958094999999996,-29.102275213333332,11.711642266666667,-32.1941274,-3.5088529586666666,-0.071165239,10.639446258333335,-4.341549396666667,5.645642916333333,0.881783048
2146,5.96087266666666,-29.12891388,11.742171286666666,-32.1912206,-2.6531078813333333,-0.2771153063333333,9.180082638,-3.806646665,2.491898169,1.6649210779999999
2147,5.963650333333324,-29.147691090000006,11.759833333333333,-32.18880206666666,-2.175861478,-0.10615147133333334,11.839849471333332,-2.8411013283333335,1.1046482723333335,0.9600982913333334
2148,5.966427999999989,-29.196231206666667,11.838851293333333,-32.21780396666667,-3.640749534,-0.5273105303333333,9.298696835666666,-5.664067586333334,9.398337682666666,1.2187553246666667
2149,5.969205666666653,-29.20666440333333,11.856248856666666,-32.210500100000004,-2.8679546913333334,-0.14033509166666666,10.002143543666667,-1.9335889866666667,0.8052903013333332,1.4265720746666668
2150,5.971983333333317,-29.240601856666668,11.928419746666668,-32.236353566666665,-2.158133626,-0.3178176973333333,10.358299574666667,-4.0011190176666664,8.520943324000001,1.1093140643333335
2151,5.974760999999982,-29.26951535666667,11.987067539999998,-32.25912473333332,-3.4785719709999996,-0.320520391,8.845734278333333,-3.4139210383333336,6.85698239,0.7735712576666667
2152,5.977538666666646,-29.275904336666667,12.033035913333334,-32.27764386666667,-2.6945568719999997,0.4987197073333333,12.070168176666664,-0.8660983243333334,5.30348285,0.40398351833333335
2153,5.9803163333333105,-29.307493846666663,12.108682633333336,-32.30820466666666,-2.4483985103333334,-0.6928818176666667,8.330621401333334,-3.542043686,9.077617167666668,0.999301036
2154,5.9830939999999755,-29.296888353333333,12.17451477,-32.34106446666667,-3.2378125983333335,0.490041405,10.850831986666668,1.55907015,8.243813197,0.04009052133333337
2155,5.98587166666664,-29.306046806666668,12.226807913333333,-32.3609314,-2.2762205603333334,-0.33625675699999996,10.805886588666667,-1.0955978136666666,6.028412819000001,0.7151963713333332
2156,5.988649333333304,-29.288103103333338,12.30506039,-32.3918864,-3.0990984440000005,-0.06657030166666666,9.647652309,2.4036015473333334,9.440809249666666,0.9557012120000001
2157,5.991427000000006,-29.264541623333333,12.352642056666667,-32.4114685,-2.492050449,0.3203994633333333,10.845577078333333,2.8393382233333333,5.522122065333334,0.454238529
2158,5.994204666666671,-29.225336713333334,12.426009496666666,-32.428789766666675,-2.3548333246666666,-0.3793982166666667,8.944863798,4.594733645666667,8.137728373333333,2.078347802
2159,5.996982333333335,-29.18513044,12.477099099999998,-32.45018006666667,-3.3252412479999998,0.129863759,12.805626710666667,4.891926527,5.9424945529999995,0.5531948806666666
2160,5.999759999999999,-29.129114783333335,12.534012793333332,-32.451400766666666,-1.707442562,-0.4372425079999999,10.117918331333334,6.165628751,5.489353527666668,2.773688912333333
2161,6.002537666666664,-29.068440756666664,12.598461783333335,-32.4755427,-3.8950783013333337,0.3791465163333334,9.633781433333334,7.430203119999999,7.515499272333333,1.0024344426666667
2162,6.0053153333333285,-28.998405453333334,12.644007683333333,-32.469073,-1.5534049273333335,-1.2524455786666666,12.070078530666668,7.670268376666667,3.8987256286666665,2.8258393606666665
2163,6.008092999999993,-28.94216283,12.703284263333332,-32.486351000000006,-3.3706194756666665,0.08390306433333332,11.855032283333331,6.707574367666667,6.591115156666667,1.3585834503333334
2164,6.010870666666656,-28.87550799,12.75305716,-32.484858233333334,-2.5812659460000003,-0.6169281996666666,10.353515624333333,7.392277080333334,4.617401520333334,2.5816460946666666
2165,6.013648333333322,-28.793547946666667,12.8171161,-32.50021363333334,-2.3176386356666665,-0.7509165876666666,9.509104252,9.728235881000002,6.995154381666667,1.7882709503333334
2166,6.016425999999986,-28.739375433333333,12.861738840000001,-32.50492603333333,-3.3008570670000004,-0.8100104756666666,12.086799939666667,6.081152439,4.443958481,1.630674998
2167,6.019203666666651,-28.668087006666667,12.921376543333333,-32.50998943333333,-1.439383934,-0.5605974496666667,11.133402032333331,8.159296194333335,5.969556648666667,2.5454277593333328
2168,6.021981333333315,-28.604455946666672,12.971012113333332,-32.523821500000004,-3.3159779706666668,-0.9105921983333333,8.476827780333332,7.478743395666666,5.493213016000001,0.9845897603333335
2169,6.024758999999978,-28.522291183333333,13.023155846666668,-32.5223516,-1.3469590346666667,-0.7943322363333333,9.087611834333332,9.297609965,4.83984073,2.7328560749999995
2170,6.027536666666644,-28.471165976666665,13.070607823333333,-32.53620146666667,-2.4275995093333336,-1.1589476863333334,12.829744815333333,5.998854716333334,5.265741029666667,0.8561041750000001
2171,6.030314333333308,-28.40421422333333,13.115899403333335,-32.525952666666676,-2.6886427800000003,-0.438760298,9.042951663333334,7.230591614000001,3.6251191296666665,3.256163100333333
2172,6.033091999999974,-28.339788436666666,13.17582957,-32.5446294,-1.8700420063333336,-0.8400765656666667,9.414925733,7.718441566999999,6.834724904000001,1.0716315113333332
2173,6.035869666666637,-28.276184716666666,13.210650126666666,-32.526969900000005,-2.645347357,-1.0009685106666666,9.549628099,6.635397752,2.132555882,3.3783815699999997
2174,6.038647333333338,-28.243698756666664,13.27272447,-32.5429204,-2.9888863563333334,-0.40228102600000004,14.247899056666666,3.8169059556666673,6.923345501666667,1.4228151836666667
2175,6.041425000000004,-28.19616127,13.333077113333333,-32.52462513333334,-3.383027712333334,-0.9941243333333333,6.339105843,4.6663421383333334,4.798007169333334,4.9051134586666665
2176,6.044202666666668,-28.141873676666666,13.411383946666666,-32.5415446,-2.444686224333333,-0.5327764746666667,10.154008549,6.440247694666667,8.671726147,2.2677993476666667
2177,6.046980333333334,-28.117518106666665,13.508027076666666,-32.53718823333334,-3.877552907,-0.8945868413333332,11.594229698333331,2.284491251,9.438792308333333,5.468759695999999
2178,6.049757999999997,-28.09828758,13.622514403333334,-32.55206556666666,-3.531450947333333,-1.363769889,12.402959983,2.1905854146666663,12.425592739333334,4.451379417666666
2179,6.052535666666661,-28.040684383333332,13.77452119,-32.5559362,-2.6336129903333334,0.6562078846666667,8.393937905333333,6.518743832999999,15.771237452333333,7.705990632333333
2180,6.055313333333326,-27.998711906666667,13.955366453333333,-32.58724466666667,-4.216372251666667,-1.1121118466666666,8.067158382333332,5.372529843,20.338413556666666,6.5100154880000005
2181,6.05809099999999,-27.920389810000003,14.1515913,-32.58657326666667,-2.475643992333333,-0.109054947,14.46948465,8.901738962666666,20.239097755333336,10.606008690333333
2182,6.0608686666666545,-27.854408263333337,14.407328603333333,-32.62204996666667,-3.375448545,0.634240918,8.011026859666666,8.401873110333334,28.5487868,10.199872971333333
2183,6.06364633333332,-27.6889445,14.697749456666665,-32.64280443333333,-2.9523703653333335,-0.10443719200000008,6.836959203666667,20.01468054333333,31.461865743333334,13.545173010000001
2184,6.066423999999984,-27.509653093333338,15.000456173333333,-32.662274700000005,-2.9337007600000002,0.8860964576666666,11.766375382666666,21.55412960066667,32.757139843333334,14.296555200333332
2185,6.069201666666648,-27.311434430000002,15.364107129999999,-32.687553400000006,-2.525505026333333,1.2802146276666666,8.521416186000002,24.133134208666664,39.63968722,16.880423226666668
2186,6.071979333333313,-26.993296303333334,15.762876826666668,-32.7171885,-4.014493624666667,1.3919417459999999,8.504972934666666,38.581040699999996,43.67373021333333,18.17878500666667
2187,6.074756999999977,-26.618849433333335,16.15736611666667,-32.710645033333336,-1.4404405753333334,0.8892550073333333,8.247536975666668,44.292327246666666,41.51881536,21.366349539999998
2188,6.077534666666641,-26.205137886666666,16.631109236666664,-32.74573516666667,-4.516580025333333,1.9613094726666669,10.395663896,50.30259831666667,52.221782686666664,21.017351786666666
2189,6.080312333333307,-25.68670527,17.08282407333333,-32.736948666666656,-2.7644058863333334,0.7801519433333333,11.369935353666667,61.47310765666666,47.92754237,23.950953799999997
2190,6.08308999999997,-25.093226116666667,17.553480786666668,-32.73325093333333,-3.549267172666667,1.6775984963333332,3.13495783,70.55694453000001,50.310317989999994,24.032403313333333
2191,6.0858676666666724,-24.430417380000005,18.06929652,-32.725512166666675,-3.4799643653333336,1.8437077603333332,15.982560156666667,78.86239497333332,55.48090743666666,25.879540126666665
2192,6.088645333333337,-23.719095866666667,18.549423853333334,-32.69171143333333,-2.5612584750000003,0.028409719333333323,7.428656099666667,83.52442425,50.54025904333333,26.598160426666666
2193,6.091423000000002,-22.906105676666666,19.072860079999998,-32.66715239999999,-3.310607115333333,1.0335956016666668,7.118903397,96.23169200666666,56.25038655666666,26.601118723333332
2194,6.094200666666667,-22.02419408,19.575145086666666,-32.61610666666667,-1.6090278326666667,1.6973675959999996,11.948767027666667,102.9946035,52.72193273,28.45177778
2195,6.09697833333333,-21.112003963333333,20.086035409999997,-32.55356596666666,-2.369537552,-0.004972140000000004,5.125527262666666,106.50461324000001,54.14635594333333,28.62780634666667
2196,6.099755999999995,-20.093873340000002,20.584967296666665,-32.46418253333333,-2.0004225723333335,0.8922073620000001,11.509871958,117.61734516666667,51.74500147333333,30.63470904
2197,6.102533666666659,-19.03796482,21.097846983333334,-32.3636271,-2.4472591083333333,1.4270026383333334,8.831538835666668,122.00716146666667,53.91993459,30.621829353333336
2198,6.105311333333323,-17.91297118,21.59012222,-32.23863983333334,-1.9581055043333333,0.15028744933333335,6.887142499333333,128.63950093333332,50.86460622333334,32.62645658
2199,6.108088999999988,-16.713488576666666,22.020727156666666,-32.06867470000001,-1.5077966053333334,0.7970744773333335,12.911502836666665,135.8800812,43.38182576333333,32.944632846666664
2200,6.110866666666653,-15.480327923333334,22.503131866666667,-31.904289233333333,-3.4217584130000005,0.7413265010000001,7.739327271666667,139.69198863333335,49.785786943333335,34.05251693666666
2201,6.113644333333316,-14.168335279999999,22.909555433333335,-31.70162453333334,-1.7710400419999999,0.6632402343333335,10.172507763,147.65376283333333,41.038527806666664,34.122369766666665
2202,6.116421999999981,-12.800626438333333,23.254696526666667,-31.465947466666673,-1.1794767576666667,0.47635795166666667,12.232687312000001,152.12652586666664,33.423672356666664,35.58062998666667
2203,6.1191996666666455,-11.422063031333332,23.618579866666668,-31.227152500000006,-3.406192144,0.32311234866666666,11.797357240000002,153.6305542,36.72366587,34.73062133666667
2204,6.12197733333331,-9.969004313000001,23.928287503333333,-30.95530703333333,-1.5606149036666668,-0.33814183899999994,9.108157316000002,160.66154476666668,30.39663696,36.24571100666666
2205,6.124754999999975,-8.496107102666667,24.17640114,-30.6786499,-1.2817542156666668,-0.08744149433333333,11.704440116666666,162.65634666666665,24.034365653333328,34.89739608666667
2206,6.12753266666664,-7.008601746666666,24.40569178,-30.37312316666667,-3.33542188,-0.2911347573333333,12.950884183333335,162.94482423333332,22.191111880000005,36.59590403333333
2207,6.130310333333303,-5.499441385,24.61996714,-30.067957566666674,-1.5982201496666668,-1.09519429,11.911252655333334,165.42881773333332,21.44691880666667,36.02378209333333
2208,6.133088000000005,-3.961117923333333,24.758296966666666,-29.74808246666667,-2.240700761333333,-0.10774972533333334,7.532206217333333,168.02941893333335,13.082743166333332,36.148759203333334
2209,6.13586566666667,-2.4288859766666664,24.898930866666664,-29.422640466666667,-3.0179076193333336,-1.4472458760000002,13.693473183333333,166.99964903333333,14.345533686666665,35.98471705
2210,6.138643333333334,-0.9061512553333335,25.007157640000003,-29.084767666666668,-2.665154616,-1.6457417806666665,14.333483379999999,165.09025573333335,11.293355622,37.07898457666666
2211,6.141421,0.608746823,25.088292436666666,-28.754234333333333,-2.633292238,-0.6386450206666666,8.669635454333333,164.44500223333333,9.036781807333334,35.799706776666675
2212,6.1441986666666635,2.1276863416666667,25.151820500000003,-28.423177066666668,-2.4050099256666666,-2.814752976,11.911053974333335,164.93666076666668,7.797516981666667,35.42607498
2213,6.146976333333328,3.592165301,25.167641956666667,-28.11050163333333,-2.4017533063333336,-2.2233498493333332,10.067978857666667,159.30546060000003,2.8690160116666665,33.89776611333333
2214,6.149753999999992,5.034090598333333,25.187116623333335,-27.79718016666666,-2.686334411666667,-1.1090328096666668,14.976620036666667,156.4873352,4.1244072916666665,33.43212890666667
2215,6.152531666666657,6.4537305043333335,25.15242513,-27.498825100000005,-1.0860850013333334,-3.0946590896666666,10.877697943333333,154.63027956666667,-1.6568380966666665,32.691696803333336
2216,6.155309333333321,7.811328568666666,25.093499503333334,-27.223615000000006,-2.267513901,-2.4032390116666664,7.1936755570000015,148.31429543333334,-4.06026904,30.496560416666664
2217,6.158086999999987,9.120175201,25.019296646666664,-26.9629542,-1.4316188893333333,-1.8941882846666669,16.341524123333333,143.24243673333334,-5.345807909333334,29.12024243333333
2218,6.16086466666665,10.350120862333332,24.887029013333333,-26.733189900000003,-2.3911502860000002,-3.5747085413333335,8.697143396666666,135.45618946666667,-12.156606197,27.37985166
2219,6.163642333333314,11.55185159,24.758076986666666,-26.509381599999998,-1.0221271513333334,-2.3967968623333333,14.727937376666668,132.40404003333333,-11.227310975666667,26.743624373333333
2220,6.166419999999978,12.665731430000001,24.57346026,-26.311101266666665,-3.053851524666667,-3.182635148333333,10.413301389333332,123.18361156666667,-17.82452901,25.510496776666667
2221,6.169197666666643,13.709231373333333,24.364599863333336,-26.1374588,-2.074248975333333,-3.4828163783333337,12.120689390666668,116.04766845333332,-20.698804696666667,24.187754313333333
2222,6.1719753333333065,14.681952476666666,24.159598666666668,-25.973045333333335,-3.2363646029999997,-2.400101463,15.111267409999998,108.07582602666666,-20.12225659666667,23.138563156666667
2223,6.1747529999999715,15.57184442,23.93419901333333,-25.831336999999994,-2.2805578709999996,-4.295027176666666,11.706013363333334,99.29956311000001,-22.67871983666667,21.746163049999996
2224,6.1775306666666365,16.388731003333334,23.667477926666667,-25.71311446666667,-3.372990528666667,-4.2030937669999995,10.598958651666667,91.78020986333335,-27.882409413333335,21.08481407333333
2225,6.180308333333339,17.12820085,23.418488823333334,-25.606356333333338,-1.514383167,-3.302114645666667,13.242381093333336,83.11026254666668,-25.86424637,19.440100353333335
2226,6.183086000000003,17.787532170000002,23.137536366666666,-25.511576333333334,-2.5827142496666666,-3.6594624519999996,11.387483597,74.07440948333333,-29.699746453333333,19.721648216666665
2227,6.185863666666666,18.377662026666666,22.871468863333334,-25.441019699999995,-3.178555687333333,-3.0323215326666664,9.535348574666665,66.98649851666666,-28.524772006666666,16.980897586666668
2228,6.188641333333332,18.90270741666667,22.623339973333334,-25.367416366666674,-2.8819783529999996,-2.6843491396666668,16.146614073333335,59.086266836666674,-26.246437706666665,16.762121519999997
2229,6.191418999999996,19.341347376666665,22.371320723333337,-25.315452566666664,-3.8088937996666665,-3.5617937246666664,11.500957649333332,49.741457620000006,-27.255486806666667,15.043030420000001
2230,6.194196666666662,19.734375633333332,22.152139663333333,-25.252713500000002,-3.2311849396666665,-3.6076866783333332,10.254936852666667,43.85891659666667,-23.062228200666663,14.871593473333334
2231,6.196974333333324,20.05612119,21.894374210000006,-25.22904206666667,-2.0708827576666664,-2.7499808073333334,14.195971806666668,37.10859108,-28.776898700000004,12.666472749999999
2232,6.1997519999999895,20.31795756,21.7128582,-25.162089066666667,-3.868268648666667,-3.6635396476666666,7.356614510666666,27.911032673333334,-18.450734774666667,14.059550603333335
2233,6.202529666666654,20.524890896666665,21.52711041666667,-25.12985736666667,-2.0277076763333333,-1.7815555926666666,16.72977797333333,23.019009588999996,-20.210114794000003,10.838774999333333
2234,6.205307333333319,20.712646483333334,21.37846183666667,-25.062103300000008,-5.724927584666666,-2.583175063,5.943031470333334,19.083706699333334,-14.589903432999998,12.934506733333334
2235,6.208084999999983,20.82988612,21.24695778,-25.014030466666668,-0.4858535729999999,-2.941165209,14.21735891,11.566441933333332,-13.428595860000001,10.288727442
2236,6.210862666666647,20.91052055333333,21.11541175666667,-24.963447566666673,-4.193380514666667,-2.976094007666667,6.086751302,6.978386244,-13.220949012333335,10.701928298
2237,6.21364033333331,20.95757103,21.04730161,-24.902732866666664,-2.2082337336666664,-2.2659969726666667,11.187224389666667,2.591939448666667,-5.787443002,8.935564997333332
2238,6.216417999999976,20.980248773333333,20.967475256666663,-24.839645366666662,-5.366148154,-1.915205995,13.561355591333333,-0.47053563400000026,-6.904616356666668,9.857184567333334
2239,6.21919566666664,20.974489209999998,20.987021130000002,-24.733072933333336,-2.8473292986666667,-1.4405424493333332,9.072845617666667,-5.702433863666667,5.888581275333333,9.972020306333333
2240,6.221973333333305,20.940663020000002,20.948224386666666,-24.687456733333338,-2.95051988,-2.3563243546666666,10.755681196333333,-6.527247588666666,-2.9960414583333326,6.318243662333333
2241,6.224750999999969,20.896078106666668,20.980110170000003,-24.57261913333333,-3.193375667,-2.3580535250000003,7.640303134,-10.71819051,7.599335989333333,10.328814825
2242,6.227528666666671,20.821517306666667,20.99271965,-24.512084966666674,-2.6059012013333334,-0.5717467466666667,11.574693679999998,-11.978037834333334,3.306849718,5.582755565666666
2243,6.230306333333336,20.766016006666664,21.037763593333334,-24.404355333333328,-3.2787246306666664,-2.4251743556666665,10.237476030666668,-11.738178253666668,8.779106298666667,9.048328241999998
2244,6.233084000000001,20.71648661,21.12827937,-24.310895299999995,-3.5247507493333337,-0.14881767833333334,8.255486327999998,-10.403907457666667,13.348652837000001,5.751024723333334
2245,6.235861666666665,20.653796516666667,21.1735967,-24.21826933333334,-2.584414522,-1.003979057,11.612405460333335,-11.978302956666667,8.179587364,7.445893129000001
2246,6.238639333333329,20.577733356666666,21.260899863333332,-24.112538666666666,-2.382640252333333,-1.8850864173333335,7.135041235999999,-14.176348050000001,13.451598169999999,7.153464635
2247,6.241416999999994,20.510471980000002,21.299550376666666,-24.049555433333328,-1.852139525,-0.48660138,10.966214496666668,-11.246742566666667,6.247261684333334,4.628488699333333
2248,6.244194666666657,20.47818883,21.370943066666666,-23.949432366666667,-3.491154909,-1.2354887326666666,10.763499100333334,-8.667594434333333,11.414845147333333,7.235438347
2249,6.246972333333322,20.43324852,21.430138906666667,-23.87009173333333,-1.9074348013333335,-0.7246725956666668,11.212175051333332,-9.266976675666667,9.18367179,5.511830489
2250,6.249749999999987,20.411523183333333,21.45439021,-23.815396633333332,-2.140795826666667,-0.49627390499999996,8.811051051,-5.487303893,4.355918288000001,4.4861843189999995
2251,6.252527666666652,20.401706693333335,21.492781956666665,-23.748367333333338,-3.174327929666667,-1.4911659556666665,10.383122444666668,-4.5396165853333335,6.358556431666667,5.090748787
2252,6.2553053333333155,20.387560526666665,21.496970493333333,-23.712575299999997,-1.950585047,-0.8773113883333332,9.476229509000001,-3.7361140250000004,1.3564277489999998,3.3627353506666666
2253,6.2580829999999805,20.393451056666667,21.487114586666667,-23.68283333333334,-2.357805331666667,-0.610971289,10.347596167999999,-1.0499233403333335,-0.5157257709999996,3.205950568
2254,6.260860666666644,20.429344176666664,21.452325183333333,-23.67160543333333,-2.322628815666667,-0.6952814960000001,7.124542951666668,3.331456144666666,-3.984375794,2.4062740556666666
2255,6.263638333333309,20.46270052666667,21.422896069999997,-23.667460133333332,-2.206308345,-0.763071572,12.471663473333331,3.411321819,-3.714125315999999,1.3828486006666665
2256,6.266415999999974,20.497831979999997,21.35094579,-23.672004666666666,-3.1287031570000003,-0.681482705,10.975516002333334,3.920997699333333,-8.785962175666667,2.2734470766666663
2257,6.269193666666639,20.563748043333334,21.27831268333333,-23.690216066666665,-1.7264679866666668,-1.3300661443333335,10.381726902333334,8.303235690000001,-9.440948666666666,0.8673323046666667
2258,6.27197133333334,20.62128512,21.1871198,-23.710215266666676,-2.941108624,-0.15681345000000002,10.493850866666667,7.2966052690000005,-11.540693759999998,1.5216523806666666
2259,6.2747490000000035,20.670197166666668,21.103705723333334,-23.744232166666663,-2.234234213666667,-1.3993259269999998,11.956327755666665,6.9426848093333335,-11.274287860666668,-0.328387345
2260,6.277526666666669,20.72216733333333,20.97563934,-23.777699766666668,-3.6613269450000003,-1.5132237670000002,12.86946551,7.208117087666667,-16.187279066666665,1.7470065753333337
2261,6.2803043333333335,20.78323301,20.886576333333334,-23.812131233333336,-1.2442593126666666,-0.45874405933333334,9.207076709,8.416323501666668,-11.929098290333334,-0.11972942833333333
2262,6.283081999999999,20.83240064,20.781386693333335,-23.848330199999996,-4.760190963666666,-1.508967201,11.727167448666668,6.979713758,-13.723614376666665,0.5112516283333334
2263,6.285859666666663,20.883208593333332,20.703537623333332,-23.87547556666667,-2.171877304666667,-1.3125982186666667,9.584750176999998,6.883884034,-10.382938703,0.16567301866666664
2264,6.288637333333327,20.917842226666668,20.611798603333334,-23.911066700000003,-3.7430857619999998,-0.5578268666666667,11.709294956666668,5.2149950663333335,-12.194051426666668,0.01996630433333328
2265,6.291414999999991,20.963211056666665,20.555526099999998,-23.931688933333337,-2.4116828543333333,-1.1974504986666668,11.076486271666667,5.930768331333333,-7.706331212333333,-0.06640032933333329
2266,6.294192666666656,21.002138773333332,20.533915203333333,-23.943669633333332,-5.23856012,-0.9886647066666666,8.788456917666666,4.753648042666667,-3.3808951376666663,-0.49076437933333333
2267,6.29697033333332,21.039450326666667,20.481335323333337,-23.964851399999997,-1.7054181499999999,-0.6757886706666666,11.129815738666666,4.981683214666667,-7.319366771666668,-0.28414718333333316
2268,6.299747999999986,21.075031916666667,20.505830766666666,-23.958432533333333,-4.4262469609999995,-0.7111316026666668,9.723219076666666,3.5678028263333332,2.511997104,-0.6014945706666667
2269,6.302525666666649,21.13138008,20.50218328,-23.96329753333333,-2.6775918006666664,-1.4048210780000001,10.679164251666668,6.610005219666665,-1.1811579863333332,-0.6466655333333333
2270,6.305303333333313,21.166541419999998,20.52540779,-23.96653493333333,-3.8318052293333325,-0.20581293,12.395377160999999,3.9201778573333335,1.9931542873333334,-1.5285170076666665
2271,6.308080999999977,21.21099853666667,20.578608833333334,-23.93484496666667,-2.6503561733333334,-1.8087231916666668,7.188768148666667,3.6285044749999997,6.663701812666666,0.7000201143333334
2272,6.310858666666642,21.259119036666664,20.599626543333333,-23.950892099999994,-2.2990677853333334,0.19119911899999997,11.976505279999998,6.047328551666666,1.2000396746666666,-2.8028930226666673
2273,6.3136363333333065,21.289123533333335,20.662564593333332,-23.907834366666663,-3.413946708333333,-1.6248967250000002,13.461390176666667,1.402896007,8.222977319666667,1.4607114393333334
2274,6.316413999999972,21.326272963333334,20.735010146666667,-23.897682200000002,-3.3048086163333337,-1.3733004726666664,9.204412777333333,3.6747811633333334,8.001234372333334,-2.32482934
2275,6.319191666666673,21.371024446666667,20.759040196666664,-23.875480666666665,-2.236853639,0.10754072666666666,10.024422646,4.0137852826666665,3.026150832333333,0.9416606426666668
2276,6.321969333333338,21.399370193333336,20.865823746666667,-23.843317666666664,-3.7985471883333335,-1.5466385283333335,8.085812250666669,1.6758671603333333,12.724414826666667,-1.569004476
2277,6.324747000000002,21.434678396666666,20.925951006666665,-23.80679066666667,-2.5283141136666667,-0.6405740976666667,12.023657483,2.285618305333333,7.644009987333334,0.857133443
2278,6.327524666666666,21.445176439999997,20.989833196666666,-23.792101566666663,-2.579855322666667,-0.3426047346666667,10.489426772333333,0.26578617100000024,7.221144040333333,-1.50729541
2279,6.330302333333332,21.484337486666664,21.098969776666667,-23.737419133333333,-3.5014574130000002,-1.0310058596666667,6.7746609053333335,1.9386820790000001,13.863411586666665,0.5789501069999999
2280,6.3330799999999945,21.527158740000004,21.15633138,-23.720047000000005,-2.5774418113333333,-0.21135735533333336,11.557434876,4.056035598,6.605484261,-0.906560302
2281,6.3358576666666595,21.53914833,21.245471953333332,-23.678642266666667,-2.13889275,-0.6978681560000001,12.451672553333333,-0.7611783343333333,11.090122861,0.06821493566666659
2282,6.3386353333333245,21.577258426666663,21.342806500000005,-23.64907583333333,-4.107004245,-0.8025572523333334,8.512924829666668,2.951494612,11.56732670333333,-1.4044497413333332
2283,6.3414129999999895,21.62779999,21.374308266666663,-23.63525136666666,-1.9476579029999999,-0.534380607,9.944355965999998,5.057304382333334,3.520151337,-0.28193583833333324
2284,6.344190666666653,21.651461283333333,21.472609836666663,-23.605957,-2.2734693289999997,-0.6929270026666666,10.30555884,1.220125675,11.650453884000001,-1.5332639416666665
2285,6.346968333333318,21.68131447,21.504004796666663,-23.603947966666663,-3.3048848310000003,-1.1398215693333331,8.854523977666666,3.075360318,3.025967499,-1.5138824583333335
2286,6.349745999999982,21.728274026666668,21.526177723333333,-23.598864233333327,-1.5185084593333336,-0.5205260963333334,10.167050360666666,5.074167172,2.1659994126666664,-0.6675965389999998
2287,6.352523666666646,21.758131663333334,21.56240336,-23.59676106666667,-2.6525789103333337,-0.9326124190000001,9.333585897333334,3.0691956680000003,3.5667058619999996,-1.7212212086666667
2288,6.355301333333309,21.781675973333336,21.54674466333333,-23.60166166666667,-2.603801965666667,-0.639338528,12.061090471,2.713409702,-2.478451012333333,-0.06716495733333334
2289,6.358078999999976,21.80854988333333,21.537871043333336,-23.619750999999997,-1.5520821610000002,-1.1815121769999999,8.353809833666666,3.6390697956666664,-2.299624761,-1.7962623836666667
2290,6.360856666666639,21.83859253,21.511155446666667,-23.621696466666666,-3.754233916666667,-0.47515275333333334,11.307262739666667,3.365706563,-3.6015711636666663,0.6873665453333334
2291,6.363634333333304,21.8361969,21.44702784,-23.656598400000004,-1.2869007536666668,-1.065933784,10.045307316666667,0.8827736503333333,-9.153291066333333,-1.0592983963333333
2292,6.366412000000007,21.858926773333334,21.435938516666667,-23.65688833333333,-4.061823288666666,-0.8635328613333333,8.563678264333333,2.406111757,-1.7764711006666667,0.1857204040000001
2293,6.36918966666667,21.861137386666666,21.354874929999998,-23.697130833333336,-2.513988336,-0.4895792256666667,10.967671232999999,1.6461887593333333,-11.266228041,-0.8685063896666666
2294,6.371967333333337,21.868792850000002,21.33330663,-23.7012024,-3.066515843,-0.8966801466666667,8.188534418666668,0.781362166,-3.097251951666667,0.27285134800000005
2295,6.374745,21.886685053333334,21.299587886666668,-23.727175399999997,-3.3013664086666665,0.212763836,11.365104995333333,2.8930895526666665,-5.3980381490000005,-1.505169292
2296,6.377522666666664,21.89279302,21.249610899999997,-23.746765133333327,-2.8929797806666664,-1.208646536,9.480044683666668,1.206908683,-6.848085721333334,0.07540408766666669
2297,6.380300333333328,21.925945283333334,21.24575742,-23.759150199999997,-3.250888308,-0.13350318633333333,10.221971513000002,4.145360867,-1.509924849,-1.425368016
2298,6.383077999999993,21.945338566666667,21.19264348333333,-23.78400166666667,-2.713901201666667,-0.09025025833333333,12.153831163,3.047995964666667,-7.4271124193333335,-0.3368314803333334
2299,6.385855666666656,21.965088526666666,21.172232946666668,-23.798393233333332,-2.699665924,-1.2830616833333333,8.847369034333333,2.6252585649999998,-3.43664515,-0.8882376750000001
2300,6.388633333333321,22.007438660000002,21.135674793333333,-23.822041833333333,-3.045137167,0.14581468699999997,13.226141610333334,5.745346148666667,-5.5351943960000005,-0.9430094956666668
2301,6.391410999999986,22.02047602,21.08494758666667,-23.837137866666666,-2.4896099169999997,-1.2878043203333334,9.434164683666667,1.8505858579999999,-6.836926142333333,0.4097082713333333
2302,6.3941886666666505,22.051484426666665,21.05296516,-23.86544293333334,-2.5906609696666667,-0.8811112543333334,9.296545663666667,4.578109264666667,-5.229876519333334,-1.6463210186666668
2303,6.396966333333315,22.077156066666664,20.990093866666665,-23.88544973333333,-3.313212951,-0.11898658799999999,13.295188109666666,3.555606285666667,-8.390216986333334,0.43810995933333347
2304,6.399743999999978,22.077491759999997,20.95477612666667,-23.90242256666666,-2.634906411,-1.3372871083333333,7.926564533,0.4487357336666668,-5.136773109666667,-0.3448915383333333
2305,6.402521666666644,22.10521253,20.90446853666667,-23.931607533333338,-3.2911229133333335,-0.29989120366666666,11.013829866999998,4.177020435666667,-7.381348929333334,-1.0925626753333333
2306,6.405299333333308,22.100535710000003,20.867165883333332,-23.941276566666662,-2.981608947333333,-0.7804056903333333,10.216621719,-0.4894578059999999,-5.023617903333334,0.5709842043333334
2307,6.408076999999974,22.097537993333333,20.840121586666665,-23.959078466666668,-3.953201771,-0.9272837836666667,9.767128625333333,0.030096684999999956,-4.317590634,-0.945732991
2308,6.410854666666637,22.10194842,20.802553176666667,-23.965794899999995,-2.167419235,-0.18488143633333332,12.016191166666667,0.4790716173333334,-4.943053086333333,0.8539957203333333
2309,6.4136323333333385,22.07579485333333,20.801205316666667,-23.974622066666672,-4.345398267333334,-0.8410767663333334,7.980540911333333,-3.1390930813333333,-1.08258152,-1.1693367956666665
2310,6.4164100000000035,22.08554141,20.779694239999998,-23.971247333333338,-3.0021138190000003,-0.8900389473333333,12.896747906666667,0.7192434419999999,-2.7567834456666667,1.1222534973333333
2311,6.4191876666666685,22.051984790000002,20.765715916666668,-23.984649666666666,-3.147494952,0.4819280453333333,9.083097776,-3.8298277556666664,-2.6777422823333334,-1.064498027
2312,6.4219653333333335,22.045694986666664,20.77216402666667,-23.970916766666672,-2.7875037603333332,-1.94293193,8.942714531666667,-1.679064413,0.7932772043333335,0.9283624489999998
2313,6.424742999999997,22.02784474666667,20.745913186666666,-23.998985300000005,-3.6034224433333333,0.6458508273333333,13.135013264,-1.3038371803333335,-4.665863752333333,-2.035636186666667
2314,6.427520666666662,21.991056443333335,20.749383293333334,-23.97602843333333,-2.535397331,-1.1804307696666667,7.581452688333333,-5.735505103666667,0.8625679413333334,2.0561913156666667
2315,6.430298333333326,21.981155399999995,20.735305786666668,-24.008883166666667,-2.769170165,-0.45667948333333336,11.316249846666667,-0.14460938933333325,-3.5151351686666668,-3.090921124
2316,6.43307599999999,21.949224473333334,20.718271256666668,-23.995178233333334,-3.1405839123333332,-0.507873098,11.557740529333335,-4.806742112,-1.7737814783333334,2.0895623663333334
2317,6.435853666666655,21.908258439999997,20.713291803333334,-24.012552900000003,-2.861155013333333,-0.7948575453333334,8.658824919333334,-4.504429896666667,-1.8534759383333332,-1.87637949
2318,6.43863133333332,21.893374126666668,20.685644146666665,-24.0117213,-2.4474067686666667,-0.40259418866666663,11.277113279,-2.21237429,-3.5081303316666665,1.1860760053333332
2319,6.441408999999983,21.83865611,20.68661944,-24.016807566666667,-3.0212431746666666,-0.837224573,8.274383704,-6.687971273666666,-0.6732957786666667,-0.8687537116666667
2320,6.444186666666648,21.80878957,20.658999126666668,-24.0215785,-3.1869180999999998,-0.21017467966666667,10.790046054,-3.7594269116666665,-3.740886827666667,0.6157874266666667
2321,6.446964333333312,21.75600624333333,20.649020513333337,-24.016611733333335,-2.424806595,-0.5654392886666667,9.957388241333334,-6.878992715,-1.4720546006666666,0.6762583256666668
2322,6.4497419999999765,21.716433206666665,20.649377823333335,-24.015543633333333,-3.311282476,-0.34546519066666664,8.566226005666666,-5.154592037333334,-0.4023783206666667,-0.08033909433333346
2323,6.452519666666642,21.68667475333333,20.638982136666666,-24.006551099999996,-3.6789709726666664,0.35684114699999997,11.416608809666668,-4.292066335666666,-1.3562908173333332,1.0998753506666665
2324,6.455297333333307,21.622515996666664,20.63074811333333,-24.007331866666664,-1.8980213006666666,-1.3559522776666668,8.468786873666668,-7.964601516666666,-1.4796873130000001,0.015287289999999953
2325,6.45807499999997,21.617280323333336,20.658770243333336,-23.98321276666667,-4.301521381,0.9513444303333333,9.444112302333332,-2.0076353153333333,3.5561310453333337,0.9732556343333334
2326,6.460852666666672,21.57110087,20.630763373333334,-23.99854276666666,-2.4313255946666668,-0.616736412,10.397385912999999,-5.215391318,-4.267271757,-0.5785615443333334
2327,6.463630333333337,21.550605136666665,20.657142003333334,-23.97397866666667,-3.348234733,-0.255360294,9.843053182333334,-3.8585538866666673,3.390833735333333,1.100959738
2328,6.466408000000001,21.536042533333333,20.663361866666666,-23.979871100000008,-3.3109684783333333,1.1433838206666667,9.755031744333332,-1.8446262676666665,-0.04362109299999991,-1.076305866
2329,6.469185666666667,21.511648816666668,20.63833618,-23.98027803333333,-2.1822779973333333,-1.2186995496666668,10.389587722,-3.2769997916666664,-3.3782357373333327,0.7513423363333332
2330,6.47196333333333,21.506210963333334,20.6804409,-23.968678833333332,-3.8274895349999993,0.6796405316666666,10.469985326,-1.466056307,4.666294336333333,-0.863827268
2331,6.4747409999999945,21.485841753333332,20.62803777,-23.98577626666666,-2.467153589,-0.024538058666666657,10.370981851666668,-2.0843799113333334,-7.120288212666668,0.21958212033333332
2332,6.477518666666659,21.48459243666667,20.647452669999996,-23.980753566666664,-2.8865485189999998,0.03298122700000001,9.434328078333335,-0.7325244146666666,1.9113087653333336,-0.4310832023333333
2333,6.480296333333324,21.479074476666668,20.634332660000002,-23.984710700000004,-3.696245114,-0.410158202,10.634707768666665,-0.855391691,-2.1983717080000003,-0.1392646233333333
2334,6.483073999999988,21.460273743333335,20.590796153333333,-24.015609733333335,-2.347151041,0.5057167746666668,12.106807075,-1.3133399486666666,-6.601155917,-1.4293340446666665
2335,6.485851666666654,21.460778556666668,20.623816173333335,-23.997393299999995,-4.047295014,-0.617353251,8.348524729333333,-1.073215147,3.867915789,0.14831489333333328
2336,6.488629333333317,21.458082199999996,20.571915946666664,-24.037569666666666,-2.4150662423333333,0.310637797,10.067290146333333,1.04671295,-7.961159705999999,-2.144167542666666
2337,6.491406999999981,21.447690963333333,20.577819823333332,-24.03853863333333,-3.207411130333334,0.17120997133333335,11.698638917666665,-1.5863579313333334,0.056402762666666696,-0.6687493323333334
2338,6.494184666666645,21.433625539999998,20.594228106666666,-24.056147233333338,-3.921980222,-0.9914982916666667,8.90304327,-1.271264404,0.61739707,-2.713350097333333
2339,6.49696233333331,21.444725673333334,20.56544685,-24.077145899999994,-2.558130026,0.8955439329999999,11.929844221333335,1.8409806389999999,-4.641982834,-1.244390736
2340,6.499739999999974,21.423233670000002,20.60970497,-24.08640796666667,-3.846751372,-0.5995302299999999,8.756007352333334,-2.4954243503333333,4.050972620666666,-3.107971589
2341,6.50251766666664,21.42705599333333,20.633469263333335,-24.104560866666663,-3.704320828,-0.16980194300000004,10.64811929,0.857718289,1.34266825,-3.2476629420000003
2342,6.5052953333333035,21.419761023333333,20.664691286666667,-24.115331033333334,-3.393560250666667,0.6996080079999999,11.260928156666667,-0.7596032816666666,2.5663758516666664,-2.6059837936666668
2343,6.508073000000006,21.40080643,20.751711529999998,-24.117012033333328,-3.3941439790000003,-1.341184338,8.511119206666667,-2.5899835823333333,9.087773639333333,-4.304216305333333
2344,6.51085066666667,21.407331466666665,20.81962776,-24.135200500000007,-4.124078035,0.6972388526666666,11.523928959333333,1.2155149383333332,6.357736349,-5.001769622
2345,6.513628333333334,21.37056033,20.931577043333334,-24.12690223333333,-3.480871200333333,-0.22865065699999998,9.677696545,-5.140249173,12.279147465,-4.339769363666667
2346,6.516406,21.354075750000003,21.083897906666667,-24.12689716666667,-3.3985288936666667,-0.926229755,8.926345825,-2.325010220333333,16.547883827333333,-6.753358841000001
2347,6.519183666666663,21.32903416666667,21.226620993333334,-24.136121099999997,-3.868490696,0.4016623533333334,11.680159252000001,-2.984628279666667,15.012794654333332,-7.491090139
2348,6.521961333333327,21.26336224666667,21.437672296666666,-24.112434366666665,-3.932742993,-1.0402084786666668,8.885570048333333,-9.235374450333333,24.06835460666667,-6.848065454333334
2349,6.524738999999992,21.21845754,21.654536566666664,-24.116994233333333,-2.899838209,-0.4701091646666667,9.262471199666667,-5.548735896,23.50789324666667,-10.188153745333333
2350,6.527516666666656,21.134084066666667,21.875579833333333,-24.116864500000002,-3.8576145173333334,-0.4406072703333333,11.412853082333333,-10.446289856333333,24.25187238,-9.727705956000001
2351,6.5302943333333205,21.00926335666667,22.17680041,-24.10341133333333,-3.6927076976666666,-1.5646166006666666,8.820766609333333,-15.935001056333334,33.701709746666666,-11.87050724
2352,6.5330719999999864,20.875729879999998,22.42559242333333,-24.121266699999996,-2.9098419346666664,-0.937119213,10.685963948333333,-15.484039627000001,26.67074076333333,-12.750146866333333
2353,6.53584966666665,20.692663193333335,22.74203618333333,-24.135630300000003,-3.550412655,-1.0138388173333333,9.389712014666665,-21.671514826666666,34.395357133333334,-15.22820282
2354,6.538627333333314,20.444938660000002,23.066282273333332,-24.154808033333335,-3.746159315,-1.922444423,11.478913941666667,-29.083487513333335,35.19674110333334,-15.851945559999999
2355,6.541404999999979,20.165356953333333,23.407146456666666,-24.2034378,-4.171857913333334,-0.9832200533333334,8.878972689333333,-31.603499416666665,35.98030026666667,-19.44459215666667
2356,6.544182666666643,19.813174563333334,23.758624396666665,-24.24190523333333,-3.622165203,-1.8915616273333333,11.922832169666668,-40.678310393333334,37.727443693333335,-18.631998059999997
2357,6.546960333333306,19.412424723333334,24.13557052666667,-24.304646833333337,-2.8367065586666667,-1.257472972,7.366267840333333,-45.38422584666667,39.791948956666666,-21.835901893333332
2358,6.549737999999972,18.921240490000002,24.530235926666666,-24.385096200000003,-3.65124321,-2.811449130333333,11.794465385,-55.25948969666666,41.420045216666665,-24.05334727
2359,6.552515666666636,18.36421776,24.908960340000004,-24.475621533333335,-4.120352427,-2.0840070643333335,7.106130917666666,-62.62033462666667,39.40860239666667,-24.132722856666664
2360,6.5552933333333385,17.742201803333334,25.349749883333335,-24.56831866666666,-1.2956051826666666,-1.3991038399999998,12.161244073333334,-70.21940740000001,46.736178083333336,-26.14745076666667
2361,6.558071000000003,17.03553645,25.714046479999997,-24.698125199999996,-3.5740595660000003,-1.9151794113333331,9.585139751333335,-78.37715402333333,37.04394976333333,-26.87755775333333
2362,6.560848666666666,16.274807613333333,26.14753087,-24.8194173,-2.8143853743333334,-2.344179074,7.339595316333333,-85.28204090999999,45.64245987333334,-27.627091726666663
2363,6.563626333333332,15.423648836666667,26.515408833333336,-24.9844691,-2.208086133,-0.7532455223333333,16.69448789,-93.62498219999999,37.138033549999996,-29.530394236666666
2364,6.566403999999996,14.482851026666665,26.902528763333333,-25.148930900000007,-3.515263507666667,-1.9437255460000002,5.407501260666667,-104.30624391666667,39.88722928333333,-29.72128804666667
2365,6.569181666666662,13.515410426666667,27.288944880000003,-25.33536016666666,-2.8976360163333332,-2.0306102036666664,15.374425886666666,-106.22481282333332,39.70693206666667,-30.775164286666666
2366,6.571959333333324,12.461749712,27.597307203333333,-25.542457600000002,-1.168864530666667,-0.8610718496666667,5.687608519666667,-115.25993348666668,30.612657546666668,-30.5259641
2367,6.574736999999989,11.326516788666666,27.926750816666665,-25.766728733333334,-3.3061947823333333,-1.3719913166666666,8.03219851,-124.00510406666668,33.344360986666665,-32.069875716666665
2368,6.577514666666654,10.17460648,28.207939786666667,-26.017389933333337,-1.217283428,-1.029660195,13.700593313333334,-124.41657256666667,27.723542530000003,-32.68581390333333
2369,6.580292333333318,8.925696849333333,28.46152051333333,-26.274910000000002,-2.978051817666667,-0.571216762,4.9528171233333325,-135.50359346666667,25.070192654666666,-32.99196052333333
2370,6.583069999999982,7.639174143000001,28.679574333333335,-26.56187696666667,-2.660430749,-0.677546665,13.067252000666665,-138.29046123333333,21.056973456666665,-34.23964945666666
2371,6.5858476666666474,6.334842363666667,28.874789556666666,-26.856725033333333,-1.896970073333333,-0.09145623233333335,8.826644977333332,-139.8613078,19.089997451,-34.430023193333334
2372,6.588625333333311,4.941738248,29.007789613333333,-27.17362466666667,-3.544720888,-0.4964560070000001,9.903199035333333,-149.11452740000001,12.104759690333333,-36.07423019666667
2373,6.591402999999976,3.532196333,29.107383726666665,-27.50828296666666,-1.9611153996666666,-0.470689396,15.359270252,-150.0349375333333,8.912796338333335,-36.23936335333334
2374,6.594180666666641,2.079453110666667,29.16454124666667,-27.857129433333327,-2.3510272506666667,-0.389048909,8.63612906,-154.29085283333333,4.553592046666668,-38.17639796
2375,6.596958333333305,0.5936368310000001,29.14984957333333,-28.213300066666662,-2.496802449,-0.04209621733333332,10.159752844666668,-157.82307436666667,-3.0622906690000007,-38.27378718
2376,6.599736000000007,-0.8955791793333333,29.122259776666667,-28.572079966666674,-2.3555448350000003,0.06277857233333334,12.579487482333334,-158.1348216,-3.7859136270000007,-38.22032038666667
2377,6.60251366666667,-2.387631853333333,29.00544929333333,-28.9197108,-1.0490921936666668,0.709571163,6.374931494666666,-159.17625936666667,-13.507011908666668,-38.09692637333333
2378,6.605291333333336,-3.899457373,28.871416730000004,-29.283955900000006,-2.8083079256666665,0.9332399963333332,12.626664163333333,-160.56647746666667,-14.614284753999998,-40.09352620333334
2379,6.608069,-5.389609217333334,28.66873296,-29.619026166666668,-1.120674034,0.6140894490000001,13.037945746666665,-159.82322693333333,-22.022062142,-37.73666254666667
2380,6.6108466666666645,-6.861880701,28.413033166666665,-29.948852533333337,-3.0250762403333327,2.0495724343333332,4.117886622666667,-157.9780069666667,-27.52255221066667,-39.32306289666667
2381,6.6136243333333296,-8.292390186333334,28.133877436666666,-30.25163016666666,-1.7273703613333335,1.4548129039999997,14.595736819999999,-154.71075946666667,-29.6604379,-36.64905039333333
2382,6.616401999999994,-9.699237028,27.761755626666666,-30.5252787,-2.1257657806666668,1.397844871,9.534951846666667,-153.65801493333333,-40.332050960000004,-36.81029637666666
2383,6.619179666666657,-11.049477097666667,27.39211082,-30.788724233333337,-2.883188804333333,2.637341817333333,8.061316965333333,-147.64617916666668,-39.31529617333333,-36.18497339666667
2384,6.621957333333323,-12.350958823999997,26.92813492,-31.021558133333333,-1.489226123,1.4298627076666666,15.452195170000001,-143.9904124,-50.33847936,-35.610135396666664
2385,6.624734999999987,-13.585757256666668,26.472067516666666,-31.223533633333332,-3.557172219,1.8749708830000003,3.1194255749999997,-137.33601380000002,-49.140366873333335,-34.24638112333333
2386,6.627512666666653,-14.77872626,25.98616472666667,-31.408526099999992,-1.3634430563333335,2.6105246146666663,18.991443633333336,-133.87605286666667,-52.504642483333335,-33.47678757
2387,6.630290333333316,-15.891814866666666,25.450857796666668,-31.552866633333323,-3.021932155,1.6654481490000002,2.9630753596666666,-126.0863317,-58.41103617666666,-32.59840265666667
2388,6.63306799999998,-16.942587533333334,24.95592498666667,-31.701789833333336,-3.1257076263333334,2.9414141179999995,12.018515905666668,-119.03421530333333,-53.293618519999995,-32.16988881333333
2389,6.635845666666643,-17.92449538,24.41830063,-31.81389366666667,-3.3307433130000006,2.695247729666667,12.016574863333334,-112.31479391,-58.49340820333333,-31.395795823333334
2390,6.638623333333309,-18.848957063333334,23.917479196666665,-31.917653400000006,-3.9239521026666666,2.4394803443333335,11.244393029666668,-106.33332318,-54.37139638333334,-29.510036466666666
2391,6.6414009999999735,-19.680057523333332,23.361803693333332,-31.984619133333336,-3.6080006756666667,3.4467748006666667,13.431085906666667,-96.65644072333333,-61.06664912,-29.37020747
2392,6.644178666666639,-20.45695877,22.9020799,-32.06122333333334,-3.890509406666667,1.9044855036666668,10.116767089333335,-90.17157489666666,-49.85180409666666,-26.40819232
2393,6.64695633333334,-21.150823593333335,22.369862873333332,-32.090657533333335,-3.1224350926666666,3.0504451593333335,12.483983676666666,-81.94976044666667,-59.06861369,-26.295853296666667
2394,6.649734000000003,-21.789086026666666,21.935778936666665,-32.13572693333334,-3.6694687206666674,3.337388913,12.320654708666666,-75.23334503,-47.571273803333334,-23.163588843333333
2395,6.652511666666669,-22.33440145,21.497480390000003,-32.15657553333333,-4.5283325513333335,2.205500523,8.432935396666666,-64.6197052,-48.38629023000001,-22.525126143333335
2396,6.655289333333333,-22.79984410666667,21.082359316666665,-32.1633072,-3.8192318279999995,2.7905544836666665,7.930919169333333,-55.88519668666667,-46.325116476666665,-20.008416176666667
2397,6.658066999999999,-23.219387686666664,20.705017726666668,-32.168027233333326,-4.273703257,2.7782828013333334,14.507135073333332,-50.37728945333333,-41.92909304333333,-18.760568616666664
2398,6.660844666666662,-23.576729456666666,20.345872876666665,-32.159034733333336,-3.7890567780000004,1.3977098066666667,9.528716167333334,-43.59957123,-40.542701720000004,-16.423409463333332
2399,6.663622333333326,-23.856187816666665,20.037249883333335,-32.16283669999999,-3.2647599376666663,2.6527043183333334,8.381844521,-33.63723119,-34.13991737333333,-15.908323286666667
2400,6.666399999999991,-24.08210436666667,19.736546196666666,-32.15351106666667,-3.2586239973333337,2.180500030333333,12.13299497,-27.950886093333335,-33.969598133333335,-13.951041856666665
2401,6.669177666666656,-24.2732989,19.495880760000002,-32.157516466666664,-5.2005160649999995,1.3178894716666665,8.864902336666667,-23.039999007333336,-26.578349433333333,-12.923217136666667
2402,6.67195533333332,-24.410144803333335,19.27209409,-32.165804533333336,-3.282311638,1.750027249333333,13.013163563333334,-16.541023416,-24.621325173333332,-12.198745406666665
2403,6.674732999999986,-24.50060145,19.079146066666667,-32.169606566666666,-4.712596496,2.1759196916666665,9.197396278333335,-11.042852958333333,-21.289436656666666,-10.666626610333333
2404,6.677510666666648,-24.58587392,18.90277862666667,-32.1849899,-3.673775752333334,1.2832919283333333,13.890575409999999,-10.032595755000001,-19.077175139999998,-10.684844334333334
2405,6.680288333333313,-24.627886453333332,18.737338383333334,-32.195164999999996,-3.984823465333333,1.4301117063333333,12.460075694333334,-5.0300589386666665,-17.969719885666667,-9.933397929666667
2406,6.683065999999978,-24.660006839999998,18.638768516666666,-32.22395326666666,-3.9496308963333333,0.6973132890000001,8.414603233,-3.155225833333333,-9.949385326,-8.228501241666667
2407,6.685843666666642,-24.651203156666668,18.51232210666667,-32.242322300000005,-2.7406059106666665,0.5468179186666666,10.675925572333334,1.3787329196666667,-13.361444154333332,-8.843679586333332
2408,6.688621333333306,-24.66318893333333,18.434003829999998,-32.28439333333334,-4.044914961,1.872885704,12.264305751333334,-0.28024558233333324,-7.079335728333334,-8.600300313333333
2409,6.691398999999972,-24.661710103333334,18.34628868,-32.3061854,-3.2682792343333333,-0.270078165,10.989405951666667,0.6369365853333333,-8.997842151333334,-7.202471892000001
2410,6.6941766666666735,-24.635769526666667,18.309912999999998,-32.36729176666667,-3.2238299053333335,0.8317587673333334,8.338837783666667,4.962707758333333,-1.599797249,-8.488631087666667
2411,6.696954333333338,-24.627580006666665,18.244436263333334,-32.402224233333335,-3.4009191990000005,1.2022191683333332,10.631059964,1.8813572523333335,-5.922545513,-7.474281312333333
2412,6.699732000000002,-24.620310466666666,18.19728660666667,-32.456034333333335,-3.6306021210000003,0.038124713,12.166055359666666,2.4693233173333335,-3.1485107343333336,-8.255379198333333
2413,6.702509666666667,-24.61938603666667,18.20882161666667,-32.523340866666665,-2.8689173856666663,0.023593221999999987,10.134469984333334,2.243760268,3.993375460333334,-6.9799785629999995
2414,6.705287333333332,-24.604602813333333,18.152243929999997,-32.582481400000006,-3.7681479453333337,0.45086016366666665,8.595578670333333,3.511758764333333,-3.9009116093333334,-9.286770186
2415,6.708064999999994,-24.59794744,18.151367186666665,-32.636866266666665,-2.600486119333333,0.16712759933333332,11.369963963333333,2.4727554223333335,2.01639535,-6.232895692333333
2416,6.71084266666666,-24.63430468333333,18.161550520000002,-32.72357176666666,-3.4237740036666664,-0.5445924453333333,8.645080884333334,-1.5690985320000002,4.682739575666667,-8.784343403333333
2417,6.713620333333324,-24.62652206333333,18.130552293333334,-32.770233166666664,-2.521823332,0.23164691566666665,9.924693745333334,2.2825103600000003,-1.5909472903333335,-6.971832275333334
2418,6.71639799999999,-24.656326293333336,18.125057853333335,-32.841662066666665,-3.3614514669999997,0.4414330126666666,11.230023703333332,-1.3196025096666666,2.2222101690000002,-7.975688616666666
2419,6.719175666666653,-24.697271983333337,18.12111918,-32.895838399999995,-2.4340141613333333,-1.2098534056666668,7.541831494999999,-3.250583648666666,1.6877774793333333,-6.362265269000001
2420,6.7219533333333175,-24.706600823333332,18.086350760000002,-32.95479073333333,-2.8892893789999996,1.281787018,9.134423892333333,0.6215465070000001,-1.5344338413333334,-8.166481177
2421,6.724730999999982,-24.758660000000003,18.063477196666668,-32.985280333333336,-2.7177343766666664,-0.2805226396666667,10.206228255000001,-5.457065900333333,-1.5000127553333336,-4.8467980226666665
2422,6.727508666666647,-24.800458273333334,18.03012721,-33.03754933333333,-2.832421700333333,-0.2388137726666667,9.284669558666666,-3.525829605,-1.6944159066666666,-7.4119489986666665
2423,6.73028633333331,-24.826046626666667,17.99876976,-33.06102243333334,-2.9544254146666664,1.3724375166666667,8.425700027666666,-2.586986939333333,-2.718084693333333,-4.576986869333333
2424,6.733063999999975,-24.89092890666667,17.930966696666665,-33.0813497,-2.987235069,-0.42942350999999995,11.031643232,-7.460177184333333,-6.991001129,-5.841912190333333
2425,6.73584166666664,-24.934648513333332,17.92074330666667,-33.1130778,-2.7929484446666666,0.23158690833333337,9.931281091,-4.456633766333334,-0.06353180600000015,-4.304002543
2426,6.738619333333304,-24.988654456666666,17.85020256,-33.12058256666666,-4.003588040666667,0.771595956,10.132655618666666,-6.681730945000001,-7.880349000333332,-4.669339776
2427,6.741397000000006,-25.051165896666664,17.802790326666667,-33.12849936666667,-2.171604633333333,-0.4481377203333334,10.020205814666667,-7.574936708,-5.237646102666667,-3.7507526079999995
2428,6.7441746666666695,-25.10196495,17.778773626666666,-33.14834596666667,-4.341863870666667,0.42730670200000004,9.782409667,-5.858756701,-2.2208182413333337,-3.5944627123333333
2429,6.746952333333335,-25.16623179,17.678340913333333,-33.1346817,-2.9653969606666664,0.1753536066666667,11.786833446666668,-8.616830508666666,-12.018811226666665,-4.228620648333334
2430,6.74973,-25.219841003333332,17.66710663,-33.1499685,-2.9553405446666665,-0.10605323333333333,9.23332866,-6.350404898666667,-1.0626406916666666,-2.4835303226666667
2431,6.752507666666664,-25.277893066666667,17.57423909666667,-33.149589533333334,-3.7768104866666667,0.347060986,10.228238265,-7.343205928666667,-10.588453928666667,-5.186729773666666
2432,6.755285333333329,-25.331649780000003,17.50274531,-33.12872316666667,-2.357000589666667,0.0064132959999999945,11.979259810333332,-7.750514030333332,-9.335420291,-1.8497360896666668
2433,6.758062999999993,-25.403638203333333,17.456610996666665,-33.156397500000004,-3.981063922333334,-0.03290498466666666,8.418681939666667,-7.990301769000001,-4.131653229666667,-5.721597115333334
2434,6.760840666666657,-25.430173236666665,17.342330933333333,-33.1061961,-2.6789801516666665,-0.16777609766666668,11.846819559333333,-5.506220340666666,-15.409395853333335,-1.0284033019999999
2435,6.763618333333322,-25.503953933333335,17.28676351,-33.12928266666666,-2.7879951796666664,0.5017741733333333,11.233845710666666,-8.454188346,-5.369278113,-5.724743525333333
2436,6.766395999999986,-25.558130263333336,17.19885508333333,-33.0986023,-4.1852264403333335,-0.4372160136666667,8.602638562333333,-8.070491790666667,-11.602746008333332,-1.7033084333333333
2437,6.76917366666665,-25.59452883333333,17.103428523333335,-33.08222453333334,-2.4272343613333334,0.349167729,11.101299601333332,-5.322459697666667,-11.649355253333333,-3.722064644
2438,6.771951333333315,-25.669546763333333,17.051462806666667,-33.0746358,-3.1698375936666667,-0.431080798,9.119437057,-9.803819339999999,-6.5497784616666666,-2.2548725506666663
2439,6.7747289999999785,-25.704214733333334,16.95102056,-33.053146366666674,-4.3371974626666665,0.450672974,11.635999680333333,-5.335160494,-12.440712613333332,-3.4705629743333333
2440,6.7775066666666435,-25.765213013333334,16.89782524,-33.032023099999996,-2.598860502333333,0.16957703233333335,10.857442855,-8.575164317333334,-7.359341780333334,-0.9284007750000001
2441,6.7802843333333085,-25.82128016333333,16.841111503333334,-33.03313193333333,-3.4375268616666665,-0.4999332623333334,6.83608977,-7.178198019666667,-6.563584406333334,-3.556404590666667
2442,6.7830619999999735,-25.847166063333333,16.784287136666666,-33.013033533333335,-3.7971165180000006,0.4451903403333333,11.988974887666666,-4.306739489333334,-7.707866032666668,-1.2369071543333334
2443,6.785839666666637,-25.93234125666667,16.750455853333335,-33.01413983333334,-3.525346915,-0.3090437453333334,11.02372424,-10.616593359333335,-4.115503827666667,-2.3435362860000004
2444,6.788617333333338,-25.969462073333336,16.741173426666666,-33.02192686666666,-2.875964085333333,-0.44568825733333334,7.898449739,-4.731372038666667,-1.1549371083333333,-1.6454072990000002
2445,6.791395000000004,-26.009031296666667,16.715045293333333,-33.01938376666667,-3.9896626473333328,0.8750739843333332,10.663093726333333,-5.288020452,-3.4585198563333335,-1.5840654123333333
2446,6.794172666666668,-26.094031013333336,16.721043266666666,-33.032643633333336,-3.273068269,-1.1182325483333333,10.596519311,-10.266847611333333,0.7642136616666669,-1.3931497733333333
2447,6.796950333333334,-26.141571683333336,16.7572937,-33.04979196666667,-3.2760465543333335,0.310940862,9.309008280666667,-5.601539373333334,4.281800190666668,-0.3479096293333333
2448,6.799727999999997,-26.20047060666667,16.75116539,-33.059232099999996,-3.370823383333333,0.12200817466666669,9.443833352,-7.234369119,-0.7486658693333333,-1.6271444806666668
2449,6.8025056666666615,-26.265727993333332,16.800771076666667,-33.072876,-3.7083565393333338,-0.5132467546666667,11.414208732,-7.789686203333332,5.518330812666666,0.7580575743333334
2450,6.805283333333326,-26.329537706666667,16.848994570000002,-33.09646099999999,-3.1180937290000004,0.4246674713333333,8.459578515333334,-7.3657914799999995,5.828873157666667,-0.19897556333333322
2451,6.808060999999991,-26.384590783333334,16.859784446666666,-33.09729260000001,-3.2114460470000004,-0.20457882933333335,9.655291875000001,-7.017810344666667,0.7038321593333333,-0.004700278333333419
2452,6.810838666666655,-26.442419053333335,16.924173356666667,-33.119171133333346,-2.7986715236666666,0.017199603333333324,11.179965654666667,-6.6691150666666665,7.519853113666667,0.7665360323333333
2453,6.813616333333321,-26.506550473333334,16.945415496666666,-33.12438456666667,-4.4085888859999995,-0.24157228566666666,8.414785542999999,-7.992961247666667,2.0399476489999997,0.12769559266666675
2454,6.816393999999984,-26.547184626666667,16.965262096666667,-33.125597633333335,-1.42503947,-0.05650600666666664,11.298407237,-5.326911608333333,1.6318572759999999,0.6036890346666667
2455,6.819171666666648,-26.604605356666667,17.00786209,-33.14004263333334,-4.845736821666667,0.04741769533333332,8.144668896666667,-6.817873001333333,4.797657489666666,0.33267335099999995
2456,6.821949333333312,-26.64733314333333,16.99495252,-33.13004303333333,-2.5908707383333334,-0.1889030733333333,11.692010244333334,-5.987792491666667,-2.4549364646666665,-0.015206336999999959
2457,6.824726999999977,-26.698976520000002,17.02148628333333,-33.1303126,-2.8594476380000002,-0.0944417316666667,10.371589025999999,-6.6754929223333335,2.3322146733333335,0.9602221646666668
2458,6.827504666666641,-26.753240583333334,17.022770563333335,-33.14250946666667,-4.036627848999999,-0.03779485833333333,8.251780669,-6.566350618666667,0.2539481323333333,-1.6195540826666666
2459,6.830282333333307,-26.781273523333336,17.00347646,-33.11317443333333,-2.7665852306666667,-0.31519996100000003,13.70357577,-4.916997949,-4.091707547666666,1.4902234076666667
2460,6.83305999999997,-26.856936133333335,17.023125966666665,-33.13659666666667,-3.610604127333333,-0.2392683826666667,7.173139889999999,-8.741357644333334,2.743822575,-1.6670171916666667
2461,6.835837666666673,-26.877565383333334,17.000871019999998,-33.1108958,-3.116095861,-0.005967902666666654,11.637476286,-3.8474074603333333,-4.215919414999999,0.941156586
2462,6.838615333333337,-26.941878,16.99241384,-33.11909993333333,-3.8138999940000002,0.05155557466666668,9.947512148,-7.962693372666666,-1.0468922503333333,-1.6403571583333332
2463,6.841393000000001,-26.990516026666665,17.003195446666666,-33.110926299999996,-3.1886614563333335,-0.79879756,9.591307004999999,-6.566375573666666,0.24838552866666666,0.901317974
2464,6.844170666666667,-27.021986646666665,16.977944060000002,-33.105374633333334,-2.9488361876666667,1.2812359036666667,11.352427163333333,-4.530355970333334,-3.554709593333333,-1.1593174136666666
2465,6.84694833333333,-27.079573316666668,16.980820336666667,-33.10161083333334,-3.7701405683333333,-1.220383684,7.871971130333333,-7.540037632,-0.36307752099999996,0.01588082299999997
2466,6.849725999999994,-27.090153376666667,16.980446500000003,-33.100507099999994,-3.270999988,0.599314809,11.974024453333334,-1.8027126886666667,-0.6829950213333333,-0.24232350299999994
2467,6.852503666666659,-27.138552346666668,16.967367806666665,-33.090799999999994,-3.607252598,-0.034977256999999984,9.678147635333332,-6.606547673333334,-2.384288192,-0.24292552499999998
2468,6.855281333333323,-27.151025773333334,16.99104309,-33.09957630000001,-3.113488674333334,-0.5381867690000001,8.039955298333334,-1.7560179963333333,2.4200414816666664,0.03268375800000001
2469,6.8580589999999875,-27.15773455333333,16.982730866666667,-33.09354653333334,-3.747546116666667,0.8637737533333333,11.400611397666665,-1.4598022103333335,-1.6901765266666668,-0.35284887733333337
2470,6.860836666666653,-27.189206440000003,16.99256261333333,-33.098426833333335,-2.958956797666667,-0.5005921619999999,10.658375101666666,-4.192114949333333,0.7420060236666665,-0.327486505
2471,6.863614333333317,-27.178565980000002,17.034385046666667,-33.117836,-4.139746268666667,0.10353163866666666,8.25894626,1.4287705023333332,4.999070485333333,-0.20819248266666665
2472,6.866391999999981,-27.17038409,17.02020518333333,-33.11225126666666,-3.07059892,0.0063026696666666675,10.547371069333332,0.28721665366666665,-2.3891721963333334,-0.5501724263333333
2473,6.869169666666646,-27.176116309999998,17.077549616666666,-33.13863369999999,-2.844774166666667,-0.23087527333333335,10.615655263999999,-0.23426349933333332,7.0164739293333325,-0.06324586733333334
2474,6.87194733333331,-27.167043053333334,17.09176445,-33.151028966666665,-4.861775239333333,0.18010001699999997,8.744183700333332,0.9568497043333334,1.5937988706666666,-0.8386015393333333
2475,6.874724999999974,-27.135524113333332,17.126603446666667,-33.15911356666667,-1.7998511793333334,-0.23605642233333335,10.006343207,3.597989003,3.6507754720000007,0.5788261743333334
2476,6.87750266666664,-27.126321156666666,17.192942300000002,-33.192464199999996,-4.805074692000001,-0.400074502,8.907067774333333,1.716734489,8.254358768666668,-0.12282886100000001
2477,6.880280333333303,-27.099879583333337,17.198141096666667,-33.19458770000001,-2.5688523053333334,-0.22928018399999997,12.311061064333332,2.7865470249999995,0.17861628533333343,-0.4513399103333333
2478,6.8830580000000054,-27.074370703333333,17.29326884,-33.22745513333333,-3.9747929573333334,0.11293950666666668,7.454873563,3.6897227763333333,11.364875474,1.372556165
2479,6.88583566666667,-27.035673143333337,17.31837145333333,-33.241160099999995,-2.607204556333333,-0.4023128113333334,9.120988049333333,4.699896494666667,2.895655617333333,-0.5203020376666667
2480,6.888613333333335,-27.003263476666664,17.378277459999996,-33.2595088,-3.382558425333333,-0.3917463646666666,12.30507787,3.92310222,6.7877596046666655,1.011903286
2481,6.891391,-26.983382543333335,17.437213896666666,-33.28903450000001,-3.6806798776666665,-0.576207412,8.380653381,3.0289943220000004,7.348587511333332,-0.306824446
2482,6.894168666666663,-26.92109553,17.477642059999997,-33.29801433333333,-2.567183256,0.5931781033333333,10.535470008666666,7.2355945923333325,4.274178981666667,0.7988525183333333
2483,6.896946333333328,-26.897416433333333,17.531037013333332,-33.32704669999999,-3.9711469806666666,-0.922930479,8.770615100333332,3.380293687,6.750939727,-0.6059559979999999
2484,6.899723999999992,-26.853506086666666,17.552900313333335,-33.34611003333334,-2.7126208940000005,-0.6964314083333334,11.445125577333334,5.447204589666666,2.7397542,-1.1025734120000001
2485,6.902501666666656,-26.82401657,17.599973043333332,-33.36967466666666,-4.057747443666667,0.38145475599999995,8.791035492666667,3.9612028993333332,5.780420065,-0.38320178800000004
2486,6.905279333333319,-26.776163736666664,17.61043675666667,-33.38523610000001,-2.3438613413333336,-0.9556019903333333,11.128070832,5.736052035999999,1.3442351023333332,-1.3787076076666667
2487,6.908056999999986,-26.74572881,17.635344823333337,-33.40579223333334,-4.114798704666667,-0.12177162766666667,9.142443179666666,3.9333686629999995,3.247522135666667,-1.2843190876666666
2488,6.910834666666649,-26.722462336666666,17.640861509999997,-33.42139436666667,-3.0303536453333333,-0.996892164,10.604775430000002,2.798244357,0.8121891023333335,-1.6405021933333332
2489,6.913612333333314,-26.68470764,17.64511489666667,-33.43472036666667,-3.3501266636666664,-0.012592387333333325,9.448081015333333,4.486085712666667,0.6603179176666666,-1.6674397686666669
2490,6.916389999999978,-26.661656696666665,17.645355226666666,-33.43779500000001,-3.2198424140000004,-1.0281644863333332,10.578518073333333,2.3771972656666667,-0.3976310193333334,-0.625140945
2491,6.919167666666643,-26.63473447,17.626550676666668,-33.45051826666666,-3.263881604,-0.6415024893333333,11.585778233333334,3.2583994670000003,-1.84122811,-2.8570074240000003
2492,6.921945333333306,-26.620292663333334,17.626566569999998,-33.44769793333333,-3.876307567,-0.9677682119999999,8.373372078000001,1.0644549926666667,-0.7111107706666667,-0.06138877566666664
2493,6.924722999999972,-26.573415756666666,17.60719236,-33.44185639999999,-2.458217213333333,-0.31306457266666665,10.216677347333333,4.992718379,-2.866403684,-0.9770252806666667
2494,6.927500666666636,-26.552085876666666,17.601976396666668,-33.433059699999994,-3.5893952053333336,-0.764380723,9.85916694,1.6420517043333334,-1.5697812636666668,0.24457760666666659
2495,6.930278333333337,-26.514221193333338,17.59251467333333,-33.422269199999995,-2.831021507666667,-0.45005305600000006,11.884370486,3.651531299,-2.0413948693333333,0.0179343223333334
2496,6.933056000000003,-26.473663966666663,17.616179150000004,-33.40879313333334,-3.4293660323333337,-0.19086247699999995,7.617803732666668,3.8550535043333336,1.2922596136666666,2.276841124
2497,6.9358336666666665,-26.40498415333333,17.64850807,-33.392901099999996,-3.075982173,-0.7593568663333334,10.313522656333333,7.230028312666668,2.1948673709999995,2.7700687373333337
2498,6.9386113333333315,-26.356982549999998,17.695245106666665,-33.37716420000001,-3.663504203,0.053223391333333314,12.111137708000001,4.5724747976666675,3.680454491333333,3.6836518843333335
2499,6.9413889999999965,-26.284117379999998,17.813929876666666,-33.38000233333333,-5.062292893666666,0.049015184666666656,8.768772443333333,8.422323066666667,12.451984485666665,5.394173006
2500,6.9441666666666615,-26.17554982333333,17.94675827,-33.37474819999999,-4.749104659,0.7563483120000001,10.448736509,12.240101176666668,13.487635241,7.131118853666668
2501,6.946944333333324,-26.08536275,18.142286936666668,-33.3814214,-4.221657673666667,-0.5380871939999999,11.344608306333333,10.554228940666667,20.954493204,8.961302279333333
2502,6.94972199999999,-25.965319949999998,18.387168886666668,-33.40474956666667,-6.101771513666667,0.03452731666666664,9.816180389666668,14.760203363333332,27.02927875666667,10.063555877
2503,6.952499666666654,-25.788701376666666,18.672329583333333,-33.415651966666665,-4.726189772333333,0.41499643266666664,8.257051625666668,21.19312064,30.891299566666664,13.103209811666668
2504,6.955277333333318,-25.59838231333333,19.01945368666667,-33.44125113333333,-4.071694851,0.844124039,10.673497516666666,23.22491677333333,38.27622985666667,14.947406448999999
2505,6.958054999999983,-25.378683086666666,19.412400563333332,-33.46413676666666,-4.443739811333334,0.08566042766666664,8.691559313666666,26.88080597,43.27840106,17.168697356666666
2506,6.960832666666647,-25.093698503333332,19.845328013333333,-33.49168396666667,-4.086793502333333,1.2935749490000001,8.804507018666667,34.70582008333333,47.815313976666665,18.812395096666666
2507,6.96361033333331,-24.77329381333333,20.348154070000003,-33.5251363,-3.2872931163333328,0.636571457,8.270666599,39.40483602,55.90070088666667,21.140858333333334
2508,6.966387999999976,-24.405652363333335,20.894423166666666,-33.5620575,-3.1759928863333333,0.540025305,10.516587256666666,44.853806813333335,60.52052307,23.701764423333334
2509,6.96916566666664,-23.996693293333337,21.486225129999998,-33.60783639999999,-3.8749937216666672,0.615163465,5.7364838119999995,50.76103337666666,66.41958236666666,23.557156246666665
2510,6.9719433333333045,-23.51429494333333,22.095040639999997,-33.642873133333325,-4.051495234333333,0.8984441360000001,8.846108277,58.44981765666666,67.63203939,26.16609192
2511,6.974721000000007,-23.000940323333335,22.76992289,-33.68151853333334,-4.264491081333333,1.0564994813333335,4.287889162333333,63.083030699999995,75.61883290666667,27.17501640333333
2512,6.97749866666667,-22.43383280666667,23.434104286666667,-33.71697236666667,-2.8880976436666668,1.1572532853333333,14.77050972,68.70645014333333,74.28298441666668,27.430042266666664
2513,6.980276333333336,-21.80590884,24.09373347,-33.69822693333334,-3.2787339686666663,0.4606166133333333,6.782449960666668,73.99957783999999,72.11259460333333,31.036681493333333
2514,6.983054,-21.13405609,24.80730056666667,-33.73860673333334,-4.939184348,1.7488996983333334,8.700815202,81.66335550999999,80.61215973,27.539502463333335
2515,6.985831666666665,-20.376066843333334,25.458876289999996,-33.67316436666667,-1.4951366186666668,0.4197508803333334,9.312746524333333,87.21667734333334,70.14707947000001,33.79707209333333
2516,6.988609333333329,-19.59121132,26.093578336666667,-33.62487283333334,-2.4178787666666666,0.8631656469999999,9.609070935333333,90.55065154333334,69.19521204333334,31.564898806666662
2517,6.991386999999993,-18.68703873666667,26.717477799999998,-33.508186333333335,-1.884177983,1.5206467113333335,9.170512515666667,101.85214234666667,66.18817265666667,35.893389383333336
2518,6.994164666666657,-17.728913943333332,27.318432490000003,-33.390902200000006,-2.959564695333333,0.976200064,7.852811893666668,107.9086151,64.19469070666666,34.42675717666666
2519,6.9969423333333225,-16.715305963333336,27.898674646666667,-33.203272500000004,-0.6776347956666667,0.7356717239999999,10.659337204333333,110.72368875333332,60.22326914666667,39.19796244333333
2520,6.999719999999987,-15.612739563333333,28.397466026666667,-32.997838300000005,-2.378354609,1.840602398,6.984819730333332,120.111351,51.039221446666666,37.67553711
2521,7.0024976666666525,-14.433480263333335,28.883459093333332,-32.7459005,-1.5253479083333332,0.448875206,8.968372345333334,126.61693826666668,48.99780655,40.41480255
2522,7.005275333333316,-13.215427715333334,29.315892536666667,-32.483538333333335,-3.220067342,0.4672984283333334,11.890752159333331,130.25349936666666,43.3436203,39.537016550000004
2523,7.00805299999998,-11.912933347333334,29.67696635,-32.16834256666667,-1.826890190333333,0.8560163176666666,8.835524559333333,137.1700643,34.64118449,41.746007283333334
2524,7.010830666666643,-10.564449469333333,29.98414929666667,-31.841682433333332,-1.9540659189999998,-0.273570103,10.688385008,141.75951636666667,28.921690461999997,40.969142913333336
2525,7.013608333333309,-9.159617899666666,30.233786263333332,-31.488973000000005,-2.138912675333333,-0.23544216133333332,6.263193607333334,146.7942454,22.701317149999998,41.31829834
2526,7.016385999999973,-7.750399668333333,30.43367449333333,-31.124773700000002,-1.8742340009999998,0.6538083553333333,11.950829186666667,146.572169,17.548306305666667,41.22136942666667
2527,7.019163666666639,-6.309228897,30.536994933333336,-30.747726433333327,-2.1079131163333336,-1.223587831,9.565783818666667,149.5077921666667,6.986487866333333,40.6438001
2528,7.0219413333333405,-4.835748513666666,30.626859030000002,-30.360435499999998,-2.4990740616666667,-0.5767662526666667,13.266168593333333,152.62141416666665,6.1554323816666665,41.07241185666666
2529,7.024719000000004,-3.3804537850000003,30.61354446333333,-29.982714333333337,-1.9955488043333336,-1.308078746,8.844296140666668,151.07033793333332,-4.960768774,39.282279966666664
2530,7.027496666666669,-1.9212812183333332,30.5519371,-29.591227200000006,-2.14121449,-2.167208493,11.630238849999998,150.64668783333335,-9.920590877333332,40.22357431999999
2531,7.030274333333334,-0.479535818,30.45090039666667,-29.211901366666666,-2.449564549,-0.7343942223333334,14.715772629999998,149.34630333333334,-13.517757414333333,38.899458566666674
2532,7.033051999999999,0.935043335,30.291642506666665,-28.834403999999996,-1.4593152303333332,-1.7527425683333335,10.936809697000001,146.3231964,-19.686653453666665,39.17441431666666
2533,7.035829666666662,2.314472814333333,30.060772580000002,-28.488573733333336,-1.8767737386666667,-1.8871595463333335,12.47152869,144.15455626666667,-27.337328913333334,36.78843307333333
2534,7.038607333333327,3.6659875710000005,29.831484476666663,-28.138033566666664,-4.370799541666667,-2.3139501809999996,10.139883359333334,140.58367919999998,-26.290733336666666,37.61475245333333
2535,7.041384999999991,4.955932815666666,29.597473776666664,-27.829368566666663,-3.337038676,-2.4449106456666665,13.874921797333334,135.88357800000003,-26.31582896333333,34.12472343333334
2536,7.044162666666655,6.201672633666667,29.249973933333337,-27.530553200000003,-2.189958274,-2.279848695,10.689699013333334,131.21622973333334,-39.23460261,35.03188896
2537,7.04694033333332,7.4022668193333345,28.90993754333333,-27.275736499999997,-3.3086646596666665,-2.3992646533333333,12.550312679333333,128.5678355,-38.13082504333334,31.031518936666668
2538,7.049717999999985,8.545777004,28.570751826666665,-27.027913399999992,-4.533461173333333,-2.368874073,14.909402686666665,122.34252423333332,-37.40295792,31.106077193333334
2539,7.052495666666648,9.602007547333335,28.21912193333333,-26.816968266666663,-2.089202364333333,-3.0551155409999997,8.785952329666667,114.10221861999999,-38.917014439999996,28.474545163333335
2540,7.0552733333333135,10.618583043,27.828190486666667,-26.636660266666663,-3.2601721683333333,-2.9925367833333336,13.637655573333333,111.20617930666667,-43.488243106666665,26.488342923333335
2541,7.058050999999978,11.571859358333333,27.423094430000003,-26.47542826666667,-3.7417998316666665,-2.855689883,11.940866472333333,104.84360504666667,-45.16571808,25.828243893333333
2542,7.0608286666666435,12.46574402,27.065849940000003,-26.331568399999995,-3.604334831333334,-3.090096553,10.025577863,98.80422209,-39.32759793666667,23.41287613
2543,7.063606333333307,13.316153843333334,26.67195956,-26.2036082,-3.318882704,-3.2015535036666662,12.143804551333332,94.50734963666666,-43.710889183333336,23.528430303333334
2544,7.066383999999972,14.120436353333332,26.280263900000005,-26.099543266666668,-3.7258590063333337,-2.4800864456666667,8.891477744666666,90.44076538666667,-43.59138615999999,21.493154526666668
2545,7.069161666666673,14.863882383333333,25.93046188,-25.99727883333333,-3.352237632,-2.5081430673333336,16.329069139999998,83.29571787666667,-38.56936137,20.711223606666668
2546,7.071939333333337,15.516753516666668,25.561994553333335,-25.9249039,-4.645752827,-3.549053192,9.588902473666666,74.05356470666668,-41.16759999333334,18.731178919999998
2547,7.074717000000003,16.169182460000002,25.247203190000004,-25.82973986666667,-3.268562396666667,-2.7139947810000002,13.218087513999999,72.90130742666666,-34.18887074666667,19.679203033333334
2548,7.0774946666666665,16.726037343333335,24.907174426666668,-25.777465833333338,-5.134707451,-2.3769152166666667,13.48593473466667,63.670436859999995,-38.09406662,16.569770809999998
2549,7.080272333333332,17.24983533,24.63207880666667,-25.6914393,-3.5625062386666664,-3.7324378489999996,10.074932098,58.00647990000001,-29.4487257,18.041700996666666
2550,7.083049999999994,17.71961974666667,24.34073003,-25.65693156666667,-3.744992355666667,-2.3262506723333334,13.747182526666668,54.236317953333334,-32.80685615666667,13.697393736666667
2551,7.08582766666666,18.144812903333335,24.112583796666666,-25.59143826666667,-4.485977332,-3.542535622666666,6.468801101,47.30085881666667,-24.468651136666665,14.77115059
2552,7.088605333333324,18.507104873333333,23.89664077666667,-25.5336685,-4.086615085333333,-2.693384409,15.67518743,40.22278976333333,-23.14863205,13.728211403333333
2553,7.09138299999999,18.83076413666667,23.68304634,-25.491925533333333,-3.5364555519999996,-2.594348947,5.997526566333334,36.359279,-23.417710306666663,12.118845619666667
2554,7.094160666666653,19.109701153333333,23.54051272,-25.431813566666662,-4.906701962333333,-2.4047266246666665,14.242835046666668,30.097609836666663,-14.583535670999998,11.402972856666667
2555,7.096938333333317,19.34208488666667,23.39762242666667,-25.372619633333333,-3.4372190633333335,-2.483306606333333,12.200333596666667,24.67651399,-14.591981410999999,11.416136743000001
2556,7.099715999999982,19.52388827,23.294106803333335,-25.31722766666667,-5.029781341333333,-2.4524294933333333,10.085130056999999,18.713774363,-10.250525236333333,9.507497788333334
2557,7.102493666666646,19.70953941,23.21060943666667,-25.235008266666664,-3.712919632666667,-2.396350821,8.055092813,17.972344718666665,-6.961360058,11.530166944333333
2558,7.1052713333333095,19.824881236666666,23.15101178333333,-25.176170366666668,-3.486159324666667,-2.2974264223333334,10.189374127333332,10.622768561333332,-5.0861427783333335,8.180534680666666
2559,7.108048999999975,19.91418012,23.082085293333332,-25.093788133333337,-3.4118391673333335,-1.629625956,14.110720950000001,6.415387948999999,-5.251121918666667,11.019926386666667
2560,7.1108266666666395,19.99027952,23.06009801,-25.010319999999993,-3.3377176123333334,-2.1195447643333334,7.956494489333333,4.7200733826666665,0.172597011,9.381287891666666
2561,7.113604333333304,20.055379866666666,23.007461546666665,-24.939470900000007,-2.6649050709999997,-1.373703281,9.183897813333333,4.043779612000001,-3.822429498,9.182887872
2562,7.116382000000006,20.087697983333335,23.0107371,-24.8430735,-3.5879170100000004,-1.9682510296666667,9.946271896666667,-1.1027313073333334,3.508284012666666,9.627021790999999
2563,7.119159666666669,20.09614754,22.98806445,-24.763359066666663,-3.7738951443333337,-1.9564288456666665,11.847660065,-3.121295452333333,-0.09708641966666676,8.894112905666667
2564,7.121937333333335,20.10738754333333,22.962520596666668,-24.685117099999996,-2.6983833313333334,-1.0860095816666666,6.822602430000001,-2.7901122570000005,-0.4198644556666668,8.918685437
2565,7.124714999999999,20.107364656666668,22.97037124666667,-24.607599899999993,-4.104234774666667,-1.2705813896666667,8.164501031999999,-4.066362857666666,3.2574519836666673,7.375478744666666
2566,7.127492666666664,20.079018906666665,22.932949066666666,-24.5296682,-2.9447463453333333,-1.5499463476666666,13.453355628666666,-7.491524615333334,-1.775642991,9.381868043333334
2567,7.130270333333328,20.047665913333333,22.95267868,-24.458508800000004,-3.665243625666667,-1.1175185243333334,6.770596979666667,-7.522568543666666,4.352375825333334,6.2395900090000005
2568,7.1330479999999925,20.05079523666667,22.90774091333333,-24.396125800000004,-3.2150863113333337,-1.1776022910000001,10.580174923,-3.017762621333334,-3.2077991170000004,8.095888295333333
2569,7.1358256666666575,20.02758916666667,22.913861593333333,-24.334205633333337,-2.8589523236666667,-0.8475752670000002,10.310862221333332,-6.067970355333333,2.4651354949999997,5.873272101
2570,7.138603333333322,20.00041643666667,22.878344216666665,-24.27959946666667,-3.109149793666667,-1.6122088433333335,11.438524563333333,-6.28901275,-2.448175575666667,6.881184577666666
2571,7.1413809999999875,19.988807039999998,22.825918833333333,-24.24700166666666,-2.616326548,-0.2046333353333333,9.693351746333333,-3.3249924183333337,-5.250568072,5.2175982
2572,7.144158666666651,19.978151956666668,22.81660525,-24.190694166666663,-3.55662632,-1.3986697693333332,8.308399518333333,-4.363914728,0.5722046696666666,6.0056039493333335
2573,7.146936333333315,19.95540746,22.718514126666662,-24.178151433333337,-2.2369134576666667,-0.6365514099999999,12.610099791666668,-3.730765263,-11.162522634,4.993047237333333
2574,7.149713999999978,19.9452432,22.68099403333333,-24.142743433333333,-3.905646880666667,-0.5829748659999999,8.735045432666666,-3.321825107,-3.3968321483333335,4.996855179333333
2575,7.152491666666644,19.949003856666668,22.597475686666666,-24.124443066666668,-2.636206865333333,-0.880236884,8.495917797,-0.8098667860000001,-9.301716804,4.995907863
2576,7.155269333333308,19.945974346666667,22.515670139999997,-24.11898806666667,-3.420897643,-0.4127401893333333,9.287290096,-1.0981506506666667,-9.499406816333334,3.7655703226666666
2577,7.158046999999974,19.948366166666663,22.45349757,-24.092221566666677,-3.2583535509999995,-0.514137566,12.204662958,-1.3625367879999999,-6.571213563333333,5.0077073573333335
2578,7.160824666666637,19.94451332,22.35306167666667,-24.098317466666668,-3.4754997089999997,-0.8431310453333333,9.540788013666667,-0.6633276143333333,-12.024919826666666,3.3727931179999993
2579,7.163602333333338,19.96293958,22.283240000000003,-24.08727010000001,-2.540087421666667,-0.8971658946666666,8.867174465666666,1.2782785496666669,-8.027920245666666,3.679164946
2580,7.166380000000004,19.976088206666663,22.184954326666666,-24.097755433333337,-4.094777028,-0.537531197,12.400680062333334,1.5844327606666668,-11.9546175,2.827653726
2581,7.169157666666668,19.966709140000003,22.090079626666665,-24.097318033333337,-2.572079062666667,-1.1765865979999999,9.393141589,-1.548098872,-11.250500519666668,3.6189893086666665
2582,7.171935333333334,19.997734070000003,22.002296446666666,-24.12279256666666,-2.8689665796666666,-0.6652602356666666,9.335467337333334,4.379560947333334,-11.335744538999998,0.8364669880000001
2583,7.174712999999997,20.022256853333335,21.873457589999997,-24.134045933333336,-3.8152164616666666,-0.6133908033333333,11.121746539666667,3.02935795,-15.521010079999998,3.787659248
2584,7.177490666666661,20.01999791333333,21.79658127,-24.155738833333327,-2.799291412,-1.0603634916666664,8.621157965,0.254366522,-9.967331887333334,0.7941949066666666
2585,7.180268333333326,20.05997467,21.650215146666667,-24.18993376666667,-2.9564068716666667,-0.769505342,10.490186054,5.873802661666666,-18.36939049,2.098361214
2586,7.18304599999999,20.08189265,21.560213726666664,-24.208305366666664,-3.2862086299999995,-0.5361512996666667,8.914912541333333,2.994496425,-11.311708133333333,1.7080552926666668
2587,7.185823666666654,20.10225741,21.43512853,-24.240379333333337,-3.909407854,-0.978644073,9.476943969666666,3.448773622666667,-15.8874712,1.466525798
2588,7.18860133333332,20.14232063333333,21.310875573333334,-24.26850379999999,-2.191606203666667,-0.56495587,11.399436316333334,5.595089991666666,-15.564472833333332,2.0523200433333333
2589,7.1913789999999835,20.16299565666667,21.23211415333333,-24.284515366666678,-4.714263836333333,-0.35733483233333335,8.739063103666666,2.782619754666667,-10.050109384999999,1.247028907
2590,7.194156666666648,20.20509274666667,21.10323079333333,-24.30918373333333,-3.5398778916666664,-1.242063284,9.939905962333333,5.687394301,-15.944031716666666,2.6388900873333334
2591,7.196934333333313,20.2277476,21.018374123333334,-24.328954066666665,-2.4785446126666666,0.07702499966666666,11.602337519333332,3.1741805623333335,-10.880331676000003,1.122552514
2592,7.199711999999977,20.248753863333334,20.957368216666666,-24.327318833333337,-5.1502205530000005,-1.4235402346666668,9.169869106666667,2.027759562,-7.298323949,2.5425545376666667
2593,7.202489666666641,20.280284883333334,20.84209823666667,-24.361648566666673,-2.996992946,-0.40175623433333335,10.824270566666664,4.8832188610000005,-14.873900413333333,0.8778340816666667
2594,7.205267333333307,20.29891332,20.799449919999997,-24.34896086666667,-3.0443924170000005,-0.5943261163333333,10.904819170333333,1.2392379096666668,-4.764341672333333,3.0460407536666665
2595,7.20804499999997,20.303929646666667,20.738460543333332,-24.37188973333333,-4.216066837333334,-1.0074237783333333,10.156888326,1.1934015303333332,-8.324780463000002,-0.18362422766666664
2596,7.210822666666672,20.32209778,20.64211782,-24.37698113333333,-3.1687914926666667,-1.0292630293333334,11.698067665666665,1.965448638,-11.515118919999999,3.3567245006666666
2597,7.2136003333333365,20.32591438333333,20.623442333333333,-24.377873766666657,-2.7942299046666665,-0.3133351606666666,10.070249238666667,0.127251526,-2.7074414890000003,0.382574161
2598,7.2163780000000015,20.329808553333333,20.545204800000004,-24.3873469,-3.7805183726666662,-1.073258579,8.945348739333333,0.4180370176666666,-9.640464147000001,2.1474376520000003
2599,7.2191556666666665,20.33445040333333,20.466810229999997,-24.401468933333334,-3.360637545666666,-0.050833928333333334,11.492263476666666,0.7879963913333334,-9.947595597666666,1.4742957353333335
2600,7.22193333333333,20.338158923333335,20.442032496666666,-24.38577526666667,-2.8137371143333336,-0.7917890646666667,8.696029504333334,-0.6241465013333334,-2.653515299,2.547092477666667
2601,7.224710999999995,20.34230168666667,20.359959283333332,-24.404220566666663,-4.3236955403333335,-0.5943739463333333,9.193183263,0.8784442943333333,-10.532267091666666,1.1557741563333332
2602,7.227488666666659,20.346208573333335,20.293153763333333,-24.4034322,-3.048957784666667,-0.19794257499999998,11.495979627333334,0.006155868333333296,-7.944682280333333,2.786440392
2603,7.230266333333323,20.342761356666667,20.27847798666667,-24.383366933333335,-3.6650937396666663,-0.6456571493333333,8.704623697666667,-1.6164673963333334,-1.4443484146666667,2.4185814460000006
2604,7.233043999999988,20.3440876,20.202300386666668,-24.40456390000001,-3.710825284333333,-0.8077542580000001,9.345715841999999,0.6045170876666668,-9.882237115333334,0.7781774206666668
2605,7.235821666666653,20.346806843333336,20.15306854,-24.389846800000004,-3.572857856666667,-0.18299436033333336,12.307772636666668,-0.653713584,-5.539172490333333,3.305888712333333
2606,7.238599333333316,20.33678309,20.161366776666668,-24.3769684,-3.4814776980000004,-1.074063763,9.548644381999999,-2.117144803,0.9514067966666665,0.8737485803333332
2607,7.241376999999981,20.34326426333333,20.08673795,-24.388743066666663,-3.4532817203333335,-0.5988443296666666,9.217596532,0.8629994246666669,-9.431290945,1.5528206823333335
2608,7.244154666666645,20.34786733,20.06341679666667,-24.379778533333337,-3.165639639,-0.22158847333333334,10.901887256999998,-0.17914160099999998,-2.7758918206666667,1.7331960573333334
2609,7.2469323333333096,20.343673706666667,20.070013043333333,-24.360865299999997,-3.5509166716666662,-1.1449298956666667,8.988379954666668,-1.6451595623333333,0.905326605,1.4256371263333334
2610,7.249709999999975,20.354229606666667,20.008764266666667,-24.380307533333333,-3.551857392,-0.09295674166666668,9.362705547666666,1.6464703280000001,-8.125689665333333,0.380371491
2611,7.25248766666664,20.374165853333334,19.990618386666664,-24.360493999999992,-2.8190895316666666,-0.4840854706666667,10.972129822666666,1.216488113,-1.846179862666667,2.551083763333333
2612,7.255265333333303,20.376255673333333,19.99475161333333,-24.358080533333336,-3.961554686333334,-0.76480938,5.945864359333332,-0.23392201466666665,0.07551078999999998,-0.05702133966666656
2613,7.258043000000005,20.4154822,19.93235715333333,-24.35961406666667,-2.9527386826666664,-0.5355021729999999,10.836217241999998,4.365455945333333,-7.656095186999999,2.1265879473333333
2614,7.26082066666667,20.422454196666667,19.924037933333334,-24.364562966666664,-2.781913081666667,0.3443610916666666,10.320033392,0.6845403713333335,-1.6393964776666665,-0.36306035500000006
2615,7.263598333333334,20.44086138333333,19.9108785,-24.34375256666667,-4.523382743,-1.982750853,7.854451497333333,0.9577591520000001,-1.234597539,2.428558111
2616,7.266376,20.46903038,19.84993426,-24.372787466666665,-1.8383686490000002,0.7166951746666667,11.006950696666669,4.168695767666667,-8.473667623333332,-0.609200463
2617,7.269153666666663,20.467163720000002,19.83985773666667,-24.354797333333334,-4.050357501,-0.994363641,9.365505218666666,-1.3668907283333336,-0.9943231346666668,2.0030032099999997
2618,7.2719313333333275,20.478524526666664,19.80143483666667,-24.363614400000003,-3.495226144666667,-0.8148792013333334,10.337006250333333,1.3720349470000002,-5.1632409096666665,0.5538992483333334
2619,7.274708999999992,20.49090576,19.728216806666666,-24.378723133333335,-2.1297555763333333,0.32378756033333334,11.044204394666666,1.6964310406666667,-9.400591850333333,1.1609439650000002
2620,7.277486666666657,20.47157097,19.715406419999997,-24.36930083333334,-4.214045604,-0.9475068946666667,10.505672139,-3.071535205,-1.5706306696666668,1.3716508146666666
2621,7.28026433333332,20.484349566666666,19.645256043333333,-24.3833898,-3.0658164026666666,-0.8713523843333334,9.186207613999999,1.7365685106666666,-9.018798828666666,1.1488070586666668
2622,7.283041999999987,20.472061789999998,19.584732693333333,-24.38971456666667,-2.6245058379999997,0.771624744,12.44198386,-1.607549419,-7.542154471,1.7427372136666666
2623,7.28581966666665,20.451509473333335,19.560413360000002,-24.386995933333328,-3.989542960666667,-1.676390012,7.831121763333333,-2.9610271056666666,-3.2012712953333335,0.9939262666666667
2624,7.288597333333315,20.47168668,19.484708783333335,-24.40473429999999,-3.3199294406666664,0.5528414723333334,12.072829883333332,2.784605145333334,-9.717871823333333,1.1389926573333333
2625,7.291374999999977,20.454458873333333,19.44790141,-24.397336333333328,-2.8141847053333335,0.0007510779999999976,9.325139364333333,-2.7414146663333336,-4.4156552950000005,2.026969671333333
2626,7.294152666666643,20.449136096666667,19.41768074333333,-24.4064611,-3.7355191706666666,-1.3539955616666666,8.672549565,-0.6159497696666667,-4.287182728333334,0.07685971266666665
2627,7.296930333333306,20.47099876333333,19.35793686,-24.410105399999996,-3.8371311029999995,0.7599012253333334,11.791748999666666,2.3892916243333335,-7.431663196666666,1.8155840846666667
2628,7.299707999999971,20.449047090000004,19.347609836666667,-24.404604566666674,-2.6547890503333336,-0.4404310036666666,9.237880547333335,-3.228742758333333,-1.4231484133333334,0.9369516373333333
2629,7.3024856666666365,20.463569006666667,19.318060556666666,-24.415580766666668,-3.7834222319999995,-0.8816583353333334,8.529493967333332,1.7835533133333332,-4.3288612366666674,-0.239796241
2630,7.305263333333337,20.489263533333332,19.277654650000002,-24.4059194,-3.5058094656666667,0.59314096,11.735745907999998,2.3268698056666666,-4.641675313666666,2.6298436323333334
2631,7.308041000000003,20.46496518333333,19.27459971,-24.409062699999996,-3.123003721,-0.23799938466666667,8.750895978,-3.160548766666667,-1.0416414543333332,-0.504271686
2632,7.310818666666666,20.505501433333333,19.242452623333335,-24.403361000000004,-3.5130744773333333,-0.658812513,8.127016385666666,4.237521251,-3.873854478333333,1.832438387
2633,7.313596333333332,20.5211099,19.213413876666667,-24.40383403333334,-3.3231252033333334,0.6969267923333334,12.354705971333333,1.5360387163333333,-3.861721595,0.8720367353333334
2634,7.316373999999996,20.515915553333333,19.20863088333333,-24.396878566666658,-3.7095722359999996,-0.8978613416666666,8.092782178666667,-1.254730443,-0.7739127476666666,0.757126898
2635,7.31915166666666,20.573102950000003,19.173334753333332,-24.391899100000007,-2.7585799693333333,0.42446025233333334,9.785705248333333,6.2883674303333335,-4.3451643786666665,1.709950924
2636,7.3219293333333235,20.579189933333335,19.145390826666667,-24.397923799999997,-4.187865813666666,-0.07698369033333334,10.219751199000001,0.5980071029999999,-3.879677216333333,0.4063699246666667
2637,7.324706999999989,20.599993389999998,19.13307444,-24.38864646666667,-2.9563836256666662,-1.1561581890000001,9.620173771333333,1.746007045,-1.5871006846666667,1.1970129313333333
2638,7.3274846666666535,20.638006209999997,19.08992894666667,-24.400731399999998,-3.5184315046666668,1.0881325303333333,10.761514663666667,4.7334299883333335,-5.890053430999999,0.261692206
2639,7.330262333333319,20.640700023333334,19.079683303333333,-24.405118333333338,-3.594542304666667,-0.9022108986666666,8.637768109333335,0.08843747733333333,-1.9007043289999999,-0.3578308719999999
2640,7.333039999999983,20.681333543333334,19.049595516666667,-24.406997700000005,-3.148349921,-0.633093963,10.391617775666665,4.669086456333333,-4.027556339999999,0.7681623699999999
2641,7.335817666666647,20.68529765,19.02273687,-24.429779066666658,-3.6995124816666665,1.3036401866666667,10.860183713,0.9816146293333334,-4.504408876333334,-1.592718899
2642,7.33859533333331,20.697010036666665,19.01299985,-24.43317413333334,-3.1499960026666667,-1.9051419496666666,7.951617081999999,1.2323050776666666,-1.806546291,-0.2879680396666666
2643,7.341372999999976,20.733425776666667,18.981861749999997,-24.45887756666666,-3.909821748666667,0.80069604,10.958970148666666,5.012369076,-5.108494838333333,-1.7154965100000001
2644,7.34415066666664,20.711712520000003,18.975861233333333,-24.47092690000001,-3.3916247286666668,-0.011935070333333317,10.663830123666667,-2.465084274666667,-1.7021471956666667,-1.2780095336666666
2645,7.346928333333305,20.73490333333333,18.97301419333333,-24.4856593,-3.1985108849999997,-1.1724077463333333,8.131248316666667,2.983593185666667,-1.4906502963333335,-1.7551898956666667
2646,7.349706000000007,20.749547323333335,18.952669146666665,-24.507321700000006,-4.24552234,1.124616722,11.219344931666667,2.2787446976666668,-3.7033572200000004,-1.699940006
2647,7.352483666666671,20.731506983333333,18.96127256,-24.517814600000005,-2.7694254716666666,-0.8825402059999999,9.408661366333334,-2.126963576,-0.03026747733333342,-1.777542631
2648,7.355261333333336,20.76121839,18.965536116666666,-24.529790200000004,-3.7099022070000003,0.04420105633333334,8.826799710666666,3.704855919,-0.5369341646666667,-1.6592048806666668
2649,7.358039000000001,20.753517786666666,18.95137342,-24.550244666666657,-3.7006526786666663,0.28202586366666665,10.817182539333333,-0.5052194,-2.9897278153333335,-1.879581193
2650,7.360816666666665,20.762348813333332,18.972293853333333,-24.5509313,-2.597100337666667,-0.7087603013333333,9.098127841666667,0.7619936093333332,1.7931756973333333,-1.14350908
2651,7.363594333333329,20.775554023333335,18.968530016666666,-24.572316500000003,-4.378646453,0.8319737709999999,9.985498586666667,2.044605225333333,-1.8656469783333332,-2.422577302
2652,7.366371999999994,20.77888488666667,18.954247793333334,-24.578814166666664,-2.2200190623333333,-0.5903944376666667,10.391567389666667,0.2861067056666667,-2.3677200826666667,-0.21905723533333332
2653,7.369149666666657,20.803037006666667,18.977211,-24.58450063333333,-4.118567228,0.1498241226666667,8.551607609000001,2.7573083240000003,1.7627545296666665,-1.8911330626666665
2654,7.371927333333322,20.80559095,18.94961293333333,-24.599995933333336,-3.1731789113333337,0.03973816133333332,11.357733091333332,0.5248315333333333,-4.2181610266666665,-0.6127948563333332
2655,7.374704999999987,20.820596696666666,18.939686456666667,-24.604471800000002,-2.7323057649999996,-0.29933615399999997,9.916594188,1.621889025,-1.8775064153333334,-0.3486310246666667
2656,7.377482666666652,20.8283844,18.9544665,-24.609036766666666,-4.628744204666666,0.02970457100000005,8.671951294333333,0.8071045083333334,0.9048998353333335,-1.437645793
2657,7.380260333333315,20.82961781666667,18.910348259999996,-24.621643066666664,-2.6555281483333335,-0.5497938793333333,12.226305323333333,0.290132478,-6.039230743,0.2550581296666667
2658,7.3830379999999804,20.82779884333333,18.938318253333335,-24.614672366666664,-4.166322628333334,0.35635,8.793292840333335,-0.8040906736666665,2.8675222246666667,-0.713966926
2659,7.385815666666645,20.827810923333335,18.928710940000002,-24.611401900000004,-3.743879795,-0.360872584,9.445627371,-0.4978683393333334,-1.5275689366666665,0.44976890099999994
2660,7.388593333333309,20.820803960000003,18.91993777,-24.619750999999994,-2.887186725666666,-0.29318653533333333,12.459336280666667,-0.7928758063333333,-1.901315053333333,-0.8382515166666668
2661,7.391370999999974,20.787473043333332,18.968807216666665,-24.59154256666667,-5.221982638,-0.044630011000000004,7.902761141333333,-5.4695530733333335,6.038509289333334,0.6033646686666666
2662,7.394148666666639,20.783631643333333,18.967205046666667,-24.597663866666675,-2.2716789246666664,-0.38747207833333325,9.973764419666667,-0.5015823840000002,-1.0028013886666665,-0.8877894136666665
2663,7.39692633333334,20.757767996666665,19.01643626,-24.580983500000002,-3.998993555666667,0.357150952,10.757533075333333,-4.1300140616666665,5.616147478333333,-0.6283129653333335
2664,7.399704000000004,20.71382395666667,19.07156881,-24.565826400000002,-4.403193791666667,-0.5351929366666667,7.889160156,-6.162503719333333,6.244618813333333,-0.9690933646666666
2665,7.402481666666669,20.71506881666667,19.098568596666667,-24.558787033333335,-2.310467878666667,0.354839387,11.036984763333331,-0.4838059743333334,2.728893479,-0.697035993
2666,7.405259333333333,20.662913006666667,19.17693011,-24.540135700000004,-3.967733621666666,0.354651153,8.978644052333332,-7.365059217,9.035282453,-1.4939207236666665
2667,7.408036999999999,20.63985761,19.228550593333335,-24.529134099999997,-3.9115658599999996,-0.9519328869999999,9.000345549333334,-3.5543505349999998,5.653031508333334,-1.30994612
2668,7.4108146666666626,20.61619186333333,19.291954043333334,-24.517339100000004,-3.0242335399999996,1.192885975,11.258566855,-3.6697093246666666,7.076791445333334,-1.584787091
2669,7.413592333333327,20.56544939666667,19.37430509,-24.495391833333333,-3.262563626,-0.5214195549999999,7.966217994666667,-7.341911316,9.546021142333334,-1.4546027583333334
2670,7.416369999999991,20.55580648,19.450232823333334,-24.49451953333333,-4.337843020666667,0.27545703466666666,10.134034155,-1.5246447926666669,8.037444512,-3.2737386226666665
2671,7.419147666666656,20.504093806666667,19.538737613333335,-24.465441366666663,-3.841032505,0.19315106299999998,11.002038478333333,-7.744729756000001,10.518004417333334,-0.9487854836666667
2672,7.42192533333332,20.460957206666667,19.654077533333332,-24.44626106666666,-3.250348369333333,-0.13902615133333332,8.011818886333334,-6.244870980666666,13.166235603000002,-3.0484444696666664
2673,7.424702999999986,20.425530116666668,19.770812986666666,-24.43090823333333,-4.213800112333334,0.14427061866666668,11.753226437999999,-5.258173723333333,13.156136513333331,-3.5693449476666665
2674,7.427480666666647,20.33519490666667,19.917521156666666,-24.404640200000003,-4.496839285,-0.6809531646666667,9.645095826,-12.178688526666667,16.963502246,-3.6151185433333333
2675,7.430258333333313,20.271884916666668,20.07702954333333,-24.388262433333328,-3.1265055339999996,0.33440877966666666,9.208181064666666,-8.628244240999999,18.01646582,-5.199470281666667
2676,7.433035999999977,20.16453870333333,20.25597826666667,-24.380338033333334,-4.360045274,-0.10870707666666668,10.807937781,-13.489818176333332,19.90920512,-6.839776815333333
2677,7.435813666666643,20.01973343,20.457488376666664,-24.3726705,-4.243248065333334,-1.7246510583333334,7.880643685666667,-18.053323110333334,22.438041686666665,-7.779980978
2678,7.4385913333333065,19.87524732,20.658981960000002,-24.381294266666668,-2.6886287926666665,0.42678177366666664,11.693512757999999,-17.288568178666665,21.878210069999998,-9.347105662666666
2679,7.441368999999972,19.667396543333336,20.89700254,-24.390706366666667,-4.184695959,-0.45395375533333326,8.961019834,-24.93044344666666,25.973944346666666,-10.933676241
2680,7.444146666666673,19.43483098333333,21.127527236666666,-24.420740800000008,-3.734724283,-1.6232684849999999,8.650919437333334,-26.928989726666668,24.428445816666667,-12.615841230000001
2681,7.446924333333338,19.179931006666667,21.38965734,-24.452255233333336,-2.6783607003333336,0.4154932943333334,9.786814054666666,-29.58396085,27.949993133333336,-13.979172706666667
2682,7.449702000000003,18.853043236666664,21.646952943333332,-24.489868166666664,-3.4430498279999995,-1.9633164803333336,9.785600504666666,-37.87061945666667,27.31109746333333,-14.273703573333334
2683,7.452479666666666,18.52462387,21.903147379999997,-24.54734546666666,-4.1419102746666665,-0.42471873299999996,7.606886862333333,-37.213664370000004,26.497342426666663,-16.159689266666668
2684,7.455257333333332,18.130156200000002,22.191390990000002,-24.605829866666667,-3.000224381666667,-0.5071637233333334,10.53373019,-44.96714146666667,30.303247449999997,-17.313187916666667
2685,7.458034999999994,17.68057569,22.47186915,-24.68369803333334,-4.592255115666667,-0.8178593666666667,10.459173838333333,-50.74782435333333,28.820466356666667,-18.845527013333335
2686,7.460812666666659,17.19194603,22.76558876,-24.7613856,-3.663056304,-0.9823153616666667,10.297112465666666,-55.335933686666664,30.59099388,-18.99033451
2687,7.463590333333323,16.65601762,23.039247513333333,-24.87952423333334,-3.074999650666667,-0.5225993023333334,9.413844427666666,-59.13688024,27.084791820000003,-22.40189933666667
2688,7.4663679999999895,16.06267579333333,23.357789356666668,-24.985674533333338,-5.5956000486666655,-1.1519340276666667,8.087011894333333,-66.51186879333333,32.96994654666667,-22.199366253333334
2689,7.469145666666653,15.403723713333333,23.614960986666663,-25.148284899999997,-2.558129708,-1.1665973863333332,13.347791353333333,-71.61958186,24.300218266,-26.005256649999996
2690,7.471923333333318,14.71010081,23.92950630333333,-25.28306326666666,-4.409301758000001,-0.9841002123333333,7.4322511360000005,-77.07647959333333,32.17639350666666,-24.266537346666667
2691,7.474700999999982,13.929552716666668,24.19530042,-25.468701666666657,-1.8607794839999998,-0.595235278,13.038144430000001,-84.92203268,25.33792877,-28.041246413333337
2692,7.477478666666646,13.130090713333333,24.464279810000004,-25.6500829,-4.752115249666667,-1.7671640316666666,2.864866952,-87.34293874999999,26.274058343333333,-27.019810359999997
2693,7.480256333333309,12.251734097000002,24.739482879999997,-25.843482966666667,-1.0366708436666667,0.20912727733333333,17.27297178666667,-96.08717600666667,26.99603462,-28.250356676666666
2694,7.483033999999975,11.315188727,24.94773419666667,-26.0547053,-4.29936409,-1.6790536966666665,5.901931126,-102.04457347,19.248372076666666,-28.055149076666666
2695,7.485811666666639,10.369319916666667,25.22170194,-26.26101683333334,-2.9083132543333328,0.19373272100000005,13.339766500000001,-103.38397470666666,27.48509598,-28.609912236666663
2696,7.488589333333304,9.346501826333332,25.388017656666666,-26.48292033333333,-3.389124076,-0.15482616433333332,6.0969310603333335,-111.68726350333333,14.99578182,-27.603098553333336
2697,7.4913670000000065,8.286994456666667,25.64636039666667,-26.714513166666663,-3.202819198666667,-0.6206727473333333,9.962973278,-115.55280303333332,26.245514867666667,-29.975211463333334
2698,7.49414466666667,7.173986435333333,25.759368256666665,-26.9550425,-3.09401377,-0.3262348573333334,14.448131876666666,-121.3425878,9.416306493,-28.232144039999998
2699,7.496922333333335,6.0397882460000005,25.945632933333332,-27.21115619999999,-3.737954179666667,0.33102248133333334,3.7633056863333336,-123.0772298,18.520796775333334,-30.482675553333333
2700,7.4997,4.887828668,26.06412061,-27.457644166666665,-2.5933888356666666,-0.7860364516666666,15.935776073333335,-125.60068259999998,11.086880681666669,-28.488452909999996
2701,7.502477666666664,3.6859401166666665,26.141049703333334,-27.737777699999995,-2.670430024333333,0.8371270893333334,0.5987529756666667,-129.75707753333333,6.521756332,-31.335758846666664
2702,7.505255333333328,2.4593318699999998,26.252510073333337,-28.016461700000004,-2.767847140666667,0.16582733400000002,16.88266659,-132.83979796666665,11.169974444333333,-31.34386126
2703,7.508032999999993,1.2071156103333334,26.228610990000004,-28.305147799999997,-2.8470255533333333,0.402914067,5.473972361666667,-135.3320719,-4.27487898,-31.652823763333334
2704,7.510810666666657,-0.06399346533333332,26.310168586666666,-28.606613166666673,-4.002139568333333,0.568811584,11.666564305000001,-136.8676758,8.856027127666666,-33.24442355
2705,7.513588333333321,-1.3430844943333333,26.230505623333332,-28.899121600000004,-2.019035578,0.04658222833333334,12.048521996666667,-138.3541107,-9.57864539,-32.23380216
2706,7.516365999999987,-2.6494462293333334,26.219522480000006,-29.225171433333333,-4.260058959333334,1.4422799103333332,4.964086055666666,-139.8039754,-0.726760069333333,-35.902212776666666
2707,7.5191436666666505,-3.962273538333333,26.114981333333333,-29.52402496666667,-2.3566842476666667,-0.08720966433333333,17.292798996666665,-142.0623423,-11.092529455,-33.36484781666667
2708,7.521921333333315,-5.289107203666666,26.00136820333333,-29.844795199999993,-4.101983229333333,1.0695236393333334,5.363642692666666,-142.67405193333335,-11.491201640000002,-36.374604543333334
2709,7.524698999999978,-6.6199840703333335,25.877396266666665,-30.138793966666658,-2.7711826563333326,0.7728535333333334,17.36329333,-144.67000326666667,-11.987452506333334,-33.718020759999995
2710,7.527476666666644,-7.9380373969999996,25.66985575,-30.444880166666664,-2.863358100333333,1.4725294113333334,5.748897791,-142.47548930000002,-21.250001590666667,-36.56691487333333
2711,7.530254333333308,-9.250560284333332,25.488656996666666,-30.719917299999995,-3.134975234666667,1.7713807026666668,11.273993808666667,-143.59357706666665,-17.644927343,-33.40922038
2712,7.533031999999974,-10.539788406,25.23106002666667,-31.002632166666668,-2.9062952600000003,2.190124034666667,13.162332220000001,-140.83540343333334,-26.131859620333334,-35.13901265333334
2713,7.535809666666637,-11.80419,24.964632033333334,-31.22486366666666,-2.3190047739999997,1.005902658,10.766324041666666,-140.47626749999998,-27.323305926666663,-31.055201213333333
2714,7.538587333333338,-13.019599279,24.66658274,-31.46504463333334,-3.9530361490000003,3.784720103,12.099298796666666,-134.43067933333336,-30.297005333333335,-32.83458519
2715,7.541365000000003,-14.192063966666666,24.32138761,-31.64351146666667,-1.879148364,1.6544133026666668,9.566131274333333,-131.87375133333333,-36.31715838333333,-29.79525629666667
2716,7.544142666666668,-15.322978973333335,23.978173573333333,-31.82299806666667,-4.129331588666666,1.8684134086666664,9.753250597333334,-127.46422323333333,-35.809537889999994,-29.133654276666665
2717,7.5469203333333335,-16.392119723333334,23.600687663333332,-31.9562912,-1.8881580783333334,3.326611121333334,12.557035126666667,-121.90685273333334,-40.18129476,-27.336566926666666
2718,7.549697999999997,-17.412481943333333,23.191663743333333,-32.073084533333336,-3.073894987333334,2.236921708,11.780432701666667,-117.47565966666666,-44.174868266666664,-26.18556277
2719,7.552475666666662,-18.365410486666665,22.81581116,-32.17132060000001,-3.293707847333333,2.3689890306666666,6.82809035,-109.76550290666667,-40.17250188,-24.88558896666667
2720,7.555253333333326,-19.237796146666668,22.38417435,-32.24088796666667,-4.04393967,3.112202366,12.822805723666667,-102.09919993333331,-47.53990809333333,-23.51083819
2721,7.55803099999999,-20.09124247,21.97843170333333,-32.295214300000005,-2.1361927986666664,1.8538651863333333,8.997651576666668,-100.05394490000002,-44.334002176666665,-22.843909580000002
2722,7.560808666666655,-20.850414276666665,21.593812940000003,-32.34601343333333,-6.388619582,3.2125727336666667,11.793202083333332,-89.41072081666665,-42.224219006666665,-20.931980133333333
2723,7.56358633333332,-21.53726132666667,21.16889000333333,-32.35979716666667,-3.095083793,3.0201092956666673,10.341276803333331,-81.99747594333333,-47.49615351666667,-20.46658834
2724,7.566363999999983,-22.183881760000002,20.80284945,-32.38445026666667,-4.9178155263333325,2.3581328393333334,10.854544958333333,-76.86868413333333,-40.360984800000004,-19.14901383666667
2725,7.569141666666648,-22.740543363333334,20.40437126,-32.37345126666667,-4.148582061,2.814892212666667,13.32467588,-67.47436777666667,-45.13368097666666,-17.65545781333333
2726,7.571919333333312,-23.248914716666665,20.047433853333334,-32.3891856,-4.2457238833333335,2.586098591333333,6.520942370333334,-60.739224750000005,-39.357266743333334,-18.626406990000003
2727,7.5746969999999765,-23.681947706666666,19.708042146666667,-32.37129976666666,-3.6302807730000004,2.223569075,13.896509170000002,-52.99910736333334,-38.63023758,-14.893442470000002
2728,7.5774746666666415,-24.063913346666666,19.395747503333332,-32.37380726666666,-3.8194479146666667,3.0405197139999998,9.000220616666667,-46.117336910000006,-34.755292256666664,-15.661626500000002
2729,7.5802523333333065,-24.385971066666666,19.129831313333334,-32.386365233333336,-3.010468959666667,2.032006184333333,10.363245326666666,-38.48732567,-28.982833863333337,-14.924921356666667
2730,7.58302999999997,-24.631972629999996,18.87705485,-32.38626096666667,-5.110763947,2.412408908,8.964470703666667,-29.959872246666666,-28.184382760000002,-12.808522863333332
2731,7.585807666666672,-24.849404653333334,18.661224363333332,-32.409642566666676,-4.369127591333334,3.201419592,8.226131915,-25.539989154,-22.91348871,-13.704751016666668
2732,7.588585333333337,-24.996802650000003,18.46200943,-32.41082256666667,-3.5685578186666667,2.3545470236666666,13.888589223333334,-18.132972082666665,-22.191525776666666,-10.471559206666667
2733,7.591363000000001,-25.128705980000003,18.27984365,-32.43539683333333,-4.930916865666667,0.9761451286666668,8.48429537,-15.259101230333334,-19.080047606666668,-12.374779703333333
2734,7.594140666666667,-25.191024143333333,18.12409973,-32.457639066666665,-3.3688162169999996,3.0031290056666666,14.046037353333332,-7.112720252,-16.388703346666667,-10.536220233
2735,7.59691833333333,-25.238372166666664,17.99624633666667,-32.4819819,-4.982131958,0.962213417,8.266637644333334,-5.154875040666667,-13.193183740333334,-9.578048388333334
2736,7.5996959999999945,-25.25456238,17.867994943333333,-32.52586363333334,-2.813788891,1.5460492073333334,10.892635980333333,-0.769614299,-12.336471873333332,-11.408996581000002
2737,7.602473666666659,-25.253031413333332,17.767543153333335,-32.551111866666666,-4.724840959,1.2810558079999999,11.394939741666667,0.6675964196666667,-10.180221478333333,-8.194042206
2738,7.605251333333324,-25.261901856666668,17.666709263333335,-32.598592133333334,-3.273824612333333,0.05915927900000003,10.074244339,0.24929481766666672,-9.202351252666666,-10.391433240666666
2739,7.608028999999988,-25.215634026666667,17.581906636666666,-32.632031766666664,-3.4303539593333334,1.4509019853333334,9.040173688333335,6.317735195333333,-8.097178221666667,-8.247072219666666
2740,7.610806666666654,-25.194468816666667,17.517929076666665,-32.677141833333344,-4.257415294666667,1.0408749183333332,11.218547186,3.7858951093333335,-5.275649229666667,-8.318125407000002
2741,7.613584333333317,-25.169036866666662,17.433844249999996,-32.71275836666667,-3.0430432956666666,-0.287884692,10.733442149,3.902683337333334,-7.935628414333333,-8.393252055
2742,7.616361999999981,-25.13853709,17.403809226666667,-32.762023899999996,-3.8492733636666667,1.662787358,8.385443369333334,4.978532622333334,-1.4194300573333336,-6.964925368666667
2743,7.619139666666645,-25.117252986666667,17.326020556666666,-32.78391519999999,-3.8532267413333336,-0.09715070066666666,9.943791232,2.900022649333333,-7.9129856426666665,-6.659646193333334
2744,7.62191733333331,-25.10384941,17.27511406,-32.827044199999996,-3.1542795896666664,0.6739559969999999,10.902378559333334,2.697234680333333,-4.005686601,-7.394663651666666
2745,7.624694999999974,-25.10875574666667,17.254279456666666,-32.85605366666667,-4.0226850113333334,1.0642816026666668,10.278774262333334,0.022617379666666732,-1.3812304936666668,-4.496745348
2746,7.62747266666664,-25.116427106666663,17.19211515,-32.894386266666665,-3.8328529200000006,-0.36113719633333335,7.276906649333334,-0.007364074333333193,-5.42052738,-7.573126157333334
2747,7.630250333333303,-25.11951446333333,17.162285486666665,-32.918088266666665,-3.079312165333333,1.0804729213333333,11.966295558333334,0.01653834200000004,-2.624473055333333,-4.380124012666666
2748,7.633028000000006,-25.17608134,17.137210210000003,-32.960164400000004,-4.144718964666667,0.36344128833333333,12.537463508666667,-5.756633182333334,-1.2523867290000001,-5.966063658666667
2749,7.63580566666667,-25.221203486666667,17.106597263333335,-32.993171733333334,-3.389221589,-0.8172615766666667,8.330965201,-4.732201894,-2.2345006863333334,-5.3998061816666665
2750,7.638583333333334,-25.24962171,17.07258415,-33.02496336666667,-3.4005338349999996,0.661476652,9.370601814666667,-2.7607324920000003,-2.7232332726666666,-5.364590326666666
2751,7.641361,-25.331360496666665,17.0610377,-33.057721433333334,-3.980219761666666,-0.10693958399999996,12.781911850333332,-9.068878174333333,-0.19775035000000005,-4.367163340333334
2752,7.644138666666663,-25.41296959,17.02278455,-33.08993023333333,-2.2815072933333336,-0.25620918,10.201919315333333,-9.166007241333334,-3.138111139333333,-5.633121093
2753,7.646916333333327,-25.459426876666665,17.00155131,-33.121599833333335,-4.145755609,0.22873529933333334,6.8320045469999995,-4.915508222000001,-1.289113164,-4.750659386333333
2754,7.649693999999992,-25.53652636,16.97649892,-33.13610333333333,-3.1527294316666663,1.0691960353333332,10.199286620666665,-9.226551691,-2.5789140859999997,-3.1316180626666665
2755,7.652471666666656,-25.64109611666667,16.916290919999998,-33.16225176666667,-2.261476119333333,0.17050865299999998,10.987173400333333,-12.117366791,-5.750427086999999,-6.2283976873333335
2756,7.65524933333332,-25.711737313333334,16.911959966666668,-33.17981213333333,-3.9809711773333336,0.07105875233333332,9.007213274666666,-8.339829207666666,-0.17654613666666666,-2.376023610333333
2757,7.658026999999986,-25.796151480000002,16.854387919999997,-33.19063570000001,-3.453490575,0.9397532543333332,8.586074192666667,-10.184396267000002,-6.247342586666666,-4.493766069333334
2758,7.66080466666665,-25.896259943333334,16.794743856666667,-33.191757233333334,-2.3128961323333335,0.269280076,11.264866828,-12.50222937,-6.949190537,-3.5833086966666667
2759,7.6635823333333155,-25.992714563333333,16.780750273333332,-33.21632893333332,-4.375144401999999,-0.07873704533333332,9.295018831999998,-11.167752900666665,-0.830973079,-3.649999062333334
2760,7.666359999999977,-26.082450230000003,16.7001578,-33.205060333333336,-3.7165527343333333,0.6073599806666666,9.615666070333333,-11.636006352999999,-9.790893237666666,-3.519178867333333
2761,7.669137666666643,-26.176075616666665,16.638763426666667,-33.204633066666666,-1.951086561,0.08707278966666669,10.496075628,-11.769584336666668,-7.183500131,-3.577929179
2762,7.671915333333306,-26.289752959999998,16.603701906666668,-33.21504973333334,-5.148860772666667,-0.3548994623333333,10.758698461,-13.752110799999999,-3.8294529120000003,-3.267297109
2763,7.674692999999972,-26.370236716666668,16.512554166666664,-33.19611866666667,-2.7961840626666663,0.46456686633333333,8.968298434,-10.774788856999999,-11.347549119999998,-3.2338533603333333
2764,7.677470666666636,-26.460299173333336,16.458366713333334,-33.19253033333333,-3.112468799,0.6912630896666667,10.683183673333332,-11.44840749,-6.551989873666667,-2.9290860496666666
2765,7.680248333333338,-26.564013163333332,16.392592429999997,-33.1824951,-3.6166052816666667,-0.450401383,9.069522221666666,-13.235574083333333,-8.141208967999999,-2.845656753
2766,7.683026000000003,-26.626728056666668,16.3179973,-33.16565706666666,-3.5056165060000004,0.223560368,10.523546856666668,-8.636228243666666,-9.452801383999999,-2.627674326
2767,7.685803666666666,-26.728149416666668,16.24691073,-33.149950666666676,-3.054314017333333,1.0944618386666667,9.077062606666667,-13.226662316666667,-8.988409837666666,-2.5830982723333333
2768,7.688581333333332,-26.803520203333335,16.16773478,-33.12464906666666,-2.8823417426666667,-0.8997472526666668,9.854774156666666,-10.380942343,-10.384648321666667,-2.011362279333333
2769,7.691358999999996,-26.87618700666667,16.112686156666665,-33.119626333333336,-4.137950976666667,0.8455860666666667,9.494595846000001,-9.362921874333333,-6.718609651,-2.833502650333333
2770,7.694136666666661,-26.972405116666664,16.002639453333334,-33.07586163333334,-2.8615227143333333,0.10534323233333336,10.801235835666667,-13.571881293333334,-14.632541339999998,-1.838334163
2771,7.696914333333324,-27.045517603333334,15.954648973333333,-33.0739975,-2.9553655783333332,-0.41954942300000003,8.825294973666667,-9.316125075666667,-5.803781032333333,-2.767686973
2772,7.699691999999989,-27.11855316,15.883472126666666,-33.05021920000001,-4.948128541333333,0.927396635,8.801652828666667,-10.113726618,-9.427580832666667,-1.8109906116666667
2773,7.702469666666654,-27.198197680000003,15.777170500000002,-33.021049466666675,-2.2077349226666665,0.07871079933333334,12.001830101000001,-11.094532014666667,-13.446577388666666,-3.2044061023333335
2774,7.705247333333318,-27.278187433333333,15.761198683333333,-33.01560213333333,-4.172766367666667,0.08204521733333331,9.115447837666666,-10.269725164,-2.577616175333333,-0.6560189723333334
2775,7.708024999999982,-27.34175046,15.682314869999999,-33.000211099999994,-4.077138026666667,0.929256191,8.275173504666666,-8.637040297333334,-9.807833435333334,-3.1191697916666663
2776,7.710802666666647,-27.39351463,15.631067593333333,-32.98052466666667,-3.3768907386666664,-0.15559012000000003,12.50951767,-7.439092477,-7.042866150666666,-1.2423374056666667
2777,7.713580333333311,-27.480154040000002,15.619843163333334,-32.98453013333333,-4.238472382333334,1.108758191,10.124277434333333,-10.762440684333333,-1.5747846166666666,-1.3543102639999998
2778,7.716357999999976,-27.517063776666664,15.580551466666668,-32.97619373333334,-3.4721663,-0.15772767833333334,8.142518521,-5.3086570103333335,-5.198349793666666,-1.7080467839999998
2779,7.719135666666641,-27.555896759999996,15.561676346666667,-32.98141986666667,-3.7222275733333334,1.0461662783333334,12.731578509,-5.034145355333333,-2.304286638666667,-1.9388268789999998
2780,7.721913333333305,-27.63786951333334,15.552102726666666,-32.97733813333334,-4.250220378333332,-0.6333042793333333,9.436072030666667,-10.513043084,-1.781508585,-0.5341763296666667
2781,7.724691000000007,-27.661125183333336,15.56014792,-32.99935403333334,-3.1186015603333335,0.48273589233333336,9.171249709,-2.6221335333333333,1.4554437176666666,-2.171579162
2782,7.72746866666667,-27.696413036666666,15.538271583333334,-32.9957072,-4.211034457,1.0033177536666666,11.594686668333333,-4.96034654,-3.093089878666667,-1.2073783873333335
2783,7.730246333333336,-27.756242750000002,15.534365656666665,-33.00122326666666,-3.4062418143333333,-1.3111969233333334,9.382005056666666,-7.509726206333333,-0.7251090606666667,-1.09398818
2784,7.733024,-27.77821541,15.572355270000003,-33.02785746666667,-3.775647402,1.4564673106666668,11.088542937,-2.341213752666667,4.958002925,-1.0917470753333334
2785,7.7358016666666645,-27.815664926666667,15.522464433333333,-33.01274873333333,-3.535226305333333,-0.6912020643333333,10.032042978,-5.521204233333333,-6.702344735333333,-1.5812096793333332
2786,7.7385793333333295,-27.857131956666667,15.54922422,-33.028729766666665,-3.275776466,0.027252783333333325,11.299666404666667,-5.002310753000001,3.1865047216666667,-0.6254568896666666
2787,7.741356999999994,-27.893212636666664,15.560164133333336,-33.042661033333324,-4.460483709666668,0.8148519049999999,9.586327551666667,-4.412876129,1.323321104,-1.157182932
2788,7.744134666666657,-27.918498993333333,15.512344676666666,-33.0244827,-2.1846362750000003,-1.3094765543333333,10.911437035666665,-4.203650315333333,-6.57962656,-1.2960887550000002
2789,7.746912333333323,-27.95582835,15.550944646666666,-33.0472819,-4.620323657666667,0.8531203070000001,10.828754745,-4.283182303,4.720472733333334,-0.4728473823333333
2790,7.749689999999987,-27.98211988,15.521579106666666,-33.041653933333336,-3.7114609880000002,-0.19415056933333333,9.125370979333333,-3.928280393666667,-3.996738672333333,-1.4458298883333331
2791,7.752467666666653,-27.999821979999997,15.50968647,-33.03267923333333,-2.843683083666667,-0.23687451566666665,10.868990896999998,-2.968984524666667,-2.327825943666667,-0.11518719800000003
2792,7.755245333333316,-28.041615800000002,15.527094206666666,-33.05378976666666,-4.388063113,0.16998106633333332,9.220151740666667,-4.891964753333333,2.4629113276666668,-1.6487030583333333
2793,7.75802299999998,-28.046709063333335,15.49011262,-33.03336843333333,-3.2558331489999994,-0.10957418366666667,11.314518929999998,-1.826990684,-5.643033822333333,-0.30282002666666663
2794,7.760800666666644,-28.079027813333337,15.492389043333333,-33.04034423333333,-3.5502734186666665,0.13821918733333333,9.836105983333333,-4.259651184333333,0.04102974633333334,-0.9614132443333334
2795,7.763578333333309,-28.0868632,15.486481666666668,-33.04328410000001,-3.549067577,-0.18508588266666667,8.577686786333333,-1.4181151016666667,-1.0843360126666666,-0.9283579633333333
2796,7.766355999999973,-28.07790184,15.457259493333334,-33.031606033333325,-3.9716517926666666,0.4827116333333333,11.809237957666667,0.10311011466666671,-4.311759392333333,-0.8318992056666668
2797,7.769133666666639,-28.10938263,15.456615126666668,-33.034256000000006,-3.362719377,-0.683612523,9.808089098,-4.359735012000001,-0.5258431236666666,-0.6744100476666667
2798,7.77191133333334,-28.088203430000004,15.455582299999998,-33.04617820000001,-3.5000134310000006,0.6564771236666667,8.776235581333333,2.394965171666667,-0.04154208300000003,-1.6277632313333334
2799,7.774689000000005,-28.085136416666668,15.420465149999998,-33.02881623333333,-4.155860424,-0.2726445396666667,10.741448640333333,-0.7275937456666668,-5.273804426333333,-0.5435169736666667
2800,7.777466666666669,-28.102617263333332,15.427634240000001,-33.047452299999996,-2.9643090169999997,-0.738264412,10.948585510666666,-2.107603351333333,1.2667903903333335,-2.0220603943333333
2801,7.780244333333333,-28.082370123333334,15.42696444,-33.05429586666667,-4.1588010786666665,0.9178795316666667,8.926943302,2.091048042,-0.283156832,-1.1025477053333332
2802,7.783021999999999,-28.080987930000003,15.386142413333333,-33.045707699999994,-3.072366953,-0.7839213833333333,10.403896967333333,-0.6821239790000001,-5.312089443333333,-1.923693080666667
2803,7.785799666666662,-28.085011796666667,15.417110443333334,-33.075060533333335,-3.3362700143333335,-0.765318692,11.014903385666665,-0.12602202099999996,4.273547231999999,-1.569550713
2804,7.788577333333326,-28.0908769,15.387689586666667,-33.074101766666665,-3.8996024133333336,0.75315243,9.057842571666667,-1.2944496473333331,-3.6620883146666663,-2.109046161
2805,7.791354999999991,-28.081807453333337,15.38512643,-33.07752226666667,-2.824351231333333,-0.5077953536666667,9.457507928,0.6496367256666666,-0.6715541283333332,-0.855694744
2806,7.7941326666666555,-28.088338216666667,15.402824083333334,-33.09976193333333,-3.7125871973333333,-0.6264834653333334,10.150334674,-0.6504521266666666,2.558452348,-1.7593949236666664
2807,7.79691033333332,-28.089879356666668,15.36867714,-33.085767100000005,-3.3303267956666667,-0.03542779899999996,11.608370462666665,-1.182135304,-4.961058695999999,-0.8677334186666666
2808,7.7996879999999855,-28.088830943333335,15.405865033333333,-33.1009725,-3.969073295333333,0.46852407366666665,8.751437346666668,0.03845977766666656,4.239958525,0.05799913866666673
2809,7.802465666666648,-28.07188924,15.386600813333333,-33.09241743333333,-2.638079643333333,-1.041816498,8.708947499666666,1.226341337,-3.089115222666667,-0.5774259966666666
2810,7.805243333333313,-28.06861305,15.39234066,-33.08771263333333,-4.098915894666667,0.20428005866666665,13.084085463333333,-0.3467569746666667,-0.15546135100000003,0.2706314523333333
2811,7.808020999999978,-28.083452226666665,15.424094516666665,-33.09200033333333,-3.501539787,-0.707665463,7.729570387666667,-2.171442628,3.013591766333333,0.9928035836666665
2812,7.810798666666643,-28.045468013333334,15.40837447,-33.0731303,-3.5687712033333336,-0.16097229733333338,10.492092770333334,3.3409883776666667,-3.2751810946666673,0.6409833683333334
2813,7.813576333333306,-28.061582563333335,15.445085526666666,-33.07457226666667,-3.207621296333333,-0.6938481230000001,10.084716162333335,-2.458527128,3.371584831333333,1.5804238913333333
2814,7.816353999999972,-28.064013163333332,15.452090900000002,-33.07503763333333,-4.542151053666667,-0.5795837146666667,9.761449813333334,-0.8887797196666666,0.17136348999999998,-0.035010477000000005
2815,7.8191316666666735,-28.05068779,15.47580115,-33.057881699999996,-3.503478447666667,-0.24102251733333335,11.009461085666667,0.5008223253333334,0.9987715779999999,2.700901508333333
2816,7.821909333333338,-28.07328732666667,15.504744846666668,-33.06668596666667,-3.199311654,-1.10522145,7.993726253333333,-3.0298950276666665,3.0065901673333335,0.245661795
2817,7.8246870000000035,-28.070011140000002,15.520731609999999,-33.0613785,-4.425838311333333,0.13819004133333335,11.645885469666666,-0.32820383699999994,0.8354937136666668,1.0442112386666669
2818,7.827464666666667,-28.103699366666664,15.556644120000001,-33.061777766666665,-3.8510597546666667,-0.8704859413333333,10.053335825,-4.660651187,3.2301087776666666,1.6007871826666664
2819,7.830242333333332,-28.115647633333328,15.579717,-33.067220033333335,-2.837991635,-0.41853799166666666,9.084911982,-1.803135435,2.1661702793333335,0.3664927483333334
2820,7.833019999999994,-28.140176136666668,15.601675989999999,-33.073026033333335,-4.038581848,-0.12482004366666666,11.031238238333332,-3.3393364746666667,2.1355356376666665,0.09166046966666667
2821,7.83579766666666,-28.180024463333336,15.632786433333331,-33.08753966666667,-3.7409596446666664,-1.1502527,8.824633597333333,-4.870969216,3.4753307899999997,-0.042242152666666644
2822,7.838575333333323,-28.188135783333333,15.652373633333333,-33.0885264,-3.2858405113333333,0.29680968833333327,10.098364352333332,-1.5050413013333335,1.6184993779999999,0.4561339816666667
2823,7.84135299999999,-28.229722976666665,15.665418306666666,-33.10186770000001,-3.200779517333333,-0.3930138746666667,8.729444186,-5.139824867333333,1.5044435190000003,-0.9488023916666665
2824,7.844130666666653,-28.248737336666665,15.692962963333335,-33.11820983333334,-4.033410469666666,-0.46739431233333334,10.688350039999998,-2.333896557333333,3.291258613,-0.6288422646666666
2825,7.846908333333317,-28.279372533333333,15.695580486666666,-33.12129973333334,-3.867417097,-0.132473024,10.276238919333332,-4.091092924333334,-0.13097421333333337,-0.5560978916666667
2826,7.8496859999999815,-28.306650163333334,15.715049426666667,-33.13997903333334,-2.452973365666667,-0.13938609266666666,10.036898453000001,-3.2762870786666665,2.5700853863333335,-1.329891205
2827,7.8524636666666465,-28.32221985,15.72351138,-33.15653483333334,-4.758213917333333,-0.10441220800000002,9.568894545333334,-1.8617193299999997,1.2033567530000002,-1.5490934453333332
2828,7.85524133333331,-28.348690033333337,15.73011557333333,-33.164871233333336,-3.7216893036666665,-1.1044138173333333,9.360806624333334,-3.4964412846666675,0.6390666736666666,-1.01153178
2829,7.858018999999975,-28.349622093333334,15.764018373333334,-33.18477376666666,-3.0506153903333337,0.6274038056666665,9.568625451,-0.008273402666666652,4.081261237333333,-0.444073975
2830,7.86079666666664,-28.354715983333335,15.764808336666666,-33.191390999999996,-4.414815108,-0.263572812,9.349733196333334,-0.9921632210000001,-0.07707319633333339,-1.152721673
2831,7.863574333333304,-28.34583918333333,15.82213052,-33.213078833333334,-3.280443032333333,-1.0167215826666667,10.211818856333332,1.2175175053333331,6.661020933666666,0.6924468476666666
2832,7.866352000000006,-28.311311723333333,15.858790076666665,-33.215454099999995,-4.474603573333333,0.9508432933333334,8.044244766333334,3.6611623763333334,3.4843045076666663,1.3190523383333335
2833,7.8691296666666695,-28.258558273333335,15.931114193333334,-33.223566700000006,-3.138796170333334,0.04810758533333334,10.836722057000001,6.047331153666668,7.5406851176666665,2.846413334333333
2834,7.871907333333335,-28.1911602,16.045877139999998,-33.237915066666666,-4.463786602333333,-0.3052643776666667,8.885018191,7.990679026,12.416538238333333,4.497891023666667
2835,7.8746849999999995,-28.072257356666668,16.145885786666668,-33.2322057,-4.511762698666667,0.75949195,9.354157765666667,13.571107226666667,9.756259877,5.7012388099999995
2836,7.877462666666664,-27.946003596666667,16.32939879,-33.23315176666667,-3.773154417666667,0.28336661066666663,11.697291690666667,14.580932300999999,18.988898274666667,9.693784713666666
2837,7.880240333333329,-27.78094228,16.536744433333336,-33.24112956666667,-4.306323449,-0.041750162666666646,7.553620973666667,19.568780580000002,21.925424891333332,10.251395860666667
2838,7.883017999999993,-27.564093273333338,16.787961956666667,-33.24172466666666,-5.674244721666667,1.1064784923333335,9.867817878666667,25.410531359999997,26.188529333333335,13.395947297999998
2839,7.885795666666657,-27.323333103333336,17.107705436666667,-33.24677783333333,-3.6953316529999998,0.18703384433333334,9.328608514,28.58802414,33.866473516666666,16.495391845666667
2840,7.888573333333322,-27.030222573333333,17.483094533333333,-33.26306153333333,-4.844923973,1.0091880496666665,9.574676512666667,35.180546443333334,40.47581100666667,18.220612206666665
2841,7.891350999999987,-26.699515023333333,17.917711893333333,-33.28294116666667,-4.977905353000001,0.102407217,7.329864343333334,39.94998487,47.12510236,20.755052566666667
2842,7.89412866666665,-26.30749639,18.36715126,-33.29274243333333,-4.780811548,0.7925925203333333,10.495997113666666,46.821603773333344,48.30566279000001,22.40767415666667
2843,7.896906333333315,-25.874578473333333,18.890501023333332,-33.30537413333333,-5.516339461000001,1.8134078383333332,8.876442751333334,52.00172805666667,56.627596536666665,25.493511836666666
2844,7.899683999999978,-25.37801361,19.416167576666666,-33.31458536666666,-3.8375449180000003,0.9443352956666667,14.49035295,59.373274486666666,56.82106399666666,25.71079317666667
2845,7.902461666666643,-24.82373301,19.978737513333332,-33.3096161,-4.37244455,0.7828498283333333,5.650612672,65.78701528,60.52560806333333,28.223932263333335
2846,7.905239333333308,-24.214389803333333,20.560630163333332,-33.320167533333326,-2.927415351,0.7116923133333333,12.624670982333333,72.73316192666667,63.09512583333333,28.238205593333333
2847,7.908016999999973,-23.55169614,21.130258556666668,-33.29855089999999,-3.67324544,0.7465366023333333,5.085350275,78.15872701,61.15532302666666,29.112614313333335
2848,7.910794666666637,-22.812128066666663,21.76673698666667,-33.28418476666666,-3.1755782366666665,1.4518057503333335,11.315121013999999,87.16792806000001,68.65392812,31.833948773333333
2849,7.913572333333338,-22.03872617,22.336801526666665,-33.254455566666664,-1.8423039120000002,1.5268861256666666,6.301541249,91.02256012999999,61.56980260333333,28.560089746666666
2850,7.916350000000004,-21.18928083,22.988763806666668,-33.21150969999999,-5.301794846666667,-0.022468298666666664,5.928229411333334,98.97858174,70.13847224,33.51654052666667
2851,7.919127666666668,-20.279074353333332,23.56615956666667,-33.1509603,-2.7713446420000003,1.5325199563333332,14.646058083333335,105.91928865,62.046300253333335,30.17656135333333
2852,7.921905333333334,-19.332070033333334,24.137884776666667,-33.064531933333335,-3.7902486126666672,0.8273795740000001,3.545064906,108.40144857,60.499000550000005,32.7961305
2853,7.924682999999997,-18.27495702,24.721261976666668,-32.95590463333333,-4.126164118666667,-1.0217338996666665,11.745893479666668,120.96045683333334,62.036635079999996,33.063917159999995
2854,7.927460666666661,-17.16833623333333,25.22613589,-32.816767366666674,-1.1739806956666665,1.8371408383333332,7.180630642666667,124.72077939999998,52.420565286666665,33.81630134333333
2855,7.9302383333333255,-16.04396184333333,25.73442904,-32.64831036666667,-3.4854675930000005,0.22879314433333334,9.067571799,125.83282216666667,52.76750182999999,34.64956792
2856,7.9330159999999905,-14.823385556666667,26.202985126666665,-32.44998166666666,-2.306268985,-0.8743247986666667,10.671203296333333,135.38155616666668,48.10641225333333,35.27609888666667
2857,7.935793666666655,-13.570561089333333,26.649271646666666,-32.22035726666667,-1.8195388913333332,1.2588241,6.383133191999999,137.6835098,45.406913756666675,37.10320282
2858,7.9385713333333205,-12.283309934333332,27.030976613333337,-31.968653366666672,-1.0763569673333333,-0.07984167333333336,9.979410488666668,140.20126343333334,38.151473360000004,36.44094848666666
2859,7.941348999999984,-10.932535171333333,27.39468511,-31.688456233333337,-3.713550448666666,-1.3153806426666668,8.784149805,146.23490396666668,36.145769756666674,37.763379416666666
2860,7.944126666666648,-9.552889823333333,27.75171216,-31.399510699999993,-2.7882903813333333,0.529824237,7.988943735666666,149.0007019,36.2323335,37.82746760333333
2861,7.946904333333312,-8.139229298,28.00270017,-31.07324473333333,-2.433453679,-0.05184644466666666,10.769983770000001,150.8350525,23.796253519999997,39.133960726666665
2862,7.949681999999977,-6.703251201333333,28.23371124333333,-30.758288066666665,-3.350800355,-0.734621157,9.315677327333335,153.91538490000002,22.604310990000002,36.457015989999995
2863,7.952459666666641,-5.257153908666667,28.463118870000002,-30.416923499999996,-3.4403866530000005,-1.1667766370000001,13.131765684666666,153.58562216666667,22.979894953333332,38.78057607333333
2864,7.955237333333307,-3.813888341333333,28.583352406666666,-30.088177999999996,-1.9621383746666667,-0.781050702,11.286877632333335,153.79310606666664,11.036114296333333,35.99939473333334
2865,7.95801499999997,-2.354569752666667,28.67964490333333,-29.740201300000006,-2.5365408856666667,-1.411776483,11.812278429666668,154.51263426666665,8.843918958666666,37.212590533333334
2866,7.960792666666673,-0.8957084816666668,28.723784130000002,-29.4059372,-2.4385782876666666,-1.181408326,10.987654048666668,155.31301373333335,3.602231023666666,35.47994104666667
2867,7.963570333333337,0.5312888796666666,28.74230194,-29.076105766666668,-2.0215035873333336,-2.4682238499999998,9.447714012666665,151.69666036666666,1.429658572000001,34.97956593999999
2868,7.966348000000001,1.9420722723333332,28.66403452666667,-28.752942366666662,-1.0902838706666667,-2.0492747226666665,12.739062310000001,150.08440653333335,-9.368797738666666,34.30189069
2869,7.969125666666667,3.3165541663333333,28.56782595,-28.445515966666665,-2.9169428946666667,-1.2770744363333333,9.057851157333333,146.72898863333333,-10.743143956000003,32.950541816666664
2870,7.97190333333333,4.656483729666667,28.43297958333333,-28.146334333333343,-3.436797539,-2.06540215,14.026385945000001,143.07518003333334,-14.637031157333332,32.63341331666667
2871,7.974680999999994,5.9391802946666665,28.232350670000002,-27.87760416666666,-1.2015758753333332,-3.065380811666667,9.385402836666666,137.98629253333334,-22.091658589999998,30.445652006666666
2872,7.977458666666659,7.1743076630000004,28.0113856,-27.615221666666674,-4.300507069,-2.604029417,12.720307666666665,132.84738923333336,-23.830312093333333,30.607844673333332
2873,7.980236333333323,8.347829976333333,27.739323929999998,-27.379290266666658,-2.011968503333333,-4.203882058666667,12.321098008333331,127.0242157,-29.680434543333334,29.08218956
2874,7.983013999999987,9.472652434333332,27.475506466666662,-27.1608454,-4.207338174333333,-2.401326934666667,10.139947891,122.20488230000001,-28.363611856666665,27.629985173333335
2875,7.985791666666653,10.520686470333333,27.12981415,-26.9662806,-2.714917133,-3.3350004353333333,12.77559503,114.48541514333333,-37.95936839,27.42609469333333
2876,7.9885693333333165,11.513980864666669,26.800568896666665,-26.78866576666667,-3.6571997006666668,-2.562894185333333,10.109106221,108.93146007,-35.80902672,25.795228960000003
2877,7.991346999999981,12.43265438,26.459374746666665,-26.624163333333332,-2.6455115773333335,-3.2926898796666664,14.536117553333334,100.77163698333334,-37.08432769666667,25.379959740000004
2878,7.994124666666646,13.26424376,26.093505223333334,-26.492304466666667,-4.474782387666667,-3.354292710666666,11.354288419666666,92.23624419999999,-40.297456106666665,23.33535512333333
2879,7.99690233333331,14.05354945,25.76176071333333,-26.356643700000006,-3.8048564196666668,-3.1708474956666666,16.51211675,87.09356943666666,-35.86352475333333,23.10305977
2880,7.999679999999974,14.754966416666667,25.38741048,-26.256780000000003,-3.996970335666667,-3.861298163666666,8.404009183000001,78.41680526333333,-41.48505020333334,21.289957046666668
2881,8.00245766666664,15.423236209999999,25.041736603333334,-26.1564967,-2.711551636,-2.599831342666667,10.843976020666666,74.53985722666667,-37.85420735666667,20.84988276
2882,8.005235333333303,16.012413343333332,24.702418010000002,-26.071088166666666,-4.644649704333333,-3.4464290143333334,14.852074941666666,65.86509959,-37.31182607,19.552583056666666
2883,8.008013000000005,16.534844716666665,24.357438403333333,-26.00483956666667,-4.133236507666667,-3.2446543373333334,6.7753312580000005,58.84824879666667,-38.31515884333333,18.10893186
2884,8.01079066666667,17.021410623333335,24.047384899999997,-25.936258933333338,-3.639511863333334,-2.883212288333333,14.357067743333332,54.515534720000005,-34.096832909999996,17.486326536666667
2885,8.013568333333334,17.429672243333332,23.736447013333333,-25.89071910000001,-3.3514180183333337,-2.1779140766666667,12.348306336333332,46.31774266666667,-34.759791056666664,15.444679576666667
2886,8.016346,17.777259830000002,23.490294773333336,-25.820124300000003,-5.525682131333333,-3.8020609223333337,11.934634843333333,37.80093956,-26.39253838666667,15.867609343333333
2887,8.019123666666664,18.093163173333334,23.22257805,-25.77907306666667,-3.181014478,-2.2510076366666665,10.553010302999999,35.537705106666664,-29.762915930000002,13.788788796666665
2888,8.021901333333327,18.338780086666663,23.004837036666668,-25.720273333333335,-5.291261355333333,-2.6675507626666666,9.207443078999999,26.187145548333334,-23.374390920666666,13.88809967
2889,8.024678999999992,18.54823176,22.816131593333335,-25.661374433333332,-3.324486414666666,-2.371904889666667,12.736169176666666,22.00651089433333,-19.981461362999998,12.952664056666668
2890,8.027456666666657,18.72418276333333,22.64976819333333,-25.597742733333334,-5.0941878953333335,-2.0607296626666667,10.104202747,17.697666166,-17.246708952333332,12.648820876666667
2891,8.03023433333332,18.85599899,22.537975946666666,-25.513379399999994,-3.8125874996666664,-2.390274604,10.713658017999999,11.521272499666665,-10.261633871333334,12.817120236666666
2892,8.033011999999985,18.94904391,22.46633593333333,-25.428573600000004,-5.155729373333333,-2.466442267,8.670896052,6.8241915686666665,-5.653982958666667,11.319561956666666
2893,8.03578966666665,19.012467063333336,22.403219223333334,-25.324409500000005,-4.554128488,-1.5633698903333333,12.453025183333333,2.436009011,-3.9755655146666666,13.066051166666668
2894,8.038567333333315,19.026636123333333,22.384565356666666,-25.22376506666667,-3.9659603433333337,-1.9686860443333334,10.263970058333333,-3.3889902436666666,1.0183623613333335,11.151615777666668
2895,8.041344999999977,19.064613343333335,22.396303176666667,-25.103713999999997,-4.911908547,-1.951732397,7.724138418,-1.3606921830000005,5.103176990333334,11.805454253333332
2896,8.044122666666643,19.063613253333333,22.39323171,-24.986470566666668,-2.40863049,-1.6040844520000002,9.831833520666665,-5.987508138,3.3996248233333333,12.289417903333332
2897,8.046900333333307,19.021200183333335,22.437291466666665,-24.87916056666666,-3.291405797,-1.455098808,8.839329243333333,-10.433081626999998,8.304602145666667,9.201775392666667
2898,8.049677999999972,19.02226511666667,22.49262301,-24.738581333333332,-3.9957766086666666,-1.4348785179999999,6.255136488333334,-6.811595440666667,10.830175399333333,12.348630586666667
2899,8.052455666666637,19.015298843333337,22.526284536666665,-24.64294436666667,-2.4577835103333334,0.3106156983333333,11.669243652666665,-5.615725358333333,6.693594257,8.406094232666666
2900,8.055233333333337,18.977680206666665,22.585403439999997,-24.526743566666664,-3.7696415583333334,-1.0057775576666665,13.522064210666668,-10.377200446333333,10.376470248333334,9.630993683666667
2901,8.058011000000002,18.96714083666667,22.658085506666666,-24.42126213333333,-3.3756583929999997,-1.2627606393333333,4.652297259666667,-6.5322028796666665,11.464750288666666,7.899828275666667
2902,8.060788666666665,18.9774189,22.652514139999997,-24.35164896666666,-2.0174601473333333,-0.36846586566666667,8.281784056666668,-2.4894009033333333,1.3471468690000001,7.264680703333333
2903,8.063566333333332,18.960766473333333,22.68856176,-24.2672577,-2.8876698016666666,-0.5374808510000001,12.237847010666664,-6.326670806333333,6.547887858999999,7.113480090666667
2904,8.066343999999996,18.963953653333334,22.70858955333333,-24.20243326666666,-3.4826079209999996,-0.9971699316666668,7.499472936,-3.12080429,4.0955413179999995,5.821761131333333
2905,8.06912166666666,19.00556946,22.65023358666667,-24.160341900000006,-2.1588745516666665,0.6759708126666667,9.505973656666667,2.6070301133333333,-5.692897161666667,6.353223283999999
2906,8.071899333333324,19.030370713333337,22.651516596666667,-24.109797133333334,-2.1469932993333334,-0.594279468,10.294146539000002,0.15229380133333326,1.4427813689999998,4.999817888
2907,8.074676999999989,19.066926956666666,22.604845046666668,-24.073038733333334,-4.691040197666666,-1.563984116,11.205925146666667,2.271205882333333,-4.5524824656666665,5.359091401000001
2908,8.077454666666654,19.12135569333333,22.495742163333333,-24.069457999999994,-1.146651447,-0.08638527,12.128729184,5.890486081666666,-12.767820836,4.417658766
2909,8.080232333333319,19.1825606,22.455252966666666,-24.038925166666658,-3.8515121936666668,-1.071817587,9.306613286333333,5.516516367666667,-4.071147938666667,4.471246401333333
2910,8.083009999999982,19.251529693333335,22.35049502,-24.038795466666667,-3.511077563,-0.5851816286666667,8.851347287666668,7.821035067333333,-12.382739066666668,3.9104579736666665
2911,8.085787666666647,19.325949350000002,22.226751330000003,-24.041229233333336,-2.284546216666667,-0.48099361266666657,11.502436638666666,8.625983874,-14.697971663333334,4.330659548666667
2912,8.08856533333331,19.403377533333334,22.168976466666667,-24.036544766666665,-3.664843797666667,-0.6256573200000001,10.270268758,8.577888170666666,-6.8491102853333325,2.64624993
2913,8.091342999999975,19.496311190000004,22.0445474,-24.032557166666674,-3.759594202,-0.25503863866666665,9.274767558666667,10.574537913666667,-14.521995541999999,5.065191149666667
2914,8.09412066666664,19.570836383333333,21.95368385333333,-24.054740866666673,-2.9879970549999997,-0.31656402366666664,9.602654457,9.480858961000001,-11.599707604333332,1.125519464333333
2915,8.096898333333305,19.67644819,21.89624722666667,-24.02356466666666,-4.523339827666667,-0.986393293,8.820435524999999,10.860638303333333,-5.913589755666667,5.250257750333334
2916,8.099676000000008,19.757819493333333,21.804304759999997,-24.051274633333335,-2.6114703416666667,-0.12825972333333333,11.289826393333334,10.594152768666667,-11.939904689333334,0.6024297180000001
2917,8.10245366666667,19.84369786666667,21.740830103333334,-24.030446366666666,-4.156036138666667,-1.111731251,9.047875087333333,8.947066465,-6.963333288666667,4.432360569666667
2918,8.105231333333336,19.94841194,21.71349144,-24.0325953,-3.693499724,-0.8455356063333334,6.871630668333334,12.243421870333334,-3.66332674,0.7399099269999999
2919,8.108009000000001,20.035880406666667,21.629858653333333,-24.030031833333336,-2.7507367429999996,-0.4158626793333333,12.076646803333333,9.968237558666667,-9.912471452,3.3897073466666665
2920,8.110786666666666,20.10768827,21.60744984666667,-24.029922499999998,-3.747862656666667,-1.0627064703333333,9.947066306333333,8.186127027,-3.025015751333333,0.7800986963333333
2921,8.11356433333333,20.21708552,21.567584356666668,-24.0148112,-3.758499106,-1.3858602443333332,7.4453315736666665,12.054526646,-4.483832518,2.9193274976666665
2922,8.116341999999994,20.30192566,21.494471233333332,-24.0366745,-2.459438721666667,0.3960193,10.518558343333334,10.72745228,-9.597757655666667,0.5618056953333334
2923,8.119119666666657,20.377635956666666,21.48043505,-24.021451333333335,-3.698772430333333,-1.7783220213333335,9.981896240666666,7.989187081666667,-1.5630318823333333,1.853544369333333
2924,8.121897333333322,20.474514010000004,21.420156480000003,-24.030609133333332,-4.137340625333334,-0.48438496366666667,7.293606758,11.632480623000001,-7.653756777333332,1.3804195323333335
2925,8.124674999999987,20.562440873333333,21.34625244333333,-24.052319833333332,-1.1217602886666667,-0.21977713699999998,10.562512080333333,11.065354663333332,-9.735169093,0.5111876133333334
2926,8.127452666666652,20.63433838,21.319813413333332,-24.052258800000004,-4.985497077333333,-1.2949112850000002,9.968050322,8.250161806666666,-3.523511171333334,0.8386783896666667
2927,8.130230333333316,20.71457417666667,21.227993646666665,-24.0766296,-3.1275223293333334,-0.08108557766666667,10.884691556333335,10.292087872666666,-11.842820487333334,1.0334149946666666
2928,8.13300799999998,20.792552946666667,21.15008672,-24.107426933333333,-1.5511868793333334,-0.6238555313333334,10.341927208666666,10.305277826,-10.518094064333333,-0.18747484200000009
2929,8.135785666666644,20.85856628666667,21.090539933333332,-24.125213599999995,-5.042522350666666,-0.9016934833333333,11.727151869333333,8.260101318666667,-7.957781473,0.363568624
2930,8.138563333333309,20.913902283333332,20.959984459999998,-24.17439270000001,-2.3812772233333335,-0.7659040493333333,12.610514003333334,8.427380561,-17.164565723333336,0.14757647133333332
2931,8.141340999999974,20.969425203333333,20.89434178666667,-24.203231833333334,-2.646141966,-1.182224938,9.442591031333334,7.473667621333334,-9.083543141333331,-0.5305904946666667
2932,8.144118666666639,21.01180013,20.783379873333335,-24.250676466666665,-4.129551251666666,-0.9542529533333334,11.272325199666668,6.742718697000001,-14.894702276666665,-0.4887922006666667
2933,8.14689633333334,21.030927023333334,20.66843477666667,-24.29389953333333,-3.3320504823333335,-1.0152588683333332,12.500413256666667,3.7520774996666666,-15.180033684666668,0.10375034799999994
2934,8.149674000000005,21.05097135,20.5967865,-24.328140266666665,-2.8572063446666665,-1.5248492559999998,9.523348171333334,3.461465517666667,-9.917696156666667,-0.6669348083333331
2935,8.15245166666667,21.07536634,20.51692517666667,-24.367167166666665,-4.967635154666667,-0.4729714966666667,10.259057046,4.172577261333333,-11.084243217666668,-0.9721930526666668
2936,8.155229333333333,21.06091436,20.451553346666667,-24.38745116666666,-3.062912225333333,-0.8312313159999999,11.156930289333333,-1.2045009136666662,-8.671037992333334,0.48873639100000016
2937,8.158007,21.043088913333335,20.425466536666665,-24.415260300000003,-3.7731433706666664,-0.8952614073333334,7.664489587000001,-1.3733503820000001,-4.615847746333333,-2.114848236333333
2938,8.160784666666663,21.044646583333332,20.40891583666667,-24.410357166666667,-4.3958489893333335,-0.6490358313333334,10.767388821333332,-0.3912230729999999,-2.1692191353333334,1.0500941276666667
2939,8.163562333333326,21.010088603333333,20.392508826666667,-24.427202866666665,-2.4726420643333333,-0.46049722033333335,12.078875223333334,-3.7951119736666663,-3.090741932666667,-1.3537038566666666
2940,8.166339999999991,20.975941976666665,20.418147406666666,-24.416313166666665,-3.9818791546666668,-0.23625766266666667,11.309373540000001,-4.929857174333334,2.7829569976666666,-0.1834065456666667
2941,8.169117666666656,20.95987892333333,20.439495723333334,-24.413482666666667,-3.6576135953333337,-0.8133479853333334,7.290223042,-2.407951851666667,1.936854680333333,-0.8998921116666666
2942,8.17189533333332,20.936840693333334,20.4528993,-24.406191499999995,-3.1441097256666666,-0.3057595593333334,10.620661575666668,-3.4265100956666665,1.2623079023333335,-0.03416075299999995
2943,8.174672999999986,20.899796166666665,20.495293936666666,-24.399770099999998,-2.5690173706666664,0.009108523666666665,12.516959829000001,-5.09590137,4.442169924666667,-1.4410015146666666
2944,8.177450666666648,20.87358538,20.526758193333333,-24.383214299999995,-4.083518505333333,-1.4857742883333334,7.032715825666667,-4.2073649170000005,3.6654869716666667,0.187133342
2945,8.180228333333313,20.85758082,20.542404813333334,-24.386525466666658,-1.807557225,-0.424449712,6.045346102,-2.1649881900000003,1.0461709500000003,-1.33048443
2946,8.183005999999978,20.827357606666666,20.551719663333333,-24.382453933333334,-3.1164779263333333,0.23637354099999996,12.576233864999999,-4.150488694333333,0.6660815876666667,-0.22780438766666666
2947,8.185783666666643,20.7829539,20.58727963666667,-24.36295063333333,-3.5349762439999997,-1.407737881,12.24708144,-6.509773175,4.1925725143333334,0.23319211799999998
2948,8.188561333333306,20.765220643333333,20.59711202,-24.3615494,-3.6140789983333335,-0.5922293563333334,8.549558321666666,-2.5169960660000004,0.6105062166666668,-0.536934413
2949,8.191338999999973,20.75306956,20.59080378,-24.363759333333334,-2.522589962,0.27437744766666666,8.842403888,-1.7573926053333333,-1.369144809,-0.28138079366666663
2950,8.194116666666673,20.693912503333333,20.559698103333332,-24.363349933333335,-2.9270703793333332,-1.005950282,12.240797044333334,-7.43994538,-4.0313782683333335,1.0816336673333333
2951,8.196894333333338,20.638181686666666,20.537026089999998,-24.38829550000001,-1.8566905956666666,-1.2501292626666667,8.943701745666667,-6.030957281333333,-4.105193694333334,-1.9807659386666667
2952,8.199672000000003,20.61993154,20.483070369999997,-24.405667666666673,-3.242149904,0.2401334343333333,10.580393474666666,-1.8281351326666666,-7.284971198333333,0.188055227
2953,8.202449666666666,20.56032753,20.40764046,-24.432604466666664,-2.2300163906666666,0.46355199966666666,12.712038042666668,-6.380968411666667,-10.113295396333333,0.043326755333333335
2954,8.205227333333331,20.48991648666667,20.352017083333333,-24.463081333333335,-3.2630239726666663,-1.0951495566666667,10.631592431666666,-7.549404541999999,-7.980381847333334,-1.1087765696666667
2955,8.208004999999995,20.45686658,20.258874256666665,-24.499923699999997,-2.8944823146666665,-0.39211472599999997,9.126541296000001,-2.7975017503333333,-12.491790931333334,-0.2748023866666667
2956,8.21078266666666,20.39103381,20.157373426666666,-24.529586800000004,-3.2583608626666667,-0.233464241,12.251637459666668,-7.003367901000001,-13.112721762666666,0.897702336
2957,8.213560333333323,20.304338456666667,20.06714185,-24.582481400000002,-2.478483657,-0.7795399723333333,8.005018712666667,-8.596283594,-12.795823095666668,-2.1375082333333335
2958,8.21633799999999,20.265123366666668,19.967683156666666,-24.59697723333333,-4.472714106666667,-0.31251879533333327,8.637546698666666,-4.465090672,-12.273035686666667,2.427986264333333
2959,8.219115666666653,20.20415115333333,19.87016805,-24.63733163333333,-2.4620530206666666,0.1940882526666667,9.843415576666667,-5.993749300666667,-13.13246433,-0.5213821479999999
2960,8.221893333333318,20.134511946666667,19.790712993333333,-24.661153166666665,-3.527783473333333,-0.7170126736666665,11.007787703333335,-7.803617318666667,-10.366595269,0.6187203726666666
2961,8.224670999999981,20.09139506,19.714593249999997,-24.676984133333335,-3.877081195666667,-0.5688778706666666,8.869018874333333,-4.844677090666667,-9.768075307666667,1.1833182970000002
2962,8.227448666666646,20.036039353333333,19.659118653333334,-24.696802766666664,-2.9332069556666664,0.4105244953333333,10.871639251666666,-6.173198064333334,-7.532443524333334,0.02191302166666666
2963,8.23022633333331,19.971331913333334,19.613988879999997,-24.705154433333337,-4.856223344666667,-0.08388408000000003,9.83860763,-7.787091096,-5.980634849333334,0.672582984
2964,8.233003999999974,19.920074463333336,19.593094509999997,-24.7016093,-3.1503464379999997,-1.032310486,9.498549303999999,-6.6470484736666675,-2.7286545436666665,1.0780051943333333
2965,8.23578166666664,19.866563796666668,19.57430331,-24.714024866666666,-2.693051998666667,0.414000561,8.100073018,-6.269800901666667,-3.1686391830000002,-0.8441170053333332
2966,8.238559333333304,19.813446683333332,19.56949234,-24.69956966666666,-3.634845112666667,-0.687129607,10.292717614333332,-7.316800355666666,-0.4969161353333333,1.5684616963333333
2967,8.241337000000007,19.768589653333336,19.582396186666667,-24.689155599999996,-2.969157298666667,0.009612560333333353,8.973034064999998,-6.115842897333334,1.2794233756666669,0.3062050740000001
2968,8.24411466666667,19.719988506666667,19.603235246666667,-24.67720543333333,-3.0074538786666665,0.762978226,9.800573985333335,-6.710161685999999,2.3159024516666666,0.29004736766666656
2969,8.246892333333335,19.697235106666668,19.632260006666666,-24.639948533333335,-4.353833755,-0.46327370433333326,10.683790048666665,-4.544571926,4.121335149,2.511578559666667
2970,8.24967,19.663550693333335,19.673709233333337,-24.6228053,-3.0802662373333334,0.21381813299999997,8.576733667666666,-5.037180582666667,4.790144364,-0.10292641333333326
2971,8.252447666666663,19.645079293333335,19.673549016666666,-24.59826153333334,-3.395189066666667,-0.2508676263333333,6.4643387793333345,-3.5719734429999996,0.33924758466666677,2.3104808726666666
2972,8.255225333333328,19.64493688,19.7177461,-24.577512099999996,-3.099113464333333,0.6692551956666666,10.893359818999999,-1.1766538620000002,5.240600427666667,0.16904117666666676
2973,8.258002999999992,19.641902923333333,19.722521463333333,-24.553532900000004,-2.6049056053333337,0.5077413793333333,9.559984523666666,-1.6881404716666666,0.868984302,2.0669278303333334
2974,8.260780666666657,19.676620483333334,19.72923851,-24.549967433333332,-2.8081804513333335,-0.16548418500000003,8.334380944666668,3.697842121333333,0.3569299380000001,-0.11583612366666673
2975,8.263558333333322,19.738554636666667,19.727611543333335,-24.532819133333334,-2.612645228666667,0.7722811496666667,10.361901443666667,6.373449564,-0.11595560099999995,1.5876132646666665
2976,8.266335999999987,19.760769526666667,19.696767806666667,-24.552485133333334,-3.5764824550000003,0.6690663496666667,11.387577374000001,3.1220421989999996,-4.757340671333333,-1.0261960226666667
2977,8.26911366666665,19.81802686,19.668133416666667,-24.55799356666667,-2.0406005183333336,-1.5421058733333333,9.846426804666667,6.708415508333332,-4.0285772086666665,0.2717925909999999
2978,8.271891333333315,19.882558186666667,19.658336003333332,-24.584129333333337,-4.325141668333333,0.6056771576666667,9.300792058666666,8.461129347333333,-2.628703952,-2.5729501646666666
2979,8.27466899999998,19.923583983333334,19.58743032,-24.610206633333334,-2.837188641333333,-0.31138231066666666,9.50709057,5.584830125,-9.581398646333334,-0.2029885053333332
2980,8.277446666666643,19.976237616666666,19.555442173333333,-24.653989133333337,-2.332927664,-0.6224683026666668,10.712004028,7.740976174666667,-5.815857448666666,-3.5109519160000002
2981,8.280224333333308,20.03737195333333,19.530329386666665,-24.6669337,-3.9788672129999996,0.3159426503333333,9.650331417333334,7.468039512333334,-3.905594746333333,-0.6722840866666667
2982,8.283001999999973,20.0636851,19.481155393333335,-24.716211966666663,-3.1726253033333336,-0.358637549,11.056546527666667,4.816868488333333,-7.96717612,-3.363913377333333
2983,8.285779666666636,20.102682113333334,19.432043073333332,-24.745903033333335,-2.4251018366666663,-0.30461426566666666,9.530839605333332,5.485843877000001,-7.259787877,-1.443554493333333
2984,8.288557333333339,20.135738373333332,19.434384666666666,-24.77457683333333,-4.017021179,-0.22689103066666672,11.137212910666667,4.807860533333334,-1.3873310886666665,-3.3452576793333333
2985,8.291335000000004,20.142425533333334,19.394334793333332,-24.808191933333337,-3.041095336,-0.542261238,10.591586749333333,1.7856121263333335,-6.387897292000001,-2.2166303793333335
2986,8.294112666666669,20.150274913333334,19.37359937,-24.84030153333333,-3.3583242096666672,-0.03445053566666667,10.684558551999999,1.870761315,-4.092087666333334,-2.6840817526666663
2987,8.296890333333334,20.150035223333333,19.399160386666665,-24.86275483333333,-3.424105405666666,-0.30983684933333333,9.513634047666665,0.5004762806666668,1.4362672566666668,-3.7450829349999997
2988,8.299667999999997,20.131541573333333,19.41182454666667,-24.88082376666667,-3.6263283886666664,-0.7253290216666667,9.374153136333334,-1.804416418,0.20158453799999995,-2.607401331333333
2989,8.302445666666662,20.104622523333333,19.43205325,-24.908638,-3.8886876106666666,-0.10954887833333334,10.032040277333333,-2.484440326666667,0.6228059133333331,-4.098875364
2990,8.305223333333325,20.06441561333333,19.497035343333334,-24.915267933333336,-3.1957227390000003,0.09729693366666665,9.515038966,-4.875965000666667,6.542632082666667,-3.5598155656666663
2991,8.30800099999999,20.019838333333333,19.575929006666666,-24.92192843333333,-4.114803632,-1.1094228026666668,8.320886611666667,-5.433802049666666,8.062083402,-4.235032876
2992,8.310778666666655,19.963121416666667,19.664375936666666,-24.923690800000003,-3.7684121929999996,0.7048671916666667,10.596939087333332,-7.094197471333334,9.407117208333332,-3.940384268666667
2993,8.31355633333332,19.871352513333335,19.765455246666665,-24.934389766666666,-3.0865422883333338,-0.6212956213333333,9.990048406666665,-10.947868984333333,10.418964705,-5.565872351333333
2994,8.316333999999983,19.79224332,19.90208244333333,-24.912208566666664,-3.537647476,-0.9448530673333334,10.283363023,-10.678560573999997,15.725006103333333,-3.443484783
2995,8.319111666666648,19.6924483,20.033960976666666,-24.917785633333335,-3.9704315660000002,0.10905700933333333,10.966626167666666,-12.105702241000001,14.104931831666669,-6.223919550666667
2996,8.321889333333312,19.571036019999998,20.15208816333333,-24.911804199999995,-3.1149996916666667,-0.3808212279999999,9.954125881333333,-15.101944926666667,13.018034296666665,-4.4154435
2997,8.324666999999977,19.44906807,20.30932299,-24.905942300000003,-2.968687663666666,-0.7388481993333333,9.949377538333332,-15.206658679999999,17.42134698,-5.9753853480000005
2998,8.327444666666642,19.309272129999997,20.46652412666667,-24.899459866666664,-4.482713063333333,-0.16938618333333336,8.419215679333334,-17.342916803333335,17.492557843333334,-5.832630475333333
2999,8.330222333333307,19.153009416666666,20.593850453333335,-24.912412000000003,-3.674183328666667,-0.27415461366666666,10.427260719333333,-18.55414899333333,13.377531053333334,-6.690697034
3000,8.33299999999997,18.975372946666667,20.75998687666667,-24.914703366666668,-2.5277672609999997,-0.7243907453333334,9.924997169666668,-21.528883933333333,18.229447363333335,-7.006498178666665
3001,8.335777666666672,18.773367566666664,20.942994433333336,-24.92966969999999,-4.708553870333333,-0.283263018,8.242331822666667,-23.963101069999997,19.68538475,-8.973701160333333
3002,8.338555333333337,18.53013865,21.08982340333333,-24.97196196666667,-3.248033523666667,-1.3694814643333333,11.247703391333333,-27.665471396666664,14.664265630000001,-10.356797537333334
3003,8.341333,18.235649746666667,21.28899574,-25.019414233333325,-3.3619715373333334,-0.8899808426666667,11.016005516666667,-33.61967277333333,20.480642953333334,-12.863417625666665
3004,8.344110666666667,17.900364556666666,21.47835032333333,-25.080441800000003,-4.173456509666667,-0.937626362,11.660925865333333,-37.843170799999996,18.987460456666668,-13.841672580333336
3005,8.34688833333333,17.513579683333333,21.690617876666664,-25.16690063333333,-3.616930087666667,-2.1104415656666666,9.894174893,-42.9399751,20.841869353333333,-17.11298370333333
3006,8.349665999999994,17.06172784,21.928293229999998,-25.26778666666667,-4.128348907,-0.7468432436666667,11.325393996666667,-50.04648717333333,23.458049140000004,-19.39674949666667
3007,8.352443666666659,16.54164791,22.178919473333334,-25.377972933333336,-4.029671152666666,-1.588197549,10.178428648666667,-57.810115816666666,24.75467872666667,-20.569725036666668
3008,8.355221333333324,15.972232499999999,22.446790696666667,-25.512499500000004,-2.9745960233333335,-1.8775491713333332,7.181300877000001,-62.47727330666667,26.23348681,-23.497098923333336
3009,8.357998999999987,15.33723354,22.709383646666666,-25.666770933333336,-3.0383179983333335,-0.9737108846666667,8.411102455333333,-69.46627680333333,25.249231973333334,-25.1491731
3010,8.360776666666654,14.629356383333333,23.012056986666664,-25.825497933333335,-3.310508815,-2.033854127,9.397114755333332,-77.79850133333333,30.06508191333333,-26.608324686666666
3011,8.363554333333317,13.859187763333333,23.29510689,-26.000679033333327,-3.581827322666667,-0.8217467366666665,12.047266960333332,-84.51272329333334,27.656486513333334,-27.446444190000005
3012,8.36633199999998,13.053048453333332,23.64081319,-26.170687366666673,-4.63761727,-1.1383866473333333,7.338641604999999,-88.91417695333332,35.52821795,-28.104019163333334
3013,8.369109666666645,12.176520985333333,23.93403116666667,-26.37977093333333,-2.1932008863333334,-1.2153489193333333,9.823439121666667,-95.39736685333332,28.81609853,-30.46608607
3014,8.37188733333331,11.241599717,24.22083219,-26.58520253333333,-3.215747356666667,-1.9753336906666668,8.417092005333332,-102.46666210000001,28.626956303333333,-29.27140045333333
3015,8.374664999999974,10.208305361,24.464843116666668,-26.82595826666666,-2.789364934,-1.4706502356666666,10.460575104,-112.35527037333334,23.40203031,-31.883684796666667
3016,8.37744266666664,9.17421643,24.742184320000003,-27.065986633333335,-4.640717109,-0.6531960466666668,8.260251203333334,-112.48062136,27.94227091333333,-31.92987442
3017,8.380220333333304,8.069721382333332,24.997404733333337,-27.316558833333332,-4.2046407063333335,-0.4282827376666667,12.262183664666667,-120.23088580000001,25.748913446666666,-32.33681043
3018,8.382998000000006,6.898310582000001,25.225385029999998,-27.598378500000006,-2.5831837256666668,-1.8071399133333335,8.285196859666668,-126.54034936666669,22.62829717,-34.233174639999994
3019,8.38577566666667,5.666652599999999,25.361590070000002,-27.89897156666667,-2.4461842176666666,-2.0583911736666667,10.94963614,-132.76392616666666,12.324989797999999,-35.072998680000005
3020,8.388553333333334,4.404561758,25.510830563333332,-28.2172114,-2.8245491583333333,-0.5034049596666667,4.909255523333333,-135.38020070000002,14.293330509666667,-36.45758946666667
3021,8.391331,3.0811462400000003,25.647530873333334,-28.533645633333336,-3.3618143796666664,-1.175460279,12.306404910666666,-142.7208608,13.693999688333335,-36.13113784666667
3022,8.394108666666662,1.733771086,25.716982523333332,-28.876503000000003,-3.4074769020000004,-0.9000017046666665,6.86554122,-144.27126566666666,6.195805231666667,-38.18869273000001
3023,8.396886333333327,0.32676764333333336,25.788433076666667,-29.210512800000004,-2.035510142666667,0.10555183900000002,12.49015204,-151.81455486666667,7.4462992733333335,-36.904159543333336
3024,8.399663999999992,-1.1234510739999999,25.731584549999997,-29.558959966666666,-1.7481612763333334,-1.8217997553333334,5.497531672,-156.16241456666668,-7.246258377999999,-38.67707824666666
3025,8.402441666666656,-2.577784061666667,25.73916944,-29.901423133333342,-3.410427968,-0.5853211730000001,10.068015497333333,-157.05148826666667,1.5643160349999998,-37.62110010666666
3026,8.405219333333319,-4.094153980333334,25.61352666,-30.237205499999998,-1.8099541466666664,0.7972321906666666,15.510118485666666,-164.80648293333334,-13.612085976666664,-38.352204640000004
3027,8.407996999999986,-5.596340139666666,25.521201450000003,-30.563875833333327,-4.64801383,-0.2095781356666667,3.837205648333333,-163.6285197,-8.61430772,-37.038597106666664
3028,8.410774666666649,-7.091659544666666,25.33440780333333,-30.87294006666666,-1.6754545539999999,0.304841265,18.066266376666665,-163.8400167,-19.321584781333332,-36.758697506666664
3029,8.413552333333316,-8.599826019666667,25.08941523,-31.155212399999996,-2.5441125236666666,0.5536385326666665,0.5354455309999997,-166.7016093,-25.641968884333334,-35.70692316333333
3030,8.416329999999977,-10.108723798,24.851954143333334,-31.4504115,-2.822709123333333,0.28147677100000007,17.911799746666667,-166.76747133333333,-23.851253510000003,-36.19028472666667
3031,8.419107666666642,-11.546646436000001,24.468806583333333,-31.664756799999996,-1.4909608463333335,1.4441684879999999,6.2326535383333335,-161.86804200000003,-41.52932675333333,-32.89518801333333
3032,8.421885333333307,-12.980901084666668,24.135523476666666,-31.897071800000003,-2.581449901333334,2.0921205633333333,10.176576933,-161.1512349333333,-34.72147273833333,-33.40903091333333
3033,8.424662999999972,-14.319344520000001,23.695251466666665,-32.05360160000001,-2.9360036256666664,1.2824895183333334,11.52771187,-152.9568888,-48.01832834999999,-30.081335706666668
3034,8.427440666666635,-15.626527789999999,23.244930266666668,-32.20711263333333,-1.8872776826666666,2.3383474349999998,7.998529911333335,-150.0394643,-48.85250155,-30.40613810333333
3035,8.430218333333338,-16.85414664,22.748164496666664,-32.31052653333333,-3.110847115666667,2.2818258603333335,15.011911712,-142.48168180000002,-54.69530233,-28.46743393
3036,8.432996000000003,-18.006058693333333,22.213546753333333,-32.3911972,-4.582202235666666,2.3786292773333337,9.550154207666665,-134.99396256666668,-59.53093592333334,-27.54585139
3037,8.435773666666668,-19.09436925,21.665760676666668,-32.44041190000001,-2.233605315333333,2.680724621,14.62913132,-128.40495046666666,-61.17582703,-26.93525886333333
3038,8.438551333333331,-20.095241546666667,21.092135746666667,-32.46859743333333,-4.393285751333334,1.6027781763333333,10.244159380666668,-119.39552559666667,-64.7660052,-25.620744706666667
3039,8.441328999999996,-21.00729243,20.503815966666664,-32.4642385,-3.927700599,3.497622013333333,17.695678389999998,-109.62500000666667,-66.89175160666667,-24.915983833333332
3040,8.444106666666661,-21.880155566666662,19.957408273333332,-32.44566343333333,-2.9888125263333336,2.0514070193333334,12.711232029333333,-105.81154121333334,-62.483196256666666,-22.252950029999997
3041,8.446884333333324,-22.626731236666668,19.41289138666667,-32.41587573333333,-5.233477592666667,2.8009149233333335,7.781347593333333,-90.91417695000001,-62.36482620333334,-22.101894696666665
3042,8.44966199999999,-23.290457410000002,18.900772096666667,-32.36754606666667,-3.7197661399999995,3.559206644666667,13.22062047,-81.90988539666667,-59.40818151,-18.91749763333333
3043,8.452439666666654,-23.91374333666667,18.43957202,-32.33144886666666,-5.818679650333333,2.1988033849999997,11.58675321,-76.43066533333332,-52.98267110333334,-18.72442277
3044,8.455217333333318,-24.42461268,18.010711033333333,-32.2690684,-4.909199396666666,2.232412775333333,12.322330156666666,-64.02194468333333,-50.519495643333336,-14.673129875666666
3045,8.457994999999983,-24.869351703333336,17.62330436666667,-32.21439106666667,-5.091609955,2.324258228,11.151519137666666,-55.758420306666665,-45.44778951,-13.900074959333333
3046,8.460772666666648,-25.25372505333333,17.291287423333333,-32.1535314,-3.8905071416666672,2.140730301666667,10.334625245,-48.762853619999994,-39.659225463333335,-10.768797397333335
3047,8.46355033333331,-25.58326594,17.01656564,-32.117019633333335,-4.624739011333333,1.7940793833333333,11.698137917666665,-41.30367660666667,-32.14911906,-10.628450714000001
3048,8.466327999999976,-25.836010616666666,16.790214223333333,-32.08304086666667,-3.297489484333333,1.6570532273333332,8.139537730666667,-31.94270801666667,-26.745634080000002,-8.518030963333333
3049,8.46910566666664,-26.039307276666666,16.626545903333334,-32.0655289,-5.82299455,2.082314054,10.794147492,-25.48994064333333,-19.110180656666667,-7.096419731666667
3050,8.471883333333306,-26.202892936666668,16.472012199999998,-32.06228386666667,-3.3964747986666666,1.7229162456666665,9.019028028,-20.213422219333335,-17.369364898,-8.114876669333333
3051,8.474661000000006,-26.315712610000002,16.39987882,-32.079536466666674,-6.051736672666666,1.4361253183333333,12.933705013333332,-13.463532544666668,-7.449225743333333,-5.94636933
3052,8.47743866666667,-26.4164416,16.351623216666667,-32.121129333333336,-4.464505434333333,1.694794456333333,9.731877961666667,-11.184098990333332,-3.6265968473333334,-7.195515632333334
3053,8.480216333333336,-26.446917213333336,16.329710643333332,-32.16416673333334,-4.0830491386666665,1.3759294923333334,8.003292240999999,-2.723698617,-0.7413700443333333,-5.946495372333334
3054,8.482994,-26.46168772333333,16.37386194666667,-32.26328533333333,-4.828012148333333,1.1895112496666667,9.791823229333334,1.0962697470000002,9.286141553,-8.234990437666667
3055,8.485771666666666,-26.467225393333333,16.42967129,-32.34006753333333,-3.9180519583333333,0.8640778203333332,9.838823317333334,1.4232861200000002,9.353098550666665,-5.290635426666666
3056,8.48854933333333,-26.46151288333333,16.51371193,-32.4754257,-4.708465814666667,2.240142981,8.970917384,4.855675061666667,15.430456796666668,-9.865978556666667
3057,8.491326999999993,-26.424894333333338,16.63087654,-32.58233643333333,-2.606459260333333,0.22399514933333328,9.815586089,7.5512162856666665,17.476573944333335,-5.054454803333333
3058,8.494104666666656,-26.406276703333333,16.753376006666667,-32.726649,-4.901612202333333,-0.31571595866666663,9.887920855,6.7916086516666665,20.006058373333335,-8.726111729666668
3059,8.496882333333323,-26.372633616666672,16.86653391333333,-32.8532257,-1.45679006,0.3141948283333333,10.64206918,7.956783135000001,18.039770126666667,-7.262470563333333
3060,8.499659999999986,-26.336225510000002,16.987445193333333,-32.982559166666675,-5.496690829333333,0.6054402470000001,11.151255607333333,8.486001014000001,19.044237136666666,-7.210432846
3061,8.502437666666653,-26.32221730666667,17.12361018,-33.11856336666667,-2.1339675586666664,-0.13209901766666668,7.7248541516666664,6.036326984666666,21.000653266666664,-7.053681532666666
3062,8.505215333333316,-26.281562806666667,17.193304063333333,-33.22032673333333,-3.0563203196666664,0.652794149,8.726121584666666,8.053852399333332,12.110620181333333,-7.113668759333333
3063,8.50799299999998,-26.252746583333334,17.263796486666667,-33.3043518,-1.6821689006666667,-0.510161996,11.86750698,6.029080311666665,11.265144029666667,-5.159480770333333
3064,8.510770666666645,-26.25211843,17.30565452333333,-33.3873342,-3.007726192333333,-0.09537281633333332,7.880621751,2.6149623779999995,8.162536939333334,-6.680129527999999
3065,8.51354833333331,-26.201077780000002,17.319704056666666,-33.441093466666665,-1.7839372556666666,0.22652262433333337,8.522386072666668,7.635681590666667,3.6812915803333333,-5.104656993
3066,8.516325999999973,-26.21027501333333,17.297477083333334,-33.478777599999994,-3.8029500646666663,-0.10412322466666667,11.403697490666667,-0.1687771480000002,-1.086160739666667,-5.32019339
3067,8.51910366666664,-26.227398556666667,17.275140123333333,-33.51901243333334,-1.6414666376666667,-0.77389282,9.400219599000001,-0.999920249,-0.9277057253333334,-5.630692582333334
3068,8.52188133333334,-26.219591140000002,17.20771408,-33.52217863333333,-3.825496455333333,0.08036332333333333,9.974240937333333,0.6201370159999998,-7.655704627666666,-4.277147551
3069,8.524659000000005,-26.255942023333336,17.088943483333335,-33.511339799999995,-1.9391766140000002,-1.1140053246666668,9.113140582666666,-5.094968209666667,-13.895309609666667,-5.503667195333333
3070,8.527436666666668,-26.276248296666665,16.99886481,-33.495208733333335,-3.028625547666666,-0.10256355000000002,9.942299208666666,-3.4595233873333338,-11.066931566333333,-3.5184705653333332
3071,8.530214333333333,-26.32214546,16.83460966666667,-33.46096036666666,-3.4591282210000003,-0.059725155333333335,8.248023827666668,-7.074024689666667,-19.98984623,-5.500526946333333
3072,8.532991999999998,-26.352235156666666,16.689598083333333,-33.4078166,-2.0748996933333337,-0.5555273096666666,10.355549176666667,-5.952058871333333,-18.89240074,-2.5820147196666663
3073,8.535769666666662,-26.411081313333337,16.536624273333334,-33.37889353333333,-4.627161184666667,0.6417649786666666,9.548999628999999,-8.409606616,-18.49495125,-5.497226873333333
3074,8.538547333333327,-26.46303304,16.333007496666667,-33.294125900000004,-2.143938184,-0.8990364670000001,12.706869759999998,-9.670980771,-26.80099042,-2.4914774200000003
3075,8.541324999999992,-26.536141076666667,16.188185373333337,-33.260793033333336,-4.517083644666666,0.8160412709999999,9.256631533333334,-10.304504235000001,-17.836126646666667,-4.641088406
3076,8.544102666666655,-26.594493866666667,16.01046721,-33.181427,-3.632616997,-0.6413828979999999,9.566787878666666,-10.170679726000001,-23.75114123,-1.7065104146666668
3077,8.54688033333332,-26.668474196666665,15.82321612,-33.13369243333333,-3.3549862703333333,0.387460269,14.266827583333333,-10.901344776333334,-23.120956423333336,-5.492900371666667
3078,8.549657999999985,-26.768691383333334,15.70658175,-33.06793973333334,-5.181183894666667,-0.36191210866666673,9.837144851,-14.72701041,-16.491275466666664,0.12974901966666663
3079,8.552435666666648,-26.83046786,15.550481480000002,-33.03302003333334,-3.206507086666667,0.38516767833333326,7.561926047333333,-9.020359199333333,-19.12671089133333,-5.167858829333333
3080,8.555213333333313,-26.903951643333333,15.44426123333333,-32.97901153333334,-4.305834214,-0.16304757166666664,12.960374036,-11.14813455,-14.726847169333332,-0.6185234386666666
3081,8.557990999999978,-27.02545039,15.35671711,-32.95871986666667,-5.225526174,-0.06792567133333331,11.559336820333334,-15.72817516,-11.011722961666669,-2.997353951333333
3082,8.560768666666643,-27.089935936666667,15.293716429999998,-32.93311563333334,-3.174994548333333,0.26439768366666666,8.849879902,-9.109682241,-8.657383144,-1.153374831
3083,8.563546333333306,-27.16658973666667,15.258579573333334,-32.941492700000005,-5.0869194669999995,0.26636876633333334,10.273818968333332,-9.467632611333332,-3.898171583,-3.1077883343333332
3084,8.566323999999971,-27.264947893333332,15.231051446666667,-32.91566213333333,-4.265839258666667,-0.3462674243333334,11.361006100000003,-13.151217776666668,-4.847734373666667,0.72098957
3085,8.569101666666674,-27.34621239,15.244325636666668,-32.95180003333333,-2.8239825666666665,0.4477927686666667,9.808393475333332,-9.129029117,2.729431311333333,-3.278430422333333
3086,8.571879333333337,-27.413514456666665,15.2952741,-32.966000900000004,-5.447371880333333,-0.325530857,10.245742638333335,-8.194938342333334,5.660734255666667,0.9082422653333332
3087,8.574657000000004,-27.486581166666667,15.306788443333332,-32.9838511,-3.2954117853333336,0.4916390776666666,9.475240388333333,-8.682018438666667,1.579549551333333,-1.530647049
3088,8.577434666666667,-27.558633166666667,15.38944181,-33.02291870000001,-2.622454722666667,-0.17979426166666665,10.476842720666667,-7.946155707,10.347324374000001,0.15020616833333333
3089,8.58021233333333,-27.628214516666663,15.463204383333334,-33.0645701,-5.279255708333333,-0.3384512373333333,9.037981988666667,-7.513180733,9.489955424000001,-0.5120542843333333
3090,8.582989999999995,-27.672534303333336,15.528013863333333,-33.09328463333333,-2.8147455056666666,0.042293310666666674,9.454944291666665,-4.930249373,7.8885356579999995,0.24019321800000001
3091,8.58576766666666,-27.73102188333333,15.617568333333333,-33.14148456666667,-3.3707536460000003,0.606067012,10.104053498666666,-5.962602138666667,11.510983466666667,-0.27710315566666677
3092,8.588545333333323,-27.78153928,15.680974323333333,-33.170374566666666,-3.256914576,-0.6236872026666667,8.7454017,-5.644562562333333,7.754778584333334,0.16875072300000002
3093,8.591322999999988,-27.799913410000002,15.768772123333335,-33.22024536666667,-3.9033050536666667,0.20428894466666667,8.656595231666666,-1.0806092420000002,11.40189616,-0.5231283110000001
3094,8.594100666666654,-27.840080263333334,15.819170633333334,-33.24449666666667,-3.145403941666667,0.3569794,10.066982587666667,-4.541647593333333,6.133423010666667,-0.10274296000000005
3095,8.596878333333317,-27.860526403333335,15.869327863333334,-33.2698161,-2.6042764186666667,-0.34845368266666665,9.643113056333334,-2.1210250656666667,6.067944128666667,-0.06848820033333343
3096,8.599655999999982,-27.865462623333332,15.948156673333335,-33.31685386666667,-4.246253887666668,0.144874732,8.990904568333333,0.44123512466666676,10.364843687666669,-0.8137474060000001
3097,8.602433666666647,-27.877928416666666,15.951137863333335,-33.310791,-3.004058440666667,-0.25314986700000003,10.455559732333333,-2.215166092,-0.6162869633333333,0.4588749410000001
3098,8.60521133333331,-27.880226770000004,16.00062275,-33.344429033333334,-2.675668597,0.5280421873333333,9.872047106,0.349719689,6.540749311333333,-1.1028554443333334
3099,8.607988999999975,-27.872326533333336,16.039915403333335,-33.35508983333333,-4.565941095333333,-0.33303182333333337,9.451203188666668,0.7893282629999999,4.151862383,0.7631632483333334
3100,8.61076666666664,-27.863458633333334,16.015728633333335,-33.354423533333325,-2.247932791666667,-0.11570651066666666,11.742644309333334,0.5308634836666667,-3.111583153333333,-1.7703150906666665
3101,8.613544333333303,-27.866239550000003,16.068032263333333,-33.36298116666667,-4.267439444666667,-0.032509851000000006,9.311687468333334,-0.5603200096666666,5.398934285,1.7523679933333334
3102,8.616322000000006,-27.84553337,16.062344233333334,-33.37227119999999,-2.7797842819999996,-0.3258723416666667,8.700810273,2.273067156333333,-0.637277889,-1.7135327259999997
3103,8.619099666666669,-27.818581896666668,16.04540348,-33.34938813333333,-3.273208698,0.0658651266666667,12.113446872666666,1.9347882666666667,-3.6331442993333334,1.061552008
3104,8.621877333333336,-27.833021796666667,16.07958094,-33.36348979999999,-3.974577109,-0.5963237979999999,9.416779993333334,-1.7642957073333332,3.8671262263333332,0.0036287206666667515
3105,8.624654999999999,-27.78244082,16.051158273333332,-33.340566,-2.731566190666667,-0.14727200066666665,8.880583922333331,4.7880173526666665,-4.8500422636666665,0.42248543099999997
3106,8.627432666666664,-27.762697220000003,16.047817866666666,-33.3288803,-3.650047063666666,-0.2522900453333334,10.366544881000001,1.4080869753333332,-1.5594073536666666,0.6361508813333333
3107,8.630210333333329,-27.761042279999998,16.05569267,-33.31835173333333,-3.705561161,-1.1866921383333333,9.100805919333332,-0.7161483866666667,-0.32156955699999995,1.1525339023333332
3108,8.632987999999992,-27.71784845666667,16.03209241,-33.290939333333334,-3.190703034333333,0.6582802283333333,11.263418197333332,3.785139645333333,-4.555974245,1.1342922149999999
3109,8.635765666666657,-27.714046476666667,16.03140227,-33.26639303333334,-2.9673505623333334,-1.2774009306666667,8.444189389333333,-0.8936294713333335,-1.9992722076666667,2.159527699333333
3110,8.638543333333322,-27.691323596666667,16.017198246666666,-33.258420300000004,-4.4488945803333335,-0.3593577146666667,9.430940945666666,1.8937542909999998,-2.5280181566666666,-0.3461550673333333
3111,8.641320999999987,-27.676615396666666,16.010557173333336,-33.21570583333333,-3.4029074509999995,-0.539405028,11.820763747333332,-0.15333473699999978,-3.5673758983333332,3.6134517193333333
3112,8.64409866666665,-27.685206096666665,15.995956740000002,-33.2025121,-3.174573580666667,-0.9046640096666666,7.944340387666666,-2.0113451083333334,-2.776527564,0.020581007000000023
3113,8.646876333333315,-27.66350936666667,15.993013703333332,-33.18147276666667,-4.564621448333333,0.144550979,10.737947623666669,1.3709806999999998,-2.0325791836666665,1.6460645196666668
3114,8.649653999999979,-27.684892653333332,15.981675783333332,-33.156308466666665,-3.947031815666667,-1.141974807,10.299418129666668,-3.951345878333333,-3.087373475333333,1.4536163506666666
3115,8.652431666666644,-27.68503379666667,15.980638186666667,-33.144170133333326,-3.302804549333333,-0.6919999520000001,9.433982214,-0.9389879903333335,-1.356726388,0.8544780016666667
3116,8.655209333333309,-27.694100696666666,15.97627449,-33.1273397,-4.528546094666667,0.2504786156666666,11.424346286,-2.201996167666667,-1.8810369966666667,0.9519316553333335
3117,8.657986999999974,-27.718610766666668,15.982772823333335,-33.1227824,-3.789546887,-0.7557437419999999,10.313413621,-3.628226598,-0.1697113416666666,0.5296383150000001
3118,8.660764666666637,-27.724135716666666,15.98686441,-33.103686033333325,-4.065428972333334,-0.2623913736666667,11.425260862333333,-1.8348758816666668,-1.126198172666667,1.6900101899999997
3119,8.66354233333334,-27.758918126666668,15.982708933333333,-33.10161843333333,-3.1398344039999997,-0.376521622,8.691386541666667,-4.802084644333333,-1.1549245119999998,-0.34226604333333327
3120,8.666320000000004,-27.76434389666667,16.008139613333334,-33.10209656666666,-4.732615788666666,-0.9119825956666666,11.078015326,-1.1863788366666668,2.2052747806666666,0.8571334780000001
3121,8.669097666666667,-27.791799543333337,15.99848366,-33.0928116,-3.790428320666667,0.2701517643333333,11.399579843666666,-4.1125745773333335,-2.1217763026666665,0.06140585700000001
3122,8.671875333333334,-27.824928283333335,16.01661269,-33.10290526666666,-2.7264939153333336,-0.8603348733333332,8.851133187,-4.237691481666666,1.9413154523333336,-0.5172879300000001
3123,8.674652999999998,-27.817459106666664,16.022117616666666,-33.107950833333334,-4.541463851666666,-0.055319060666666676,10.010448775333332,0.5676413473333333,0.28074060366666664,-0.5812168716666667
3124,8.67743066666666,-27.85451571333333,16.022584916666666,-33.1105906,-3.729001045,-0.6655868986666668,10.454173405333334,-4.969575723000001,-0.3982843560000002,-0.632189234
3125,8.680208333333326,-27.859546660000003,16.047763189999998,-33.12909696666667,-2.813731272666667,-0.6647290786666668,9.429702280999999,-0.59875832,3.0743742783333334,-0.8373292606666666
3126,8.68298599999999,-27.850993473333332,16.04655424666667,-33.13753763333333,-4.400777180666666,0.6667124926666667,10.473513125666669,0.7814860593333334,-0.26701990999999997,-1.2891004683333331
3127,8.685763666666654,-27.877897896666667,16.077256523333332,-33.16495263333333,-3.491641839333333,-1.2546374403333334,10.005264918333333,-2.8617289860000006,4.122564037666667,-1.3945116003333335
3128,8.68854133333332,-27.846560793333335,16.104379973333334,-33.17972816666666,-3.6687475836666668,-0.3453742513333333,8.897719224666666,3.689320882,3.1339871086666666,-0.4697479953333333
3129,8.691318999999984,-27.841800053333333,16.115501403333333,-33.20177713333334,-3.3223286469999995,0.395230226,10.980820654666667,0.769524167,1.7854445773333332,-2.0108582366666665
3130,8.694096666666647,-27.8386453,16.17015171,-33.23553976666667,-4.2842845123333335,-1.4868760109999999,8.883247376666667,0.9413829446666666,7.110648155333333,-0.9227742153333333
3131,8.696874333333312,-27.790611900000002,16.19789409666667,-33.25231169999999,-3.2144165040000003,0.3217689233333333,8.747566062333334,5.804843107666666,3.227760871333333,-0.455608964
3132,8.699651999999977,-27.795017243333334,16.228400230000002,-33.2883148,-3.126664638333333,-0.46048523999999996,10.886201222666665,0.10312717166666663,4.660398960333334,-2.49558647
3133,8.70242966666664,-27.767534253333334,16.28635661,-33.32181036666666,-4.401524623333334,-1.2291965686666668,8.80094862,3.931409835666667,7.383491675333334,-0.551346501
3134,8.705207333333307,-27.73003006,16.307358743333335,-33.336146033333335,-2.929512103,0.40915588933333336,10.390077908666667,4.451860758,2.4771825076666665,-0.8096702593333333
3135,8.70798499999997,-27.734186809999997,16.346182823333333,-33.36800639999999,-3.239067792666667,-1.219252748,8.038531938333334,0.05533091233333328,5.252779642666666,-1.447289581
3136,8.710762666666673,-27.702836989999998,16.386863393333332,-33.39202116666666,-4.243914683666667,-0.9788870713333333,10.942157429666667,4.030511041666666,5.072617689666667,-0.6807410716666666
3137,8.713540333333336,-27.708628336666667,16.403252283333334,-33.400477099999996,-3.1704497336666666,0.03346415366666664,10.674309095666667,-0.9103300573333334,1.6015044846666668,-0.2859999336666667
3138,8.716318000000001,-27.713897706666668,16.445022583333333,-33.42536926666667,-3.023717284,-1.9888696670000001,8.474679945333333,-0.36380325366666666,5.231135050333333,-0.7082676886666666
3139,8.719095666666666,-27.706682843333336,16.448894499999998,-33.437698399999995,-3.7968987623333335,0.14791899433333333,12.128814698,0.7658525063333336,0.4743031040000001,-1.3706818023333334
3140,8.72187333333333,-27.746009826666665,16.4833587,-33.4531021,-3.4929502009999998,-1.7652989626666666,7.438591003666666,-4.7555691399999995,3.9587401549999996,-0.17010842233333331
3141,8.724650999999994,-27.743373236666667,16.493425686666665,-33.47206370000001,-2.4435811839999997,-0.7002684273333334,10.834418615666666,0.4687405823333333,1.5142836966666666,-1.7460071643333333
3142,8.72742866666666,-27.764338813333335,16.504813513333332,-33.47152966666667,-4.107630411666666,-0.3254699410000001,10.598902543000001,-3.1182429316666664,0.6501744290000001,0.1808577876666667
3143,8.730206333333323,-27.79711024,16.529473943333333,-33.50287373333334,-3.2582497596666666,-1.3337967793333334,8.257509233,-3.3507475853333335,3.7347434163333335,-2.2032810846666666
3144,8.732983999999988,-27.78487841333333,16.539407413333336,-33.487472533333325,-3.270597219666667,-0.534784595,10.460490701333333,0.398437967,-0.2915625573333334,1.6183543106666667
3145,8.735761666666653,-27.814205169999997,16.566003163333335,-33.5013682,-2.610534191333333,-1.0150481463333334,8.465623696666666,-3.548933267666667,2.9922208786666666,-0.30183807
3146,8.738539333333316,-27.803276696666668,16.599111556666667,-33.50059506666667,-4.2042767203333336,-0.3428841876666667,9.394417126666667,0.7454767326666668,2.9714690669999997,1.395395556666667
3147,8.741316999999981,-27.797520953333333,16.63561948,-33.4722621,-3.6797158716666662,-0.34433838333333333,10.443604469333332,-0.746390343,1.790810724,4.523965130333333
3148,8.744094666666646,-27.79374504,16.70287132333333,-33.473655666666666,-2.560340643,-1.3214954533333334,7.776599407,-0.09064863099999994,6.640806993999999,3.2104164550000003
3149,8.74687233333331,-27.74493090333333,16.796137493333333,-33.4492391,-6.138153235333333,0.5498009323333334,10.201448758666666,4.42992266,8.038406132666667,7.237593333666666
3150,8.749649999999974,-27.728212353333333,16.893468223333333,-33.42358906666667,-4.029694716333333,-0.40016000733333335,11.082116129333334,0.6160655816666666,8.392627190999999,7.650134498666666
3151,8.75242766666664,-27.67606481,17.077383676666667,-33.41893006666667,-4.725883881333334,-0.097306023,8.947585740666666,5.575453996666667,18.720636048666666,10.307574112333333
3152,8.755205333333302,-27.597827273333333,17.255664826666663,-33.4033915,-5.967406908666667,0.13792826733333338,7.908445041,8.281062763333333,17.627227467,10.898386796666665
3153,8.757983000000005,-27.512203853333332,17.498703003333333,-33.3918457,-5.2953650156666665,-0.03795028699999999,13.603721299999998,9.3746049,24.71189117333333,14.136248909999999
3154,8.76076066666667,-27.41260782666667,17.794747033333334,-33.408073433333335,-4.809230963333333,0.4478475499999999,7.375855287666667,11.992504119666664,31.897785186666667,14.088089623333332
3155,8.763538333333335,-27.232541403333332,18.131751376666667,-33.409975666666675,-4.857569098333333,0.15199795600000002,7.799424807333334,21.19692135,35.530289966666665,17.77732849
3156,8.766316,-27.037565230000002,18.51135572,-33.435551966666665,-3.8486406009999996,0.06719834599999998,8.554601667666667,23.828209876666666,41.38971074333333,17.499022803333332
3157,8.769093666666663,-26.7962691,18.960668563333332,-33.4628779,-4.294441461666667,1.2237981103333333,8.443563776,29.576420466666665,49.04330444333334,20.904470443333334
3158,8.771871333333328,-26.472896573333333,19.44627253333333,-33.4896723,-3.806883891333333,1.1017053923333333,6.549904425666667,39.312857310000005,52.96813583666667,22.75392850333333
3159,8.774648999999991,-26.115591683333335,20.003744763333334,-33.539474500000004,-4.635877927,1.33308959,6.337626522333334,44.48447354666666,62.022866566666664,23.813841503333332
3160,8.777426666666656,-25.710286460000003,20.56051254,-33.57457226666667,-4.194262266,1.0138412713333333,12.036394913333334,49.46599133666666,61.25977961333333,25.18881607333333
3161,8.78020433333332,-25.228603996666667,21.163560229999998,-33.61022186666667,-5.290895620666667,0.9413196446666666,7.117644608666667,58.879280093333335,66.63341649666667,26.64461263
3162,8.782981999999985,-24.674109776666665,21.78272247,-33.65740206666667,-3.1122740903333335,1.5338014363333334,14.766027766666667,67.74963251999999,68.61181513333334,26.942743303333334
3163,8.78575966666665,-24.076340990000002,22.377405803333332,-33.65679166666667,-4.0426947276666665,-0.5782552213333333,3.9816074369999996,71.28977585,64.58310445333333,28.872748056666666
3164,8.788537333333315,-23.390837353333335,23.040406546666663,-33.694547033333336,-3.107022086666667,1.2528492706666665,8.514479002333333,83.06955210333332,73.57580820666668,28.42895317
3165,8.791314999999978,-22.664924623333334,23.624963126666668,-33.68908946666667,-2.288270394,1.9447416859999997,10.943245253,86.41405742666666,63.92534764333334,27.486069363333332
3166,8.794092666666643,-21.896228156666666,24.26244481666667,-33.67325593333334,-2.8112467129999996,-0.834488928,5.706899445,90.46168516666667,69.25960668,31.05273628333333
3167,8.796870333333308,-21.03338051,24.876876196666668,-33.6488266,-4.212072372333334,1.7304522196666667,10.417659439333335,101.83210499666666,67.25031661999999,28.775121053333333
3168,8.799647999999971,-20.11728795333333,25.432998656666665,-33.57986703333333,-2.3028741876666667,0.8042806186666667,6.398700316666666,105.43759409666666,59.01780064666667,31.25234985
3169,8.802425666666636,-19.16103681,26.000913619999995,-33.4912974,-3.530113776666667,-0.07314838466666665,13.567507743333332,109.74613190999999,60.59371821,31.440032323333337
3170,8.805203333333337,-18.124676703333332,26.52101962,-33.37689973333333,-3.77208519,1.23556449,8.984729766666666,117.16509756666669,54.45906703,32.38353220666667
3171,8.807981000000003,-17.016223906666667,27.02862612333333,-33.2255427,-1.542879492,-0.932724853,3.9906341233333333,124.45400493333334,52.73890177333334,33.49713007666667
3172,8.810758666666667,-15.835405666666665,27.449519473333336,-33.02566273333333,-1.175942381,0.2779869783333333,11.227569582000001,130.08198803333332,41.98633193999999,34.81968943333333
3173,8.813536333333332,-14.634967483333334,27.87619909,-32.807451900000004,-2.9279249110000003,0.9226078536666665,9.898850122,131.4642919,42.89075724,35.300935110000005
3174,8.816313999999997,-13.371388118666667,28.278958640000003,-32.562721266666664,-2.389273643333333,-0.23462190733333332,7.737215597,137.26164500000002,40.22910372333333,37.20990117333334
3175,8.81909166666666,-12.005323411666666,28.629169466666667,-32.27848303333333,-2.6186442576666664,0.4643696546666667,3.1494056780000004,147.32580566666667,33.91311391,38.09633763666667
3176,8.821869333333323,-10.655446212333333,28.902292886666668,-31.978317233333332,-2.1681573486666665,-1.095757842,16.729530335,144.06539406666664,25.499616461333332,37.767698923333334
3177,8.82464699999999,-9.255456288333333,29.12144788333333,-31.638226833333334,-3.204128305,-0.866763989,10.75933646966667,147.74050393333334,19.153614043,39.88183720999999
3178,8.827424666666653,-7.820556561333333,29.32120577666667,-31.308634399999992,-3.1808428663333337,0.21466594933333336,11.135743777,152.3261769333333,18.04082808833333,38.124320983333334
3179,8.830202333333318,-6.343119541666667,29.445166269999998,-30.93684896666667,-2.707697431333333,-1.5509829126666668,7.507460912,154.84838356666668,9.280106663333333,40.4609286
3180,8.832979999999983,-4.893899301666667,29.537321090000002,-30.583282499999996,-1.9442927440000002,-1.5325931510000002,14.966467539333335,152.5555471,6.816338458000001,38.11042277000001
3181,8.835757666666646,-3.442744394,29.496175766666667,-30.215029399999995,-1.6638931903333336,-1.100533992,11.152860324333332,151.85948686666666,-8.467057308333333,38.343958539999996
3182,8.83853533333331,-1.9717962343333333,29.508689243333333,-29.85752616666666,-4.259953101333333,-2.8787646293333338,7.887821991,154.83827716666667,-0.8797090846666661,37.46773783
3183,8.841312999999976,-0.5089162193333333,29.41920535,-29.49120586666667,-2.5508393446666666,-1.0050376056666666,12.836322146666667,153.4031474,-12.267583847,38.12730789333333
3184,8.84409066666664,0.8854886490000001,29.254213333333336,-29.149136866666666,-2.340922276,-1.7508072856666665,8.681325594,146.64619953333332,-20.313748020000002,36.148938496666666
3185,8.846868333333306,2.300138672333333,29.081392926666666,-28.805234266666663,-3.4490596950000003,-2.659181873,15.374704679999999,149.05192566666665,-20.413614906666666,36.26111221666667
3186,8.849646000000007,3.657981445666666,28.860134756666667,-28.49196626666667,-3.1115595100000006,-1.6302785873333334,10.829852344,144.22596233333334,-25.456026713333333,34.350362139999994
3187,8.85242366666667,4.945022304666666,28.606558483333334,-28.18727366666667,-2.769535938666667,-3.0326343376666665,12.146616936666666,136.30554453333335,-28.662445703333336,34.288585663333336
3188,8.855201333333335,6.226208846,28.326787946666666,-27.890797966666664,-4.425968885333333,-2.2862991093333336,13.491038003333335,136.18825276666666,-31.079516096666666,33.87876193
3189,8.857979,7.432096959333333,28.008576713333337,-27.620107,-3.4734638136666667,-2.5473043123333334,9.943001907333333,128.80214946666666,-35.204242066666666,32.91830380666667
3190,8.860756666666665,8.586535453666666,27.697760900000002,-27.3698705,-3.396788795666667,-3.3712611196666664,14.018004733333333,123.8885193,-33.95909119,30.99308459
3191,8.863534333333329,9.679035344333334,27.347221373333337,-27.1474355,-3.030948917,-3.1022649806666664,13.20687453,118.15337118666667,-38.497127533333334,29.616353353333334
3192,8.866311999999994,10.716985385333333,27.00362905,-26.954414366666665,-4.770177880666666,-2.599663873666666,7.369094132333333,113.41157786000001,-37.664389293333336,27.386932373333334
3193,8.869089666666657,11.717983882333334,26.662121456666668,-26.758247400000005,-3.914290031,-3.7076045673333335,13.587629950999998,108.94384768333333,-36.795878093333336,28.04624938666667
3194,8.871867333333322,12.641229626666666,26.28090794666667,-26.607022600000004,-2.984971046666667,-2.7141590516666665,10.984946250999998,102.06133524333332,-42.072594959999996,25.192189536666664
3195,8.874644999999987,13.494747480000001,25.946383796666666,-26.46825663333333,-4.081181605666667,-2.4802260400000002,13.266451199999999,94.53223674666667,-36.37027804,23.218315763333333
3196,8.877422666666652,14.287506103333333,25.58296458,-26.34763083333333,-3.581714948,-4.305169264666667,14.179731050333336,88.28521729666666,-39.896330516666666,22.68590164
3197,8.880200333333315,15.03060627,25.236524579999998,-26.249689766666666,-3.700258483666667,-2.6600547629999998,8.7517608,83.56570690666668,-38.112487789999996,20.44160589
3198,8.88297799999998,15.707649546666667,24.905472436666667,-26.141314166666664,-4.465881109333333,-2.9896871246666668,16.775233903333334,75.20795440666666,-35.86579895333333,21.404444376666664
3199,8.885755666666645,16.324640273333333,24.545111340000002,-26.066368100000002,-3.997659127,-3.3164853256666667,7.965767862,69.87402216666668,-39.84690984,19.314776736666666
3200,8.888533333333308,16.904755273333333,24.259940463333333,-25.972526533333333,-3.8918810686666667,-2.241612077,10.273406028333333,64.41868845666667,-30.49636523,19.14368407
3201,8.891310999999973,17.403073629999998,23.94769732,-25.906649266666665,-4.758536418333334,-3.326734224666667,14.06625716,56.16826629666667,-34.22696050333334,17.516693433333334
3202,8.894088666666638,17.850779853333332,23.686688739999997,-25.810872433333333,-4.08258756,-4.151005585666667,8.470710913,48.57877604,-27.28075536333333,19.057680450000003
3203,8.89686633333334,18.253570553333333,23.437320709999998,-25.744387299999996,-4.048966487,-2.345685482,10.915209770666666,44.71774101333333,-26.749096233333333,15.759432156666668
3204,8.899644000000004,18.60578219,23.201498033333337,-25.647267666666668,-4.0216292540000005,-3.685694376666666,7.549145579666667,37.16595077333333,-24.075418473333333,18.686580656666667
3205,8.902421666666669,18.89414215,23.019702273333333,-25.570111599999994,-4.013317585,-1.8531450429999998,12.690649669999999,30.576898573333334,-18.48910649666667,14.700717926666664
3206,8.905199333333334,19.153879166666666,22.84951146333333,-25.463406866666663,-5.348366419333334,-3.080983281,9.972319442333335,25.718807535666667,-16.040267468,17.393331526666667
3207,8.907976999999999,19.35099729,22.702596663333335,-25.379132600000002,-2.488846938,-2.790046771666667,10.696539563000002,19.349145251333336,-14.145018738333334,14.24796073
3208,8.91075466666666,19.511866253333334,22.596991856666666,-25.274108866666666,-5.320434729,-2.0317674379999997,8.112791220333333,13.997101188,-8.647188821,14.80545775
3209,8.913532333333327,19.63178825333333,22.492645266666667,-25.16698963333333,-3.612737814666667,-2.2776744366666666,11.361233553666667,9.043026448,-8.384124159666667,15.035840033333335
3210,8.91630999999999,19.700551986666667,22.412548063333332,-25.067728700000004,-3.799899737,-2.9212100506666663,10.635206860000002,3.2759516226666663,-5.923832020333333,13.276975946666667
3211,8.919087666666655,19.771243413333334,22.371519090000003,-24.947530099999998,-5.476310889,-1.4456127486666668,8.482585749666667,2.5558751036666667,-0.7103043793333333,13.886508943333334
3212,8.92186533333332,19.807696023333335,22.311595916666665,-24.845550533333334,-3.13642327,-1.668052296,11.638444263333334,-0.7192090353333332,-3.466430505,12.859906196666666
3213,8.924642999999985,19.802134833333337,22.280757903333335,-24.74193316666667,-3.9195477170000004,-1.7255216540000002,8.544610421,-5.832383438333334,-0.1606054306666668,11.740436553
3214,8.927420666666647,19.79742813333333,22.23199145,-24.64364876666667,-3.0933488209999997,-1.0364055436666666,7.872442086333333,-5.502088188666666,-2.3557501833333334,11.962588629999999
3215,8.930198333333314,19.771064759999998,22.158732733333334,-24.568728100000005,-3.1357920966666666,-1.372071902,11.772954782666666,-6.978095849333333,-6.031453132666667,10.487088680666666
3216,8.932975999999977,19.742103576666665,22.14799118,-24.470904033333337,-2.8988603950000003,-1.2725153763333332,9.380164781666666,-8.376215457666666,1.9278816383333333,10.407145978
3217,8.935753666666644,19.720076243333335,22.071475983333332,-24.404164633333327,-3.9705280063333332,0.44160585100000005,10.859204294333333,-6.070421219,-6.714773098999999,9.764100712
3218,8.938531333333307,19.684375763333332,22.00191498,-24.34836576666667,-2.1192841133333338,-1.4470542273333333,9.544293403666666,-7.265316804333334,-6.302562714666667,8.388317904333334
3219,8.94130899999997,19.663220723333335,21.936289470000002,-24.28788503333333,-4.041721105666666,-1.6582063040000001,7.257103126333334,-5.689075708333334,-5.727049330333333,8.650538602333334
3220,8.944086666666673,19.634646733333337,21.808178583333333,-24.263483666666673,-1.7012620173333335,0.3238030373333333,11.936849910333335,-4.9814106623333325,-14.096212386666666,7.487273057333333
3221,8.946864333333338,19.602582929999997,21.713441210000003,-24.234982833333337,-4.666494369666666,-1.7359273433333333,7.851978142666667,-5.572305043666667,-10.22165648,6.460483153666668
3222,8.949642000000003,19.60741043333333,21.58115895666667,-24.217717500000003,-2.676400423,-1.3276276193333334,6.519959847333333,-0.6353227596666667,-14.852323850333333,6.8511136373333335
3223,8.952419666666666,19.591375986666666,21.423959096666668,-24.224914533333333,-2.9372425079999993,0.6902036023333333,11.897712865666668,-2.051055988,-18.620992976666667,5.236383279333334
3224,8.95519733333333,19.57695706666667,21.310043336666666,-24.218610166666664,-3.9808104830000004,-1.4863658346666666,9.226110298,-2.47240595,-13.175013861666665,4.988800048666667
3225,8.957974999999996,19.60710589,21.119986853333334,-24.235168466666668,-3.796421885333333,-0.5351707813333333,10.364774227333333,3.9269932110000005,-22.68747139,5.586906671666667
3226,8.960752666666659,19.612284343333332,20.95581754,-24.260884633333333,-1.6897818446666666,0.24522542466666666,10.721677143333332,1.2509996093333333,-20.024686813333332,3.7370709973333334
3227,8.963530333333322,19.632255553333334,20.813163123333336,-24.266169233333333,-5.284129222333333,-1.9092342056666667,11.162261643333332,2.195507963666667,-16.903419493333335,4.869869391000001
3228,8.966307999999989,19.67219734,20.59905878666667,-24.311274233333336,-2.73706458,0.6648762386666667,9.722957135,6.309443314666667,-26.40803083,3.693741321333333
3229,8.969085666666652,19.7120018,20.452466330000004,-24.3268407,-3.237931371,-1.237193346,10.969875019999998,5.001650174333333,-17.735707283333333,3.9620366493333337
3230,8.971863333333317,19.76443417666667,20.285720190000003,-24.36137136666667,-4.502417007999999,-0.6996391313333333,9.914122582,7.313917637,-20.650467873333334,2.93065389
3231,8.974640999999982,19.83286603333333,20.120283763333333,-24.378489166666668,-3.771741748,0.23740267133333334,11.070836386000002,8.524223963333334,-19.909419376666666,4.5880149999999995
3232,8.977418666666646,19.885038376666667,19.98348045,-24.41616566666666,-2.992466111666667,-1.2305161160000002,8.648157119333334,7.394892056666667,-17.400101976666665,1.3838265933333334
3233,8.98019633333331,19.964310963333332,19.86581548,-24.415802000000003,-5.690935135,-0.6070410509999999,8.195486385666667,9.077141125999999,-13.834513666333331,4.516618887666667
3234,8.982973999999976,20.039803186666667,19.729930876666668,-24.44684093333333,-2.6028493643333332,-0.8482872743333333,11.604290643333334,9.969682694666668,-17.04526456,2.077716370333333
3235,8.985751666666639,20.106620786666667,19.637302396666666,-24.452217066666677,-4.265120903666666,-0.58123819,10.765649794333333,7.803510664666667,-11.225355148333334,2.9082703690000002
3236,8.988529333333304,20.18512026666667,19.55829684,-24.447120666666667,-4.6808373130000005,-1.753988782333333,7.631512006333334,8.852994758666666,-9.225822926333334,3.590667963
3237,8.991307000000006,20.26873652,19.47598266333333,-24.454437266666663,-3.0077780883333336,-0.7743219086666667,9.127911566,9.938046933666667,-10.132975737666667,2.3185027839999997
3238,8.994084666666671,20.33243815,19.410836536666668,-24.4498825,-4.125147343,-0.5671610583333333,12.996412276666668,7.056717872666667,-7.688053449999999,2.9786670206666663
3239,8.996862333333334,20.39951896666667,19.367642083333333,-24.434916166666667,-4.113627314666666,-1.620083769,11.024960994333334,7.103233416333333,-4.842918414333334,3.097158273
3240,8.99964,20.477575936666668,19.32700475333333,-24.432375600000004,-3.9138977130000003,-0.5314760766666667,7.608650684333333,8.888317188333334,-5.0122768083333336,1.721857756333333
3241,9.002417666666664,20.543256126666666,19.28495407,-24.41672006666667,-3.470317522666667,-0.2983691096666666,10.805709203333334,6.849157969,-4.681104580666666,3.113278508
3242,9.005195333333328,20.584602356666668,19.267307916666667,-24.409957899999995,-3.5206321873333337,-1.2351590769999998,10.771057764,4.361750086,-2.273664554333333,1.2012819846666665
3243,9.007972999999991,20.65343856666667,19.270533243333336,-24.392835000000005,-4.322989304666667,-0.7969381186666666,8.182471116333334,7.182988009,0.4702516593333333,1.3545405866666667
3244,9.010750666666658,20.710915246666666,19.233809153333333,-24.394777933333334,-2.8966976803333337,-0.14829214433333338,7.8962872840000005,6.636908689333334,-4.778429905666667,1.0392634870000002
3245,9.013528333333321,20.74631373,19.238782886666666,-24.387715633333332,-3.5280263426666667,-0.6749742976666667,9.88002634,3.561787605333334,0.26538504166666677,0.22535822766666672
3246,9.016305999999988,20.793631873333336,19.25020917333333,-24.374511733333335,-3.940912743333333,-1.4894494713333335,10.151094596666665,4.821111202,1.2459019226666668,0.6420934203333334
3247,9.019083666666651,20.83791097,19.227038703333335,-24.389030466666664,-3.019510348666667,0.06497661533333332,10.260195415,5.499116182333334,-3.7598453763333333,-0.854401241
3248,9.021861333333314,20.865018843333335,19.21602631,-24.385704033333337,-3.7573513986666662,-1.0288160146666667,11.159505841333333,2.766234954,-1.6616252663333333,0.5572291613333333
3249,9.02463899999998,20.896975833333332,19.224179583333335,-24.394485500000005,-3.882470568,-0.900644779,8.054676373666666,3.8052722610000003,-0.019056956000000087,-1.5804282326666665
3250,9.027416666666644,20.92764155,19.185399373333336,-24.40632376666667,-2.885953108666667,-0.3047537356666667,11.171976409333332,3.781450828,-5.383873621666667,0.13384713733333334
3251,9.030194333333307,20.93335215,19.13920784,-24.434855133333333,-3.245791952,-0.5148412186666667,11.076401072666664,1.4341877896666668,-6.910688002,-1.3368880746666667
3252,9.032971999999974,20.95819600333333,19.118137993333335,-24.440483099999998,-3.2520673673333333,-1.3874271166666665,6.904728730666666,2.8247892856666668,-3.1343711466666666,0.059971481333333354
3253,9.035749666666637,20.980290733333334,19.05172475,-24.478663133333338,-2.417758862,0.22777920999999998,10.699280103666666,3.7777709959999997,-9.571143626333333,-1.4837814766666666
3254,9.03852733333334,20.979596453333333,18.972658159999998,-24.501561500000005,-3.9225659373333333,-0.291306575,12.152635889999999,0.42246824499999996,-10.326670008333334,0.7474660476666667
3255,9.041305000000003,20.97877121,18.935768763333332,-24.525629666666674,-3.2415308553333335,-1.5352150996666667,9.100921791333333,0.48763529466666683,-5.692567825333334,-1.2539066076666667
3256,9.044082666666668,20.989503226666667,18.830984116666666,-24.5698522,-3.5536851086666665,-0.2971896356666666,8.778199197333334,2.6407387256666666,-14.079384169999999,-0.42568715399999996
3257,9.046860333333333,20.970707573333332,18.751701353333335,-24.60428366666667,-3.539886156666667,0.005086948333333267,13.033658664,-1.2918542026666666,-10.865909733,-0.5538183446666666
3258,9.049637999999996,20.931450526666666,18.697420756666666,-24.638615966666666,-3.907903750666667,-1.7973713873333332,7.714968919666667,-3.7206900123333333,-8.019890386666667,-1.5386899710000002
3259,9.052415666666661,20.92648252,18.610822040000002,-24.674901333333338,-3.8252961636666662,-0.25247455,6.982932092333333,0.4168672759999999,-11.759885150666667,-0.449593986
3260,9.055193333333326,20.894503913333335,18.54028956,-24.7138087,-3.470702171333334,-0.23394554833333336,12.041842778000001,-2.6858919463333333,-10.032995066333333,-1.3552021783333335
3261,9.05797099999999,20.837991713333334,18.492985410000003,-24.733612033333333,-3.786998351333333,-0.849415326,10.902755418,-6.393961786999999,-6.687168280333334,-0.3836670616666667
3262,9.060748666666655,20.81398264666667,18.42600059666667,-24.772143066666658,-3.4239794413333335,-0.3088729033333333,7.465720494666667,-1.7457855543333336,-9.609335580666668,-1.4434773923333335
3263,9.06352633333332,20.780133566666667,18.367519376666667,-24.792640699999996,-3.574772636,-0.22134411099999998,12.219797451333333,-3.6584471863333334,-7.969699700666666,0.003790984333333358
3264,9.066303999999983,20.70886294,18.31943067,-24.815765366666664,-3.654758374,-0.2246208836666667,11.235246656666666,-7.983897368,-6.876867612333334,-0.6346655286666667
3265,9.069081666666648,20.668033603333335,18.25455665666667,-24.840159099999997,-3.0480031170000004,-0.6071911803333333,9.796988963666665,-4.345775574666667,-8.846952279,-0.15646460233333329
3266,9.071859333333313,20.63020007,18.213806153333334,-24.8605194,-4.215873797666666,0.680786828,9.71225516,-4.093991677,-5.928637493666667,-0.6321125426666667
3267,9.074636999999976,20.58097712333333,18.161872863333333,-24.865931200000002,-2.754050175333333,-0.008580978666666664,9.660686173333334,-6.051696379999999,-6.6306591416666665,1.3260959783333333
3268,9.077414666666641,20.547264100000003,18.119942983333335,-24.889053366666662,-4.306245883333333,0.2371660223333333,9.276056765666667,-3.5105762929999997,-6.185257553,-0.9407298019999999
3269,9.080192333333306,20.539126713333335,18.099768323333333,-24.88331349999999,-3.057452122333333,-0.22936919466666664,8.950515348666666,-1.5519409773333335,-2.615427255333333,1.1690210686666667
3270,9.08296999999997,20.514506023333336,18.077877043333334,-24.88778180000001,-4.091231584666667,0.2145111313333333,9.867600760666667,-3.076875766,-3.182752292,0.24138845
3271,9.085747666666672,20.501509986666665,18.067934036666667,-24.8879522,-3.463918686,-0.36608159533333334,10.016437688333333,-1.9291317066666667,-1.7071164449999998,0.08590594933333333
3272,9.088525333333337,20.504903156666668,18.065862653333337,-24.88749183333333,-3.374487797333334,-0.33138076466666666,9.977936426666666,0.10510810233333334,-0.7768240770000001,-0.11182746799999999
3273,9.091303000000002,20.52103487666667,18.085028966666666,-24.866589866666672,-4.192631562666667,-0.10206210600000003,10.792458535666666,0.8191176253333333,2.4070166173333334,1.136422421
3274,9.094080666666667,20.523895266666667,18.082678473333335,-24.87454733333334,-3.2570385933333337,-0.4530298263333334,9.386746407333334,0.3415486913333334,-1.1287295026666666,-0.9573064446666667
3275,9.09685833333333,20.5597407,18.092044196666667,-24.855016066666668,-3.9500065643333335,-0.26705569,6.250140825666667,3.1986844936666667,1.2530655066666667,1.3783618313333335
3276,9.099635999999995,20.592058816666665,18.121342976666668,-24.83275093333334,-3.270436764,0.7571391166666666,10.583188693333334,2.7954866886666667,3.6021256446666663,0.8388577300000001
3277,9.102413666666658,20.608300526666667,18.105172476666667,-24.835909533333332,-2.848730842333333,-0.5632161696666668,9.901166440333334,1.684298396,-2.526170035333333,0.03920261066666675
3278,9.105191333333323,20.66652171,18.112333296666666,-24.81016543333334,-3.672396024333333,-0.06461753466666664,8.779143492333334,5.772437572333334,1.251835982,2.1384427896666667
3279,9.107968999999988,20.714767453333334,18.116432823333334,-24.798375433333344,-2.7497402826666666,0.5431252320000001,10.661969185,5.010037660333333,0.3483279746666666,0.790591841
3280,9.110746666666653,20.745996473333335,18.07482210666667,-24.800923666666662,-2.904599587,-0.528033892,10.623512583999998,3.5466454026666674,-5.361819884333333,1.1805771093333333
3281,9.113524333333316,20.805245716666665,18.060820263333333,-24.783515933333334,-3.716868400333334,-0.37247616299999997,12.1964318,6.111108144,-1.4510295190000002,2.1715108953333333
3282,9.116301999999981,20.843675613333335,18.053998946666667,-24.783271799999998,-3.649466117333334,0.052646408999999984,10.449548084333335,4.336396108,-1.320640127,0.07073375599999998
3283,9.119079666666645,20.886576969999997,17.979314806666668,-24.794817633333338,-3.0622781516666664,-0.8892883856666666,8.177092870666668,5.174011548666667,-9.427592594333333,1.6386878886666665
3284,9.12185733333331,20.937788010000002,17.949106853333333,-24.800916033333337,-3.8043431443333326,0.306276242,10.943778674,6.127348423,-4.227237100333332,0.32880147299999996
3285,9.124634999999973,20.959646863333333,17.916430790000003,-24.804242466666665,-2.8506390256666667,-0.23650141566666663,11.055312791333334,2.374106665333333,-4.377105395,0.747022152
3286,9.12741266666664,21.00076421,17.85283979,-24.821283966666666,-4.238403876666666,-0.3462499673333333,7.883370558333333,5.254568722666667,-8.357600849333334,0.7328361473333334
3287,9.130190333333303,21.05892372,17.816831590000003,-24.82963563333333,-2.675387998333333,0.47344159066666663,10.14267699,6.925718148666667,-4.958319028333333,0.353015423
3288,9.132968000000005,21.08162689,17.77149709,-24.84010823333333,-3.5945647556666667,0.558878541,12.03082657,2.7957640289999994,-6.029283841333334,0.7100863853333333
3289,9.13574566666667,21.10689036,17.727510453333334,-24.853708900000004,-3.4054863453333333,-0.8399757743333334,10.586547216666666,3.1768997510000005,-6.065392176333333,0.1606610516666667
3290,9.138523333333334,21.150852840000002,17.69587707333333,-24.86607616666667,-3.9564031756666664,-0.223991533,9.041098116333334,5.439568102333332,-4.592231710666667,-0.13449164200000008
3291,9.141301,21.179807026666666,17.659634273333335,-24.877886466666666,-2.8170972666666665,0.12705626066666667,11.113420804666665,3.5561052956666668,-5.1237005390000006,0.01981683066666669
3292,9.144078666666664,21.1864179,17.62339719,-24.89353686666667,-4.002787749,-0.919850687,10.469235739,1.0579020183333334,-5.2424403029999995,-0.287378937
3293,9.146856333333327,21.206371309999998,17.618586223333335,-24.902488700000006,-3.5833105246666666,-0.6120562506666666,7.836551666999999,2.3714087806666666,-1.4891092676666666,-1.0391609866666667
3294,9.14963399999999,21.22973124333333,17.591925303333337,-24.915219633333336,-3.652292808,-0.077281367,6.997325897,2.9631954826666664,-4.027736494666667,-0.32900631166666666
3295,9.152411666666657,21.22944259666667,17.58855502,-24.924357099999998,-3.760219892,0.028538890333333344,11.006306963333332,-0.06748495000000002,-1.3412043653333334,-1.14583161
3296,9.15518933333332,21.228569033333333,17.592723843333335,-24.926424666666662,-3.159533103333333,-0.124590665,9.721808436666667,-0.3279518286666665,-0.15508140133333326,-0.5685335396666666
3297,9.157966999999985,21.246627806666666,17.59369405,-24.9321391,-3.780688285666667,0.08638034299999997,8.168204308999998,2.021945,-0.7121824896666668,-0.9486147066666666
3298,9.16074466666665,21.254685719999998,17.61717987,-24.9256821,-3.6864852903333336,-0.4907272653333334,10.902758756333334,0.45904978100000005,2.339271227333333,-0.5511244163333333
3299,9.163522333333315,21.243089676666667,17.63030878666667,-24.925254833333327,-3.0462366739999998,0.49740840000000003,10.023523967000001,-1.742451191,0.9022956690000002,-0.8127653600000001
3300,9.166299999999977,21.244515103333335,17.648080826666668,-24.922210699999994,-3.719748497,-0.261898617,10.782837709,-0.1959617136666667,1.5273086006666665,-0.7367849396666667
3301,9.169077666666643,21.240795136666666,17.69197082333333,-24.913047766666665,-3.1463522113333333,-0.746863215,10.283510686,-1.115303546,4.705283860333333,-1.2144349216666668
3302,9.171855333333307,21.224072136666667,17.721053443333332,-24.904815666666675,-3.9722153346666667,0.42936409000000003,7.254203478666668,-2.571460346333333,3.032102346666667,-0.6142976880000001
3303,9.174632999999972,21.212880453333334,17.748992919999996,-24.90557353333334,-3.306783676333333,-0.011363843999999975,10.273986656,-1.6777622399999998,2.505797823333333,-1.605355064
3304,9.177410666666637,21.18930562,17.797225316666665,-24.89767963333334,-3.140338103,-0.30245421333333333,10.985501606666666,-3.3843921619999997,5.151796023,-1.4949792373333333
3305,9.180188333333337,21.151618323333334,17.861157733333332,-24.88516746666667,-4.538370450333333,-0.5351482926666667,8.509182293666667,-5.32702279,7.083860556333334,-1.7347754240000002
3306,9.182966000000002,21.1240139,17.906395596666666,-24.892105100000006,-3.567652066333333,-0.444446251,8.180043698666667,-3.2991519770000006,4.167718048,-3.053677916666667
3307,9.185743666666667,21.07871882,17.971022923333333,-24.894930500000005,-3.140801112,-0.09453687333333333,11.283399901333333,-5.692567666333335,6.536014557000001,-3.3919396450000003
3308,9.188521333333332,20.999229433333337,18.063855489999998,-24.884391766666667,-4.7428061963333334,-0.39099863166666665,11.98879528,-10.173745473333334,10.232432366333335,-3.18377312
3309,9.191298999999995,20.934764226666665,18.14950498,-24.904342633333332,-3.2506206033333336,-1.6174442173333334,7.292062123666668,-7.343695442666667,8.201029459999999,-6.085885048000001
3310,9.19407666666666,20.858120600000003,18.242179873333335,-24.919344600000002,-3.8946493466666667,0.6819973983333333,11.155239739666667,-8.940267246333333,9.236466247333334,-5.755434632333333
3311,9.196854333333324,20.73214022333333,18.37413279333333,-24.931427000000003,-3.6472845873333335,-0.49575063599999997,12.194536845,-14.981441498666664,13.732271832666664,-7.1776762000000005
3312,9.199631999999989,20.60401662,18.54162725,-24.951794933333332,-4.576584339,-1.4951979420000001,8.708264667333333,-14.865110319000001,17.422944069666666,-9.486582755999999
3313,9.202409666666654,20.456468583333336,18.697945276666665,-24.974769600000002,-4.318146308333334,-0.579300853,8.623107909,-17.179614862333334,16.084803741666665,-9.272123018333334
3314,9.205187333333319,20.2535642,18.913946786666667,-25.001510633333336,-3.837141116666667,-0.49232489500000004,10.484890620333333,-23.547443393333328,22.684014003333335,-12.099958102
3315,9.207964999999982,20.037151336666668,19.172065736666667,-25.017939233333337,-5.46224308,-1.544334223,10.469552358666666,-25.679350536666664,27.880108516666663,-12.639870801
3316,9.210742666666647,19.770701723333335,19.4147199,-25.067001333333334,-3.75317208,-0.5351930413333333,10.628796736666667,-30.253577869999997,24.949942906666667,-15.327257793333331
3317,9.21352033333331,19.46132088,19.737353006666666,-25.100499466666665,-4.486048618666667,-1.5389328003333331,7.0993679363333335,-36.13992373,34.64851761,-16.772523879999998
3318,9.216297999999975,19.107791263333333,20.064213433333332,-25.139818833333333,-4.915381352000001,-1.7785822949999999,10.068649053000001,-41.04848289666666,35.018215813333335,-17.378745716666668
3319,9.21907566666664,18.68674087333333,20.4135952,-25.20660146666667,-3.1978694203333333,-0.3431341696666667,10.144263588333333,-48.084948856666664,36.71117210333333,-20.851096153333334
3320,9.221853333333305,18.203510283333333,20.782295226666665,-25.272995000000005,-4.467789073666666,-2.183883508,11.58077717,-55.398700713333334,39.11533991666666,-21.36904017
3321,9.224631000000008,17.677755993333335,21.15584882,-25.362737033333328,-3.344533682,-1.7365290523333332,9.180279573666665,-59.53627649999999,39.02949523666666,-23.55171267
3322,9.22740866666667,17.06169637,21.54507255333333,-25.45682016666667,-3.4833627939999996,-1.1444310346666666,12.490462622,-70.05823008333333,40.973506926666666,-24.270270666666665
3323,9.230186333333336,16.375543276666665,21.957468669999997,-25.56449636666666,-3.0796591840000005,-2.0896794,9.137990634333333,-77.88654455,43.436481476666664,-25.931661606666665
3324,9.232964,15.634168943333334,22.354361216666664,-25.6950658,-3.6284599303333334,-1.0314297083333333,9.582549571333333,-83.28297170333333,41.29732259,-27.383693060000002
3325,9.235741666666666,14.820501963333333,22.756059643333334,-25.83465066666666,-2.9197106563333333,-2.279539148,8.856820185,-91.55733488666665,41.926637013333334,-27.771170933333334
3326,9.238519333333329,13.943859096666666,23.147723513333332,-25.990341166666667,-3.070902029333334,-1.128117005,7.873495578666667,-98.16296132000001,40.751019793333334,-28.637969336666668
3327,9.241296999999994,13.015397386666669,23.533133823333333,-26.165232333333325,-2.89565444,-0.5219344893333333,7.618797938,-103.44711812000001,39.98688952,-29.915230429999998
3328,9.244074666666657,12.022052445666667,23.899188996666666,-26.352088933333338,-4.011907418666667,-1.9408280453333333,13.761644044999999,-110.39903005333333,37.93166796333333,-30.1873792
3329,9.246852333333322,10.969590504000001,24.27337900666667,-26.544527666666667,-3.550692081333333,-0.5213421583333334,11.515213329666665,-117.20295970000001,39.29044851,-30.109217326666666
3330,9.249629999999987,9.876922606333332,24.597230909999997,-26.764078799999997,-3.421899159666666,0.5896371703333333,9.718694845666667,-120.49745180000001,33.40072600333334,-31.185403190000002
3331,9.252407666666652,8.742832662,24.922562916666664,-27.010765066666664,-4.068255146333333,-2.488958041,5.559822827666667,-124.0446447,33.719590503333336,-33.30927022333333
3332,9.255185333333316,7.547156811000001,25.172422406666666,-27.25886026666666,-1.6437288373333334,0.03790529566666664,14.37680626,-131.16749066666665,25.332589784333333,-31.641304653333332
3333,9.25796299999998,6.292388518666667,25.42667707,-27.538586933333324,-4.757613817666667,-0.4858140750000001,6.300012827,-136.58864596666666,26.20647271333333,-34.348433809999996
3334,9.260740666666644,5.052707672333334,25.599305473333335,-27.82375083333333,-1.3656618893333334,-0.7324608166666667,11.3358736,-134.32137809999998,17.002302486,-33.739350003333335
3335,9.263518333333309,3.7539373536666667,25.797664643333334,-28.11822256666667,-3.531207045,-0.06686741133333333,3.4489353496666673,-140.89998883333337,20.846539336,-34.144450506666665
3336,9.266295999999974,2.406095147,25.91356659,-28.43883006666667,-1.4411762756666666,0.7200593006666667,16.924713136666668,-145.2669271,11.424937566666665,-36.450917563333334
3337,9.269073666666639,1.0524980626666667,26.013676959999998,-28.751457233333337,-3.804390430666667,-1.4742173950000002,6.799426158333333,-146.30888366666667,10.520955523666666,-34.46704483
3338,9.27185133333334,-0.3371955179999997,26.052622476666667,-29.078153,-1.9315265913333333,0.7554801703333333,13.107532503333333,-149.9263153,3.804230053333334,-36.45746866666667
3339,9.274629000000004,-1.7285388309999998,26.058484396666667,-29.406885799999998,-3.6517025633333335,0.2520876726666666,3.583487987333333,-150.02388,0.8601250646666667,-35.76113128666666
3340,9.27740666666667,-3.1625721453333333,26.017378490000002,-29.7403819,-2.2017654976666665,-0.7674936849999999,14.49444135,-154.80281066666666,-4.012177785333334,-37.479170483333334
3341,9.280184333333333,-4.577714085333333,25.93414116,-30.054290766666668,-3.2803417046666667,1.2507648816666668,6.470843156333333,-153.6825256333333,-8.279207469333333,-34.865144093333335
3342,9.282962,-6.014350334666666,25.8362662,-30.374527,-2.7474623123333335,0.9576864239999999,14.604929606666667,-155.88586936666667,-9.153257926333334,-36.84031423
3343,9.285739666666661,-7.419381699666666,25.65304374666667,-30.6696701,-3.1085886956666666,0.3119233346666666,5.0042399563333335,-153.49394733333332,-18.78728866666667,-34.64236577333333
3344,9.288517333333326,-8.842458566,25.472185136666667,-30.964635200000004,-3.5300743180000005,2.122687071666667,15.864817620000002,-155.7591858,-17.693419455666668,-36.01514308
3345,9.291294999999991,-10.228945413,25.194442116666668,-31.222343433333332,-2.7379252113333337,0.25183717433333325,9.469334919333333,-153.2669932,-28.99856821666667,-33.847678503333334
3346,9.294072666666656,-11.566767056666668,24.941882449999998,-31.4735972,-3.887272089666667,1.9814736046666666,11.968393323333332,-148.40719096666666,-25.513680137333335,-32.55340957666667
3347,9.29685033333332,-12.860690435,24.571564353333333,-31.676638300000004,-2.1411395073333335,2.670674602,9.467873573,-145.1141154,-39.52382532666667,-31.87490590666667
3348,9.299627999999986,-14.120879173333334,24.260635373333333,-31.875907866666665,-4.269425352333333,0.535662522,9.975413323666666,-141.94340513333336,-32.18799782,-29.54110527
3349,9.302405666666647,-15.295182543333333,23.826726276666665,-32.01354216666667,-2.3249205846666667,3.0331892170000003,14.052844366666667,-134.093071,-47.30534744,-28.686927163333333
3350,9.305183333333312,-16.43946171,23.439427693333332,-32.14459993333333,-3.81549712,3.226627270333333,8.480086167333333,-131.64656066666666,-41.762016296666665,-26.183598203333332
3351,9.307960999999978,-17.495809240000003,23.029513043333335,-32.24939726666666,-3.287933389333333,1.0664923190000002,10.778276125333335,-121.80712129999999,-44.354211170000006,-26.166841509999998
3352,9.310738666666643,-18.471432366666665,22.563631696666665,-32.299896233333335,-4.248406529333334,3.087458133666667,11.291662692000001,-115.26247914999999,-52.48347855,-22.096834816666668
3353,9.313516333333306,-19.43413289333333,22.145207090000003,-32.36057026666666,-1.9799006283333334,2.8220469950000004,12.23704497,-112.81474049333333,-45.906200410000004,-23.360868453333335
3354,9.31629399999997,-20.274892806666667,21.693681716666664,-32.37723033333334,-4.965396245666667,1.7041480936666666,7.999313990333334,-100.73269398666666,-51.35286331333333,-19.575389226666665
3355,9.319071666666673,-21.055630366666666,21.270407356666666,-32.38843026666667,-3.0085441073333334,3.3936183453333335,9.022697765666667,-93.30954234333332,-47.64042536333333,-19.56611061
3356,9.321849333333338,-21.795732496666663,20.865371703333334,-32.391652400000005,-3.7967443863333337,2.5858052573333334,14.866771063333331,-89.00789895333332,-45.77838261666667,-18.33210627
3357,9.324627000000003,-22.44180679,20.47924932,-32.36797333333333,-4.5709403753333335,2.6361312866666666,7.3704774383333325,-78.76567967666666,-44.47921371333333,-15.438094776666668
3358,9.327404666666666,-23.02179464,20.11738459333333,-32.368693,-5.051351308666667,3.1328754026666665,11.767303783333332,-69.92595164,-40.65047582,-17.018319766666668
3359,9.330182333333331,-23.53389613,19.75671323,-32.329673766666666,-4.385202169333334,2.7735607623333336,9.832360744666667,-63.39492798,-42.03344981,-13.435904183333333
3360,9.332959999999995,-23.982798256666666,19.461612066666664,-32.327372266666664,-5.738983154333333,2.5794514813333334,11.257342655333332,-54.3267231,-33.125464756666666,-14.261560440000002
3361,9.33573766666666,-24.352729796666665,19.164568579999997,-32.31072743333334,-3.6983215013333335,2.804360469,12.58571688,-45.46478335333333,-33.83930969333334,-13.150152206666668
3362,9.338515333333323,-24.66928482333334,18.90534274,-32.29391986666666,-5.103557745333333,1.6239366333333336,8.938478787,-39.06368955,-29.68548393333333,-11.477591833333333
3363,9.341292999999988,-24.93788592,18.667642596666667,-32.30641936666667,-4.237536907,3.217770894333333,12.140413127,-32.21590805,-25.840580619999997,-13.585941313333334
3364,9.344070666666653,-25.158930459999997,18.46597862333333,-32.296134933333335,-4.453066985,1.0272115456666666,7.4574906033333335,-27.354937870000004,-22.990541776666664,-9.474613191
3365,9.346848333333318,-25.317459106666664,18.283128103333333,-32.3193461,-3.1649364633333334,1.880115708,11.993860563333334,-18.59902763166667,-19.292223612333334,-12.082327526666667
3366,9.349625999999981,-25.462460836666665,18.140426633333334,-32.349187199999996,-4.381903887,1.4657925766666668,8.743049941,-16.737911541,-14.574453673333332,-10.726620037999998
3367,9.352403666666646,-25.53063838,17.994365059999996,-32.3710963,-4.540079116666667,1.5912101466666666,9.327931879666666,-7.800709964666666,-15.32217407,-10.124838195333334
3368,9.355181333333311,-25.601028443333334,17.910424550000002,-32.44029999999999,-4.002214114,1.8733513750000002,7.660698175666667,-6.336630940333333,-6.2579564266666665,-11.797982849999999
3369,9.357958999999974,-25.642679213333334,17.792551673333335,-32.462041199999994,-4.366088469666667,0.24701574433333331,10.561033566666667,-4.657754062333333,-12.258099871666667,-8.679585774666664
3370,9.360736666666641,-25.65120697,17.72292772666667,-32.5349477,-3.6248114903333337,2.0290559133333335,12.238925616666668,1.1881039936666669,-4.502120496333333,-11.474397026666667
3371,9.363514333333304,-25.655866623333335,17.66350047,-32.58703106666667,-4.333994944666666,1.1789352796666666,10.541710536666665,0.8655478753333335,-4.415667722666667,-8.811276117666667
3372,9.366292000000007,-25.63094203,17.575245536666667,-32.6374944,-2.7927487293333333,0.5237320689999999,9.068441232666666,4.385849078333333,-7.631057579999999,-10.118900617333333
3373,9.36906966666667,-25.609828953333334,17.557484943333332,-32.71885173333334,-4.633812427666666,0.9674144086666666,11.375118256333332,5.009735624,1.5379431250000002,-9.651022275999999
3374,9.371847333333335,-25.59617424,17.50603231,-32.774945566666666,-4.584171851333333,0.350724126,9.833155156,3.195696095666667,-3.3779630676666663,-8.804214954
3375,9.374625,-25.564045590000003,17.464647926666665,-32.83300276666666,-2.096727291666667,0.030664026666666677,11.983841580333333,5.532650391333334,-2.1856373286666666,-8.456716058666666
3376,9.377402666666663,-25.549019496666663,17.45694669,-32.908559133333334,-4.385209083666666,0.4148451983333333,11.288689614,4.069402019000001,2.335369269333333,-8.57892879
3377,9.380180333333328,-25.548472723333333,17.4255778,-32.9565226,-3.798010925333333,-0.696212749,8.704171339333334,1.3784687523333332,-1.5877753096666665,-6.910358588000001
3378,9.382957999999991,-25.53085009,17.385759356666668,-33.008183800000005,-2.589623784,-0.34110712,9.570424715,3.522704442333333,-2.3376363466666668,-7.753459136333333
3379,9.385735666666656,-25.55464299333333,17.374768576666668,-33.06662240000001,-4.002776861,1.45742023,12.3106308,-1.1765558036666666,1.1390265623333333,-6.958162466666667
3380,9.388513333333321,-25.582594553333337,17.32207171,-33.08828226666666,-2.9619785149999998,-1.1484746536666668,9.708526451,-3.021908442333334,-5.201794306666667,-5.333852966666666
3381,9.391290999999987,-25.59146499666667,17.297618233333335,-33.14265186666666,-3.154061953333333,0.1460359693333333,7.7555403709999995,0.4615510306666666,-0.526722764,-7.226642848666667
3382,9.39406866666665,-25.616154353333332,17.23997116,-33.15087893333334,-3.328160206333333,1.2678080796666666,9.488533653666666,-3.1806053320000003,-6.413365205333334,-4.178386688333333
3383,9.396846333333315,-25.674060819999998,17.1658535,-33.17592876666667,-3.394747893,-0.7722652553333335,11.285549797000002,-6.448610585,-7.3536221196666665,-6.763999064666667
3384,9.39962399999998,-25.713374453333333,17.150074643333333,-33.20063016666666,-2.960519552333333,0.7408756763333333,8.914595287000001,-4.354693174333334,-1.0619619286666666,-3.7199510729999994
3385,9.402401666666643,-25.778092703333332,17.04133733,-33.2121989,-3.755569537333333,0.49446534633333333,10.910886446333334,-7.832545123,-11.754631997666666,-7.205448468666667
3386,9.405179333333308,-25.848192216666664,16.967765173333333,-33.204887400000004,-3.4414569536666666,-0.5331627976666666,11.678531646666668,-9.122745038333333,-8.900268236333334,-3.4150735536666663
3387,9.407956999999973,-25.928740180000002,16.924915313333333,-33.241783133333335,-3.4355517229999997,0.34595098099999994,9.438071409333334,-8.831443706,-3.365493059,-6.3779064813333335
3388,9.410734666666636,-25.996986386666663,16.797766686666666,-33.2226664,-3.6850474673333333,-0.37492742166666665,9.312954265666667,-9.40280517,-15.247394243333332,-5.058876911666666
3389,9.413512333333339,-26.072758359999998,16.712433496666666,-33.2241389,-2.975564479666667,0.49801103300000005,12.199863118666668,-9.450463294666667,-9.716193837333334,-4.9824088416666665
3390,9.416290000000004,-26.178374610000002,16.649068196666665,-33.23781333333334,-3.7791989643333337,-0.29174869266666664,9.091779709,-12.724339486666665,-6.713983614999999,-5.100405534
3391,9.419067666666669,-26.243275323333336,16.53279145666667,-33.224502533333336,-3.4813654819999997,-0.18376037599999998,8.841841378333333,-8.764967281666665,-13.771860123333335,-5.140586217333333
3392,9.421845333333334,-26.318090440000002,16.451987583333334,-33.21364596666666,-3.692082087333333,0.6869131843333331,11.790122032666666,-9.787776945666666,-9.839040598333332,-3.501069466
3393,9.424622999999997,-26.432224276666663,16.37558110333333,-33.21831766666667,-3.673758308,-0.16310325266666667,9.581525326666666,-14.005299566666666,-8.564424355666667,-4.881617466333332
3394,9.427400666666662,-26.481982546666668,16.29731655333333,-33.19718933333333,-3.3930181659999996,-0.4409073786666667,7.939236958666666,-7.195402463333334,-10.04499499,-2.4043103853333334
3395,9.430178333333325,-26.558050793333337,16.22129217666667,-33.18823749999999,-4.360299746,1.3127466636666667,9.551655133666666,-9.877896309666667,-9.212694964,-3.502691547
3396,9.43295599999999,-26.644108456666668,16.14584605,-33.169069933333326,-3.240414858,-0.5644387403333333,11.473384541333331,-11.503445625,-9.662635168,-2.4294125833333333
3397,9.435733666666655,-26.701013563333333,16.097803433333336,-33.15820313333333,-3.587434570333334,0.7068613966666666,8.180138270333334,-7.712703546,-6.298908392666667,-1.8329335723333333
3398,9.43851133333332,-26.771849313333334,16.04434236,-33.146458933333335,-4.470975875666666,-0.18058741066666664,7.929774761666667,-9.383353550333334,-6.920305370666668,-2.0272518096666667
3399,9.441288999999983,-26.82245636,15.981353443333333,-33.126429266666655,-3.298170407666667,0.627903978,12.15146891,-7.254946867666667,-8.382237912333332,-1.679341813
3400,9.444066666666648,-26.88784726333333,15.965706826666667,-33.123522400000006,-3.9964361189999997,0.5090072403333333,10.655511537,-8.450773557333333,-2.3879427713333334,-0.9467533426666667
3401,9.446844333333312,-26.94404348,15.92830817,-33.11780546666666,-3.8993726573333336,-0.6774892456666667,7.608400503666668,-7.452061175333333,-4.900772094666666,-1.7645305793333332
3402,9.449621999999977,-26.964009603333334,15.898058253333332,-33.11112213333334,-3.834631602,1.4931447703333334,10.175502619333333,-3.181915641,-4.164926767333333,-1.332444012
3403,9.452399666666642,-27.024204893333334,15.895629246666667,-33.10708110000001,-3.8451048536666668,-0.4797036893333333,12.592693966666666,-7.856454372333334,-1.0729591299999999,-0.0399410526666667
3404,9.455177333333307,-27.07224718666667,15.872236569999998,-33.11351776666667,-3.3811199666666667,0.5559007313333334,9.253647804666667,-6.0858184893333345,-2.71515584,-2.358400861333333
3405,9.45795499999997,-27.078324633333335,15.876011213333333,-33.11316936666667,-4.1652556259999995,-0.24948977900000005,9.197489102666667,-1.2810617883333333,-0.21924099500000013,-0.08141483866666666
3406,9.460732666666672,-27.12298774333333,15.87845993,-33.12141926666667,-3.673556566,0.3831806976666667,11.021546044666666,-5.623336315,0.14310228833333336,-1.1482264003333336
3407,9.463510333333337,-27.163003923333335,15.86452007,-33.12600200000001,-2.7514133453333334,-0.13306389266666666,10.937766077333334,-5.181840897,-1.8584281206666666,-1.5369736750000003
3408,9.466288,-27.173966726666663,15.893433253333333,-33.14275106666667,-4.653643290333334,0.14686318266666668,10.978569666666667,-1.3108939330000002,3.4228602746666663,-0.5709325866666667
3409,9.469065666666667,-27.205942790000005,15.902230263333331,-33.1510442,-3.364040057,-0.33783318599999995,7.940184594000001,-4.092518965666667,0.7686022123333333,-0.6854285496666667
3410,9.47184333333333,-27.22654851333333,15.886178019999997,-33.1594696,-2.482118726,0.59934627,12.051148413666667,-2.7404369909999997,-1.8077973126666667,-2.199737827
3411,9.474620999999994,-27.252511979999998,15.929984409999998,-33.16902666666667,-4.491834243333334,-0.15441899733333334,11.326227189333332,-3.303019881333333,4.572798411,1.1269111036666668
3412,9.477398666666659,-27.283827463333335,15.935729660000002,-33.1894048,-3.5963753859999996,-0.16306175766666667,7.054060618333334,-3.643719077333333,1.124528726,-2.1922839086666666
3413,9.480176333333324,-27.282359443333334,15.938842453333335,-33.18302406666667,-2.8009212016666667,0.22572356500000001,11.419942856666665,-0.5656477560000001,-0.602831046,0.4992341796666668
3414,9.482953999999987,-27.32253138333333,15.96426964,-33.188863133333335,-4.004572948,0.6000252663333333,11.771861710000001,-5.138646602666667,2.4729990956666668,0.35223412533333337
3415,9.485731666666654,-27.352772393333336,15.979085919999998,-33.2000402,-3.943848928,-1.0725513896666665,7.188055515333333,-3.7819676399999995,1.5772435666666664,-0.6649455376666666
3416,9.488509333333317,-27.34372774666667,15.99367555,-33.19314830000001,-3.106733242666667,0.8050210576666667,10.489591597333334,0.29279639333333335,0.6499740083333333,1.0338931186666667
3417,9.49128699999998,-27.38682175,15.994508106666666,-33.18585713333333,-3.918250004666667,0.21315955099999997,11.131542207666667,-5.882996718,-0.8893688123333335,0.45802946866666666
3418,9.494064666666645,-27.41180738,16.02288087333333,-33.19191233333334,-3.943265676333333,-0.8858246196666667,9.333064874333333,-3.36917305,2.796408693,0.4852745436666666
3419,9.49684233333331,-27.411717730000003,16.035939536666664,-33.18544516666666,-3.688668966333333,0.5567003936666667,9.461019516666665,-0.7369471390000001,0.4351474443333334,1.0869487076666666
3420,9.499619999999974,-27.440709433333335,16.02472686666667,-33.1656723,-3.8448827266666665,-0.2453610896666667,10.312155724333333,-4.658712705,-2.7860771816666663,0.9259204166666667
3421,9.50239766666664,-27.463207246666666,16.057420093333334,-33.17055256666667,-3.5871694883333336,-0.37825369799999997,11.550559044666668,-3.066139221333333,3.131792764,1.0100972713333334
3422,9.505175333333304,-27.475638073333332,16.07147948,-33.162762966666676,-4.731014887333333,0.18863051433333333,8.430430414,-2.3139045436666668,0.5488704443333333,1.0654881893333332
3423,9.507953000000006,-27.494769416666667,16.048768996666666,-33.134435,-3.471927007,-0.49289302033333343,11.343528110000001,-3.7524047293333336,-4.542689244,1.350348383
3424,9.510730666666669,-27.52201271,16.097235363333333,-33.14288586666667,-3.8213586806666666,-0.014535493999999982,10.173010348333333,-3.5659585000000003,5.062039137,1.3411231193333333
3425,9.513508333333332,-27.552203496666664,16.10451094,-33.140942900000006,-5.043997446666666,-0.39526063200000006,9.295379003666667,-4.219693879666666,0.08844633899999987,0.23015669999999996
3426,9.516286,-27.56922086,16.085865973333334,-33.111612933333326,-2.8453431926666664,-0.5615384579999999,11.707624594666667,-3.623538971,-4.144746144666667,1.5821828049999997
3427,9.519063666666662,-27.60806592333334,16.146429060000003,-33.1441574,-3.992884238333333,0.590731601,9.11085558,-4.18508029,7.564268271,-0.299170037
3428,9.52184133333333,-27.628998436666667,16.146766346666666,-33.135373433333335,-5.080139160333334,-1.018036584,8.292332649333334,-3.363059679666667,-1.0211285553333334,0.5489173483333333
3429,9.52461899999999,-27.638447443333334,16.14360396,-33.1225815,-2.301000158,0.6420902313333333,12.453592939000002,-2.0815706053333334,-1.645825694,0.853351112
3430,9.527396666666656,-27.684352876666665,16.21185557,-33.15856936666666,-4.182963450666667,-0.3199679653333333,8.725917498333333,-4.8729847269999995,8.655972957666666,-0.3956759423333333
3431,9.530174333333319,-27.680575686666668,16.208429336666665,-33.14935046666667,-4.729785283333333,-0.5271493943333333,8.569477398333332,-0.387013982,-1.449603518,0.39763968200000005
3432,9.532951999999986,-27.676184336666665,16.223882993333334,-33.145693433333335,-2.1899266243333333,1.181386441,12.096193,-0.14425497266666665,0.8974671763333332,0.7566316723333335
3433,9.535729666666649,-27.713497163333333,16.28579553,-33.180325833333335,-4.429990053333333,-1.5796476603333334,8.342809995,-3.869700273,7.798646768,-0.34425962066666665
3434,9.538507333333314,-27.68093045666667,16.27797222,-33.1650136,-4.033568064,0.266939876,10.257431986666667,2.8191965423333336,-2.1718564626666668,0.5847857893333334
3435,9.541284999999977,-27.675136563333336,16.314194043333334,-33.174008666666666,-3.1582365033333333,0.524040833,10.398750623666666,0.49344537633333335,3.7260003886666664,0.782100538
3436,9.544062666666642,-27.683312733333334,16.358068146666668,-33.189758266666665,-3.9518959519999997,-1.361490607333333,8.051536242,-1.0271948776666668,4.976256688333333,0.321911176
3437,9.546840333333307,-27.64159838,16.35600726,-33.186442066666665,-3.9469123679999996,0.5215703376666666,11.849570590666668,4.362206379333333,-0.991219878,-0.132280439
3438,9.549617999999972,-27.64519501,16.404928526666666,-33.19436393333333,-3.670622746,-0.325489372,9.326199213666667,-0.707986027,5.105224927,1.3819307486666668
3439,9.552395666666635,-27.622226716666663,16.424019496666666,-33.207201633333334,-3.4382630189999994,-0.890284419,8.864992937333334,2.653190454,2.097054402,-0.5546634196666667
3440,9.555173333333338,-27.581549326666664,16.444362003333335,-33.20423890000001,-4.089278062333333,0.4636966536666667,11.326427616333334,4.198796351666666,1.4816853996666666,0.9043148753333333
3441,9.557951000000003,-27.587242763333332,16.486217183333334,-33.21801756666667,-4.060447693,-0.9512162206666667,8.401609737666666,-0.7386376903333334,4.5645937126666665,0.628586173
3442,9.560728666666668,-27.533540086666665,16.49559943,-33.215146366666666,-2.8611250716666667,-0.24348489233333334,10.374254226666666,5.786315599999999,0.3276956873333333,0.279566586
3443,9.563506333333331,-27.517191566666664,16.523328783333334,-33.222638466666666,-4.299176216,0.07226167033333333,9.602816104333334,1.689749777,2.7607278026666666,0.4049482246666667
3444,9.566283999999996,-27.504869463333332,16.553167339999998,-33.233047500000005,-4.001253048333333,-1.384087284666667,9.886445522333334,1.2817362943333335,3.2119395733333334,0.04561467933333333
3445,9.569061666666661,-27.458312356666664,16.563984233333333,-33.22509766666666,-3.2230979603333334,0.5208559906666667,10.77275435,4.814776420666667,0.14806742466666659,1.0386999446666667
3446,9.571839333333324,-27.454032896666664,16.59183089,-33.23665363333334,-3.5092472236666663,-0.503268641,7.707340558333333,0.3288397193333334,3.0705659389999997,-0.21344331866666666
3447,9.57461699999999,-27.416475296666665,16.610693293333334,-33.242309600000006,-4.786565780666666,-1.326447725333333,10.623890558,4.183564742666667,1.7217804293333334,0.10456584900000003
3448,9.577394666666654,-27.398043316666662,16.627358756666666,-33.239585899999994,-3.049759904666667,0.4893811643333333,10.873069604666666,1.5131481686666666,1.027288794666667,0.8065537909999999
3449,9.580172333333318,-27.39375241666666,16.655919393333335,-33.2573242,-3.84718434,-1.1679077943333331,9.035936672666667,0.58407709,3.394236246666667,-0.5967861216666667
3450,9.582949999999983,-27.352883656666666,16.675086343333334,-33.26080066666666,-4.5132127603333325,-0.33420959133333333,9.639945509,4.448167880333333,1.6839736303333332,0.19574824
3451,9.585727666666648,-27.356418610000002,16.70287895333333,-33.270581533333335,-3.1918673513333338,-0.48903560166666665,9.489314079333333,-0.6012770933333332,2.8926925459999997,0.16160448400000002
3452,9.58850533333331,-27.32849121,16.729264580000002,-33.27857206666667,-3.734933932666667,-0.7414799233333333,10.940308891,3.047103643333333,2.7030274866666666,0.11291620133333335
3453,9.591282999999976,-27.30377261,16.75010109,-33.28756713333333,-4.343536377,0.21793144266666664,10.192939123,2.7420209273333334,2.0864076616666667,-0.09869164733333334
3454,9.59406066666664,-27.303431829999997,16.793944676666666,-33.30522916666666,-3.2187746366666663,-1.2061705386666666,8.020603815666666,0.07697928066666666,5.084921280666667,0.06017210333333334
3455,9.596838333333306,-27.254644396666666,16.814587276666668,-33.305165599999995,-4.3326963586666665,-0.42373527599999994,11.69933955,5.360496203,1.6196522763333334,0.7726577173333334
3456,9.599616000000006,-27.250235876666665,16.845326106666665,-33.32344056666667,-3.2499574026666664,0.0030017396666666696,8.934594472,0.5500015366666666,3.6940042969999998,-0.7005323866666666
3457,9.60239366666667,-27.226456326666664,16.88742256,-33.342330933333336,-4.371022065666667,-0.9849982809999999,8.945282139666666,3.004993677,4.910095214666666,0.0034579633333333692
3458,9.605171333333336,-27.182263690000003,16.90613429,-33.33600363333333,-3.410168012,-0.06541735933333333,11.362350782,4.503759702333333,1.0993459323333334,1.1981016046666666
3459,9.607949,-27.187534333333335,16.94960658,-33.36922203333334,-3.111772457666667,-0.8785721759999999,8.431680202333334,-0.004170852666666669,5.826786756333334,-1.4408095676666666
3460,9.610726666666666,-27.139821373333334,16.982104619999998,-33.36980436666666,-4.777307510333333,-0.3352811113333334,10.817759198,5.167364517666667,2.9527320859999997,1.2223880886666667
3461,9.61350433333333,-27.126022976666665,17.012510933333335,-33.3834991,-2.7775712013333336,-0.48684563866666664,9.196548142666666,1.6356866456666665,3.380054712333333,-0.10653394433333337
3462,9.616281999999993,-27.09801292666667,17.06358973,-33.401606266666676,-3.1520222820000003,-1.023671945,8.494289397,3.4069583416666664,5.875957489,0.41319592799999993
3463,9.619059666666658,-27.0528094,17.091807683333332,-33.4014867,-4.571804603,-0.016434839666666683,10.956434887,4.828172365666667,2.421271085666667,1.138343493
3464,9.621837333333323,-27.049748740000002,17.14762815,-33.42021943333334,-2.8693805933333336,-0.9670148190000001,7.707675139999999,0.506636828,6.350162029333333,0.7737335363333333
3465,9.624614999999986,-26.995827356666666,17.207415263333335,-33.426050800000006,-3.8810252349999996,-0.5815894703333334,9.960101605666665,6.188852151333333,6.147322813666666,2.2134712933333334
3466,9.627392666666653,-26.97373453666667,17.246012366666665,-33.42498273333333,-3.4173622926666667,-0.460814794,9.941610971000001,1.9795579313333336,3.4703831276666666,1.8057951926666667
3467,9.630170333333316,-26.9533933,17.339087806666665,-33.44664003333333,-4.855721632666667,-1.019679268,8.301539658000001,2.7170983949999994,10.512886048333334,2.445562452
3468,9.63294799999998,-26.90175437666667,17.425362906666667,-33.44888556666667,-3.8880666099999996,0.3453470170000001,9.689240297666666,5.689050356333333,8.805423418,3.923443476333334
3469,9.635725666666644,-26.889897663333333,17.497279486666667,-33.457026166666665,-3.476197481333333,-1.5161326326666666,9.035354456999999,1.185401226,7.533317884,2.7011494236666667
3470,9.63850333333331,-26.847105026666668,17.635816576666667,-33.48692066666667,-5.348735809666667,-0.6888969939999999,8.873355229666666,5.6469925246666675,15.848890303333333,3.8963019849999996
3471,9.641280999999973,-26.81375757666667,17.73995654,-33.49759673333333,-4.694799582333333,0.09902203233333333,10.450843810333332,3.9089974560000003,11.155273278666668,4.102555712
3472,9.64405866666664,-26.779565173333335,17.875847496666665,-33.52223203333333,-2.517671625,-1.132031421,9.585251810333334,4.3675355116666665,15.221886949999998,4.413914363
3473,9.64683633333334,-26.74192047,18.030481339999998,-33.564910866666665,-6.7280570666666675,-0.34056587,8.944421133666667,5.592366377333334,18.18057251,3.6239971323333333
3474,9.649614000000005,-26.689114253333333,18.155731836666664,-33.576108299999994,-3.3579156396666665,-0.744259616,10.455669085666667,6.128301779666667,13.397717794000002,5.194457213
3475,9.652391666666668,-26.635506313333334,18.339880626666666,-33.62890626666667,-3.716828187333333,-0.22139680633333333,8.924853484333333,7.933364232333333,21.916592280000003,4.040860971
3476,9.655169333333333,-26.57178688,18.475460053333332,-33.65632373333333,-4.723259449,-0.22659684233333333,8.751139005333334,8.125358741,15.420174916666667,3.9310519693333332
3477,9.657946999999998,-26.49338023,18.650348663333332,-33.69561513333333,-3.5875348246666667,-0.544846505,12.663773856666667,10.428841271,20.234735490000002,4.885806878666667
3478,9.660724666666662,-26.417205810000002,18.822131473333332,-33.7433141,-3.726843516,-0.3950547873333334,5.858110109999999,10.359502793999999,20.263550443333333,3.9377380213333333
3479,9.663502333333327,-26.299770356666667,18.98873774,-33.77056376666666,-3.668642123666667,-0.2501348156666667,10.620960553666668,14.668435413333333,18.76300811666667,5.600794712666667
3480,9.666279999999992,-26.21020699,19.1771431,-33.823323566666666,-3.0634950800000005,-1.126334011333333,9.375205359,12.204139706666666,22.315987269999997,4.233873208333334
3481,9.669057666666657,-26.074445086666667,19.361932756666665,-33.84971366666666,-4.529652754333334,-0.1230009646666667,8.919977028333333,16.79939778666667,20.723058063333333,6.504449606333334
3482,9.67183533333332,-25.92981148,19.564671836666665,-33.87676243333333,-2.812106013333333,0.2984508076666667,8.979900360666667,17.910008113333333,22.61685117,7.541784922000001
3483,9.674612999999985,-25.77028719666667,19.78612963666667,-33.916186,-4.60436519,-1.037110716,6.639680385333333,20.307537396666664,25.40107663666667,6.958901723
3484,9.677390666666648,-25.56153551666667,19.99834569,-33.9066391,-3.664754689,0.630532344,14.688429516,24.058222453333332,21.909330370000003,11.594534875333332
3485,9.680168333333313,-25.366654076666666,20.24634234,-33.9294103,-3.911094149,0.5008202296666666,6.053055723333333,23.911703746666664,27.53294372666667,9.840314072
3486,9.682945999999976,-25.073787053333334,20.511556623333334,-33.91407013333333,-4.7241605123333335,-0.44001718866666667,8.357426007333332,33.89257621666667,27.50095303666667,14.73218441
3487,9.685723666666643,-24.769692736666666,20.750581103333335,-33.8905843,-3.9768448673333334,0.6209924813333333,11.296670753333336,35.035175323333334,24.462592446666665,13.787446498333333
3488,9.688501333333306,-24.451541266666666,21.05005264,-33.87375386666667,-3.7530811330000002,0.07863181833333333,11.164321584000001,36.58477846666667,30.985330583333333,17.148057939999998
3489,9.691278999999971,-24.027180353333335,21.304271696666664,-33.82392120000001,-3.9238259593333336,0.14193593466666665,5.587406794333333,48.386722563333336,25.04993057333333,17.006218593333333
3490,9.694056666666674,-23.563588460000002,21.60758527333333,-33.771753933333336,-4.161740859666666,1.1471081773333334,11.055569570666668,52.38954671333334,30.093637466666667,20.343081793333337
3491,9.696834333333337,-23.093928019999996,21.898305256666664,-33.71254223333333,-2.9391700430000003,-0.03755753233333333,9.377635320000001,53.34912236666667,28.890854520000005,19.29236285
3492,9.699612000000004,-22.53807513,22.18928209666667,-33.652475966666664,-5.13457648,0.5675032736666666,6.209249179,63.02820841333334,28.745878856666668,20.072200776666666
3493,9.702389666666667,-21.919959386666665,22.49136416,-33.56028493333333,-3.381906748,0.579349975,13.273433368,69.52096048666667,29.127310436666665,22.393494289999996
3494,9.70516733333333,-21.305555343333335,22.77230835,-33.499422733333326,-4.032676299666666,-0.04137611366666666,3.402397871333333,70.01577631666667,28.05972417,19.210119883333334
3495,9.707944999999995,-20.595530829999998,23.075293223333333,-33.39163713333333,-4.251999576666667,-0.15355256933333336,12.337290130666666,79.82358042333334,29.101123813333334,23.34065819
3496,9.71072266666666,-19.867766059999997,23.329189936666666,-33.297892233333336,-3.0143953856666665,1.0211190183333334,11.090281169,81.86524454666666,24.266699473333333,20.808019956666666
3497,9.713500333333323,-19.088648476666666,23.64483706333333,-33.17212933333334,-2.6003738123333333,-0.9835461676666665,3.445839246333333,87.14278156,30.5250384,25.003363930000003
3498,9.716277999999988,-18.250022886666667,23.91415087333333,-33.072636933333335,-3.443449119666667,0.8963137643333333,13.915980336666665,94.78095245666667,26.42133395,21.093342463333332
3499,9.719055666666653,-17.387263933333333,24.19327863,-32.9086202,-1.7634687423333333,-0.22388923166666666,2.851683537333333,95.08863576666666,25.85805892666667,26.88844235666667
3500,9.721833333333317,-16.454415956666665,24.48518816666667,-32.77986653333333,-4.875466585333334,0.7502944073333334,8.987768968,104.64978283666669,28.782854716666662,24.09153493333333
3501,9.724610999999982,-15.461469970000001,24.73173395666667,-32.57659660000001,-2.2886914016666666,-0.00015912966666666492,11.137358348,108.62380726666667,21.793512346666663,28.864852266666663
3502,9.727388666666647,-14.454045296666665,25.002874376666668,-32.40970106666666,-3.9542155413333333,-0.43610147633333335,6.916611512666666,111.45690662666668,26.13829549,26.770664850000003
3503,9.73016633333331,-13.36177921,25.227474213333334,-32.17596946666668,-4.562020619666668,0.9127237003333334,13.215190569999999,118.79527026666666,19.510465623333335,30.533827466666665
3504,9.732943999999975,-12.248169263666668,25.44455973333333,-31.954053233333337,-2.602059871,-0.6741818390000001,6.878467877666668,121.67029316666667,19.660596846666667,29.049142203333332
3505,9.73572166666664,-11.069114526,25.623394646666668,-31.689778666666665,-3.5993297896666667,-0.5082944236666667,11.388162293333332,127.37813826666665,14.616726719333334,32.15810839333333
3506,9.738499333333303,-9.866510071333334,25.77436129666667,-31.436154666666663,-4.350308338666667,0.7953665553333334,12.425187746666667,130.6363398,12.412083623333332,29.842482250000003
3507,9.741277000000006,-8.609320958333333,25.942618686666666,-31.139406833333336,-2.1337157689999997,-2.04560258,8.257550637666666,134.94231926666666,14.192492323666668,34.84445063333333
3508,9.74405466666667,-7.311605930333333,26.01300812,-30.865910866666667,-3.975324472,1.4248125653333334,7.840940634,140.80833946666667,3.767867328,30.206309
3509,9.746832333333336,-5.999772310333334,26.138730366666667,-30.549911499999997,-3.794361114333334,-1.4403583606666668,12.992477734333335,140.24622090000003,10.492894171666666,35.15353139333334
3510,9.74961,-4.669008850666667,26.187710446666667,-30.25328066666667,-3.780749281333333,-1.155469378,9.154625734333335,143.47614543333336,2.3523128046666666,32.45355669666667
3511,9.752387666666664,-3.294690867,26.25098991333333,-29.937314333333333,-2.9780847626666667,0.7847963373333333,8.700015703666667,147.58149720000003,4.612491447333333,33.88608487333334
3512,9.755165333333329,-1.9149204096666665,26.28645769666667,-29.619338999999997,-5.631550312000001,-2.379498958333333,14.194207509,148.22387693333334,2.090865135,34.16132863333333
3513,9.757942999999992,-0.5354500213333333,26.291018166666664,-29.297910033333334,-2.5668327413333336,-0.6999470193333334,7.9010817200000005,147.96004233333335,-0.7307374006666668,34.403759003333334
3514,9.760720666666657,0.8556289473333334,26.311065673333335,-28.98137663333333,-4.7061114313333325,-0.6511669156666667,13.516739846666667,149.53386433333333,1.764258345,33.54061063333334
3515,9.763498333333322,2.248099247666667,26.27220853,-28.670667000000005,-3.1785034736666664,-2.5895323756666664,7.236246585666666,150.0764262,-4.3259792930000005,33.42061869333333
3516,9.766275999999987,3.62015,26.263806026666668,-28.36174263333334,-4.180176019666667,-1.062126875,11.113572278666666,147.6986084,-0.035315355000000125,32.93230629
3517,9.76905366666665,4.969252626333334,26.18412463,-28.055526733333338,-2.0271412779999998,-2.1153910556666666,14.291606903333332,145.07404076666668,-7.626479704666667,33.33328373999999
3518,9.771831333333315,6.297914425666666,26.112676623333332,-27.771303799999995,-4.1539555539999995,-2.285562038333333,5.9607842763333325,143.9017436,-6.359595617666667,31.146159490000002
3519,9.774608999999979,7.596097152000001,26.01913325,-27.49566143333333,-2.7622423173333335,-1.6021782556666668,15.409998896666666,140.7399673333333,-8.084952752,30.67672602333333
3520,9.777386666666644,8.835391203,25.885966619999994,-27.225906366666663,-3.7049110333333335,-3.4885334176666665,5.827438155666666,133.98083493333334,-12.528062026,30.876789093333333
3521,9.780164333333309,10.041969459666667,25.742212296666665,-26.98773703333333,-2.0252002276666667,-2.043373266666667,15.3407863,131.80463153333332,-13.359670797333335,28.112302146666668
3522,9.782941999999974,11.191891353333332,25.56756528,-26.74898276666667,-4.887012481666667,-2.7250726220000003,8.360823312333334,124.9876989,-16.745188713333334,28.976427076666663
3523,9.785719666666637,12.250734010666667,25.367489496666668,-26.56482443333333,-2.942418873333333,-3.7380930583333334,14.616932233333335,116.97333527666666,-19.995745975666665,24.36115519
3524,9.78849733333334,13.27636846,25.14119593,-26.368667599999995,-3.557172219,-2.58128349,11.819513323666667,112.46976976999998,-22.659350076666666,26.578667643333336
3525,9.791275000000004,14.198576610000002,24.911049523333332,-26.218671166666667,-4.579239368333334,-3.137803395666667,13.018716813333334,102.51801554333333,-23.497559233333334,22.24300257333333
3526,9.794052666666667,15.090450606666666,24.632022223333337,-26.05889383333333,-3.6398508946666666,-4.046572049333333,9.388739425333332,98.40135956,-28.761992136666663,25.000079476666667
3527,9.796830333333334,15.881083806666666,24.365880966666666,-25.95144906666667,-3.1015557050000004,-3.199444294333333,12.404457093333335,89.01428478000001,-28.17488543333333,19.559411046666664
3528,9.799607999999997,16.611433983333335,24.051239013333333,-25.829699233333333,-3.3441069923333333,-3.6500717796666664,12.500171502333332,81.08061219666666,-33.26818847333333,22.939063386666664
3529,9.80238566666666,17.257989566666666,23.76169586333333,-25.742332466666667,-3.530635992666667,-3.2201349733333338,9.716406820333333,72.85594431333334,-30.93899027333333,18.91943454666667
3530,9.805163333333326,17.862021763333335,23.452597936666667,-25.641387933333338,-3.161333481333333,-3.027926127,9.338973202666667,67.11708958999999,-32.731347400000004,21.38177140666667
3531,9.80794099999999,18.38021151,23.169271466666668,-25.573186233333335,-4.842951774333333,-3.4526846406666665,11.187887829,58.456427253333324,-30.53893216666667,17.39747810333333
3532,9.810718666666654,18.85255178,22.894280116666664,-25.47946166666667,-3.9003069796666665,-2.503001610666667,14.625819206666668,51.796090443333334,-28.641525903333335,19.89174525
3533,9.81349633333332,19.244104386666667,22.629035946666665,-25.430742866666673,-5.512322664,-2.31035467,11.83034738033333,44.27846781333333,-28.889996210000003,15.089546519999999
3534,9.816273999999984,19.59972445,22.37406031,-25.34418993333333,-2.7788592476666665,-3.7901833056666665,7.4398845033333325,38.12483088333334,-26.2536602,18.90566953
3535,9.819051666666647,19.87863922,22.16463724666667,-25.30916853333333,-5.207824905666667,-2.822608530666667,9.428980192666666,31.43299198,-22.92486635666667,11.78351911
3536,9.821829333333312,20.10809962,21.930545806666668,-25.22714743333333,-4.770638346666666,-3.075705846,16.566328050333336,23.295925298,-23.813552220000002,17.954466503333332
3537,9.824606999999977,20.28337542,21.780654906666665,-25.173421233333332,-3.9369681676666666,-2.119831959333333,8.933940411666667,18.256383341666666,-15.397251764333333,11.488296827333334
3538,9.82738466666664,20.476950963333334,21.632043203333335,-25.08692423333333,-6.126785437,-2.0731335483333333,7.938100496,18.830018043666666,-13.865106461333333,15.059884073333334
3539,9.830162333333307,20.58536466,21.474413553333335,-25.030189500000002,-2.7906906206666666,-3.052916049666667,10.350250564666668,10.133310794333333,-16.081806022333335,12.236673672
3540,9.83293999999997,20.651327769999998,21.369029363333336,-24.95327253333333,-4.2157914640000005,-1.8999158936666667,9.475856938333335,4.036916454666667,-9.329014779666666,12.287941298666667
3541,9.835717666666673,20.728866573333335,21.259409586666663,-24.8793462,-4.056031266666667,-2.109357635,8.875513078,5.671387750333333,-9.981120586333333,12.061112561333333
3542,9.838495333333336,20.788981753333335,21.173856736666668,-24.80892436666667,-4.409148454666666,-1.363058249,10.841860930666668,3.6804071666666665,-7.341638325333332,10.773746333333333
3543,9.841273000000001,20.814360296666667,21.142593386666665,-24.699320466666673,-4.320457697000001,-0.9628812473333332,12.091991106333333,-2.1319969893333335,0.2577389213333334,12.471261660333333
3544,9.844050666666666,20.839420316666665,21.098354336666667,-24.633463533333337,-4.1141689816666664,-1.1965025366666666,7.4854288890000005,-0.3201735816666667,-2.8519531883333333,8.614722093
3545,9.84682833333333,20.883916216666666,21.04773203666667,-24.532574966666672,-4.229828755,-1.853368004,8.596083482,0.5463349023333334,-2.2413277626666663,12.380203565333334
3546,9.849605999999994,20.877625146666666,21.008513133333334,-24.48058829999999,-1.4767017960000002,-1.374117712,10.018937272333334,-3.4082474313333333,-2.8622249763333336,6.918956597666667
3547,9.85238366666666,20.908043543333335,20.98087247333333,-24.3767446,-5.629169861333334,-0.7947892943333335,10.491795220999999,-1.2607967853333333,0.46541074433333335,11.721438726666667
3548,9.855161333333323,20.953210193333334,20.98775228,-24.30247496666667,-2.792260289333333,0.029584020333333332,8.477050145666666,1.874031812,3.165758212666667,7.1914841339999995
3549,9.857938999999988,20.990021386666665,20.96586736,-24.21754963333333,-5.202024380666667,-0.8099859056666666,11.408768336666666,0.30801120399999987,0.36572456333333325,9.482403596666666
3550,9.860716666666653,21.021466573333335,20.962885540000002,-24.135851533333334,-3.5425130923333334,-1.1812642616666666,10.113621873000001,-0.09897784399999991,2.3526849743333336,8.332102456333333
3551,9.863494333333316,21.063903173333333,20.947889963333335,-24.0796331,-3.3969599406666666,-1.507540027,7.430409589333333,2.251516977666667,-0.005899826666666626,6.202346166000001
3552,9.86627199999998,21.140640259999998,20.925709406666666,-24.02471923333333,-3.366863091666667,-0.6941551206666667,7.540299178000001,6.419401169,-0.8315746386666668,6.444059054
3553,9.869049666666646,21.199047726666667,20.88269742333333,-23.98069763333333,-2.703471621,0.047972946000000016,11.821016153666667,4.707124471666667,-3.6168458869999998,6.1620724996666665
3554,9.871827333333309,21.263502756666668,20.871228536666667,-23.941561366666672,-3.0588089623333334,-0.8263503313333334,8.921085992,5.603921175,-0.24172949766666685,4.395245174666667
3555,9.874604999999972,21.370272316666668,20.818525313333332,-23.909823066666664,-4.786278327333334,-0.4729777673333333,9.584656237666666,11.02967008,-5.182089010666666,5.2971609436666665
3556,9.877382666666639,21.4611187,20.7370828,-23.903088899999997,-2.1683806973333333,-0.6188735766666668,10.945443153,10.214660485,-9.386804421,4.028060992666666
3557,9.880160333333302,21.52996063333333,20.667048136666665,-23.905878700000006,-3.778313001333333,-1.511752437,11.632265567,7.937147935333333,-8.519107658666668,2.472042938
3558,9.882938000000005,21.626029333333335,20.587238946666666,-23.89720916666667,-3.4918967883333334,-1.1377610366666666,6.767834663333333,10.723635831333333,-9.083876448666667,4.227045377
3559,9.88571566666667,21.721654893333334,20.463516870000003,-23.932899466666665,-2.6297328473333335,-0.2886877159999999,9.899346669666668,12.553776103333334,-15.867087684333335,1.453373631
3560,9.888493333333333,21.81574503666667,20.354388556666667,-23.936497999999997,-3.2043459016666667,-0.9107276993333334,11.355136551000001,11.004164376666667,-12.869288762000002,4.243635217333334
3561,9.891271,21.923838296666663,20.24677149333333,-23.964210499999997,-3.9248562653333336,-0.731831759,10.927190783333332,13.756676673333333,-13.730503083333334,1.6258895846666663
3562,9.894048666666663,22.040300366666667,20.095020293333334,-23.99819946666666,-3.605811993,-0.505646368,8.087414741000002,14.964138349999999,-18.853295326666665,3.026062687
3563,9.896826333333328,22.14245669,19.963563920000002,-24.03034466666666,-3.438108285333333,-0.5803469666666666,10.270066581333333,13.177219074,-16.57253647,2.253767626666667
3564,9.899603999999991,22.242705026666666,19.826402026666667,-24.069150300000004,-3.145292083333333,-1.190142294,8.782162982666668,13.219705266666665,-17.422809599999997,1.9576076316666666
3565,9.902381666666656,22.367940903333334,19.689257936666667,-24.104805,-5.105615933666667,-1.0835176803333333,10.613187314666666,16.078195573333332,-17.349092483333333,2.202629148666667
3566,9.90515933333332,22.48668861333333,19.55637042,-24.148269666666675,-2.8507587510000003,-0.23538665066666667,10.594907123333334,15.61606375,-17.132500333333333,1.3578369716666667
3567,9.907936999999984,22.602179210000003,19.425389606666666,-24.1799978,-4.171852827333333,-0.9239695170000001,11.681503933333333,14.713159240000001,-16.49110857666667,2.4093525806666665
3568,9.91071466666665,22.711383183333336,19.31933911666667,-24.21861013333333,-3.979332764666667,-1.3166361850000001,9.517929075333335,14.281901678666665,-13.957517943333334,0.6534959723333335
3569,9.913492333333314,22.827953340000004,19.179026923333335,-24.254641200000005,-3.5350081126666666,-0.32701800266666664,9.487398465333333,15.0407238,-17.69289589,2.440845857
3570,9.916269999999978,22.92621549333333,19.04539044666667,-24.31186166666667,-3.480083862666666,-1.6134020886666667,11.007850328333333,13.66829586,-17.825654666666665,0.036811729333333355
3571,9.919047666666643,23.011264166666667,18.932345073333334,-24.3425293,-2.914020646333333,-1.4436445036666665,10.199892042999998,11.005974927333332,-14.43664805,1.7751867376666668
3572,9.921825333333308,23.079909009999998,18.825253806666666,-24.392522166666666,-4.603601614666666,-0.7213077,9.143926936666666,9.843853673,-14.58999189,-0.4111811863333333
3573,9.924602999999971,23.155738833333334,18.741411843333335,-24.404635100000007,-4.961989720666668,-1.1017254593333334,10.095471381000001,9.17459043,-10.379206342,2.363891204
3574,9.927380666666636,23.20857429333334,18.666066490000002,-24.445543933333326,-3.2672854263333337,-1.2163222236666666,11.033712865333333,7.594130437666667,-10.682631812333334,-0.9099927346666666
3575,9.930158333333337,23.257488253333335,18.584035240000002,-24.472048466666664,-4.459350585666667,-1.7424846586666665,11.720721008333333,6.487232654333333,-10.813648860999999,0.7927607296666667
3576,9.932936000000003,23.288432439999998,18.515195846666668,-24.507372533333335,-2.823269168333333,-0.9222357469999999,7.1397306920000005,4.770635088,-9.735716423,-0.672028025
3577,9.935713666666667,23.325738273333332,18.446148553333334,-24.542172766666656,-3.472120603,-0.665497919,8.244052887333334,5.396839380333333,-9.759298008,-0.674935438
3578,9.938491333333332,23.357728323333333,18.404738106666667,-24.55059560000001,-4.884986003333333,-0.7489372886666666,11.380241553,3.845281521333334,-5.5053526559999995,0.8426827339999999
3579,9.941268999999997,23.379156746666666,18.383654276666665,-24.572644566666668,-3.2380421160000004,-0.4600565833333334,13.119364737666666,3.0619214773333336,-3.897803743666666,-1.5836982923333334
3580,9.94404666666666,23.41534742,18.333967209999997,-24.587855000000005,-3.967464606,-1.094836791,8.213119913666667,4.5864261006666664,-6.700821083000001,0.5738102593333334
3581,9.946824333333323,23.427954356666664,18.28989092666667,-24.614260366666667,-2.1614330313333334,-1.5433041850000002,8.029620329333333,2.1469173429999997,-6.634297093000001,-0.9686750000000001
3582,9.94960199999999,23.400208789999997,18.233664193333336,-24.65173593333333,-3.7298597496666663,-1.3166911603333333,11.343916574,-2.2519781193333337,-8.437364419666666,-1.457616667
3583,9.952379666666653,23.39377403333333,18.222169876666666,-24.642400066666667,-5.046259562333333,-0.7791043566666667,10.948312918333334,-1.4934425353333338,-1.4275284609999999,1.2185932113333333
3584,9.955157333333318,23.390291216666668,18.219539006666665,-24.655721033333336,-3.6257514156666666,-0.5602182946666667,10.658028919000001,-0.1552176473333334,-1.4844259420000003,-1.5621053773333333
3585,9.957934999999983,23.358863833333334,18.18618965,-24.66674040000001,-3.8040637176666667,-1.9588653843333335,8.51510199,-3.752515395666667,-4.752640327,0.12676477466666655
3586,9.960712666666646,23.303274153333334,18.159111026666668,-24.674003600000002,-2.5697248380000004,-1.084544718,9.316557723999999,-6.661409218999999,-3.898345351333333,0.23890816166666676
3587,9.96349033333331,23.25781758333333,18.134995146666665,-24.704744966666677,-2.9688883623333333,0.28044752266666667,9.239470480666666,-4.673581918,-4.6262388230000004,-2.3741151093333333
3588,9.966267999999976,23.24017334,18.122154873333333,-24.683344533333326,-5.129870732666666,-1.0206425773333334,11.110989095999999,-3.199149688,-1.030025303666667,2.5738080340000002
3589,9.96904566666664,23.209982553333333,18.11360740666667,-24.696673066666666,-2.528409481,0.043933212666666666,10.249720572000001,-3.421255449666667,-2.126361608333333,-1.253701647
3590,9.971823333333306,23.177364983333334,18.071606956666667,-24.70200093333334,-3.296671788,-0.22564046566666662,7.339363574666667,-4.0591646033333335,-5.428639018333333,1.172210058
3591,9.974601000000007,23.143349966666666,18.03215345,-24.712684666666664,-3.2666387560000003,-1.6173993546666665,10.679286479333333,-4.014232715,-5.421786626333334,0.4472161133333333
3592,9.97737866666667,23.101348876666666,17.994838716666667,-24.731681833333337,-1.8858225840000002,-0.5123768053333334,11.236339567666667,-4.648151874666667,-5.5115476443333336,-0.4259647726666667
3593,9.980156333333335,23.073128383333337,17.960512796666666,-24.735949199999993,-5.636022885666667,-0.6316769919999999,11.385875703666668,-3.587277809666667,-4.564030091,0.8686427870000001
3594,9.982934,23.053686143333334,17.929257073333332,-24.744435633333335,-2.9178880056666667,-0.8567939103333333,6.981070518666667,-2.2832317923333334,-4.394250472333334,0.3437089423333333
3595,9.985711666666665,23.025787986666668,17.889091493333336,-24.76140596666667,-3.1656569243333332,0.11726034199999998,9.748241424666668,-3.0946733159999997,-5.779630502333333,-0.20455954466666673
3596,9.988489333333328,22.99096743,17.84923871333333,-24.773353566666668,-3.8372735976666665,-1.0956927936666667,13.206926662666666,-4.0315916540000005,-5.489874203666666,0.39316148033333337
3597,9.991266999999993,22.96033350333333,17.79023361,-24.805262233333327,-2.7352642616666665,-0.22046173000000002,7.532166320666666,-2.839581251333333,-8.528097470333334,-0.8819408470000001
3598,9.994044666666658,22.960585276666666,17.73737081333333,-24.8239873,-3.7028456923333337,0.13354392833333328,7.950829505333334,0.41699973733333323,-7.232632160333334,0.271997571
3599,9.996822333333322,22.960620243333334,17.688141506666668,-24.84525553333333,-2.8904907703333333,-0.6728902456666667,10.753970942666667,0.44749792400000016,-6.9765666326666675,-0.22176379466666662
3600,9.999599999999987,22.950958886666665,17.637713113333334,-24.864013666666676,-3.8371874493333333,-0.07327655933333332,13.175548873333334,-0.7509708406666666,-6.969455083333333,0.15056057766666667
3601,10.002377666666652,22.969621656666664,17.58300527,-24.886912033333335,-3.763918519,-0.5180731416666666,10.488023679666666,2.7386486133333334,-7.655911445666667,-0.139563466
3602,10.005155333333315,22.9912707,17.538955689999998,-24.911855066666675,-3.906888882333334,-0.4800879163333333,7.306355158666666,3.2296693920000004,-6.5380299886666675,-0.791573862
3603,10.00793299999998,22.9940478,17.470549899999998,-24.937204999999995,-2.744356553,-0.9397850633333332,10.055101075666668,0.906526625,-9.277656555666667,0.23602672433333335
3604,10.010710666666645,22.989485423333335,17.42721939333333,-24.96770983333334,-3.855965217,-1.5581323849999997,11.338908037666668,0.2755238213333333,-6.719126066666667,-1.4359853316666669
3605,10.013488333333308,23.005544663333335,17.379180273333336,-24.98604586666667,-3.3329361276666667,-0.6405712463333334,10.515382448666665,2.233014814666667,-6.715779622333334,0.02600681766666672
3606,10.016265999999973,23.02403513333333,17.34129397,-25.004992166666664,-4.171591282,0.013190240999999976,11.223161698333334,2.651236057333333,-5.585329532666667,-0.4195826649999999
3607,10.019043666666638,23.021886186666666,17.311296466666665,-25.021179199999995,-3.584648291333334,-0.6307571876666667,9.349001248999999,-0.02381273100000003,-4.625611345333334,-0.5985150436666667
3608,10.02182133333334,23.015525183333335,17.269173939999998,-25.037775699999997,-3.6488199236666663,-0.7084225166666668,9.331591447666666,-0.4227116106666668,-5.9580469240000005,-0.008303284666666707
3609,10.024599000000004,23.009223303333332,17.232313156666667,-25.054583233333336,-2.286113103,-0.658969144,10.086034139666667,-0.500698487,-5.415685971333333,-0.3472990643333334
3610,10.027376666666669,22.99253527333333,17.20818901,-25.072568266666668,-4.195911089666667,-0.4433501463333333,11.679072380666668,-1.6295992533333337,-4.0053832730000005,-0.9269150693333333
3611,10.030154333333334,22.990884146666662,17.17709128,-25.066223133333335,-3.652131080666667,-0.483236929,7.433473587000001,-0.7315892976666669,-3.736494223333333,1.8503512143333334
3612,10.032931999999999,22.987653096666666,17.179098766666666,-25.079925533333327,-3.5332229136666666,-0.147009586,8.187183142333334,-0.15202057333333321,-0.9483542243333334,-1.7445940970000002
3613,10.03570966666666,22.976734796666666,17.166456540000002,-25.062756866666664,-4.326626857333333,-0.32713745033333336,12.310435293333333,-2.2651307983333333,-1.212044279,2.112333556333333
3614,10.038487333333327,22.954996109999996,17.17205079,-25.06084953333333,-3.101253906666667,-1.161260764,11.893544674,-2.8885816756666665,0.12559942366666665,-0.2978465776666668
3615,10.04126499999999,22.93608792666667,17.16381804,-25.066164633333333,-3.268399715333333,-0.5641328193333334,5.9462945063333335,-2.4421428043333333,-1.7330377496666667,-0.4767192403333335
3616,10.044042666666657,22.928401946666668,17.16311423,-25.05952963333333,-3.302838782333333,-1.3351849266666669,8.267653743333334,-1.383420865,-0.3669752476666666,0.46710965033333335
3617,10.04682033333332,22.885675430000003,17.159740763333332,-25.0651754,-3.368653297333333,0.39308412866666664,13.053816478,-5.264477412000001,-1.2148278553333334,-0.7338265753333334
3618,10.049597999999985,22.83492787666667,17.162247336666667,-25.065867100000006,-3.4877812863333335,-0.7430535156666668,11.89628044633333,-6.291032234,-0.37717858933333304,-0.5575923126666668
3619,10.052375666666647,22.806943256666667,17.15867233,-25.076454133333343,-3.6375741166666664,-1.5919383566666667,7.495178221,-3.3132657200000004,-1.4547007083333332,-1.2420086663333334
3620,10.055153333333314,22.74986267,17.16095066333333,-25.086636866666666,-2.9760647613333333,-0.339189496,9.020983220666666,-6.726665735666667,-0.7921839953333333,-1.4761100556666669
3621,10.057930999999977,22.62058258,17.10796197333333,-25.143559800000006,-2.861583948,-0.6369006286666666,12.192570370333334,-13.860959847333334,-8.966649214666667,-3.8727798463333336
3622,10.060708666666644,22.5099233,17.1099329,-25.162999466666665,-3.1134158373333336,-2.055258592,7.791617711666667,-12.834520102666666,-1.2247969306666666,-2.444392442666667
3623,10.063486333333307,22.389705019999997,17.08081436333333,-25.217257200000002,-3.6993006069999996,-0.3391784873333333,9.708074809666666,-12.842375118000001,-6.186079183666667,-4.715027411666667
3624,10.06626399999997,22.210783003333333,17.0358483,-25.277516700000007,-3.2452430329999995,-1.0795076886666666,13.078530310333333,-19.634833338,-8.158300638333333,-4.564749658
3625,10.069041666666672,22.008990606666668,17.040485383333333,-25.325047799999997,-4.438598792,-1.0564178326666667,9.406457744,-22.8839976,-2.121120969333333,-5.575266202333334
3626,10.071819333333336,21.77452024,16.989899956666665,-25.412836700000003,-1.6503967489999998,-1.4512831170000002,9.763206006666666,-25.29182911,-9.977222760333333,-7.390626430333334
3627,10.074597000000002,21.46756935,16.91391468,-25.507637,-3.1434961956666663,-1.6533201933333332,11.333833058666668,-33.89084943333334,-13.048603695666666,-7.096700906666666
3628,10.077374666666666,21.13867378,16.895095826666665,-25.593393966666664,-3.3516603313333335,-2.1342947083333335,9.914640585333332,-36.73211225,-6.239055792333333,-8.567853927666667
3629,10.08015233333333,20.78846804666667,16.815922099999998,-25.6964773,-4.367845138,-0.06112986333333334,12.043438276333333,-38.786726636666664,-13.669134777333333,-8.022112845333334
3630,10.082929999999996,20.363526663333335,16.779661493333332,-25.794914266666662,-2.7527417343333336,-1.850014329333333,10.115727108333333,-47.86966196666666,-8.587203343666667,-9.226947466
3631,10.085707666666659,19.92085902,16.745034853333333,-25.89401243333333,-3.836518764333333,-1.9570132096666668,8.594771384333333,-49.99915186666667,-8.404702662666667,-9.517662208666666
3632,10.088485333333322,19.42129707333333,16.63867632666667,-26.028755166666667,-2.228039821,-0.612586364,10.706093312,-55.60128911666666,-17.77847703,-10.417205493
3633,10.091262999999989,18.86137517,16.602637926666667,-26.12801106666667,-3.858613451,-2.2278529403333334,9.774147668333333,-64.11271667333334,-8.409193515666667,-9.648381551333332
3634,10.094040666666652,18.31386757,16.564682003333335,-26.24262493333333,-4.663955847333334,-1.0405890543333334,9.409178415666666,-62.01781972333333,-9.062238377333331,-11.229510943333333
3635,10.096818333333317,17.727972666666666,16.53967508,-26.335693400000007,-4.850277344333334,-0.22539283833333332,12.660447118666667,-67.45020039999999,-6.758425773666667,-9.462356885
3636,10.099595999999982,17.072615306666666,16.520780243333334,-26.443768833333337,-1.8700424433333334,-1.523129344,9.522531983666665,-75.18995031,-6.426049867000001,-11.21304035
3637,10.102373666666645,16.425052326666666,16.50700283,-26.549133299999998,-4.655297756,-1.5382010736666665,6.069512128666666,-74.47599665333333,-5.660545906666666,-11.311906495333332
3638,10.10515133333331,15.745280583333333,16.486464180000002,-26.649907433333336,-3.5546292066666667,-0.602706194,13.050100962333333,-78.40287780999999,-6.1136298973333325,-10.521686234333332
3639,10.107928999999976,15.01559162,16.504223506666666,-26.7480087,-3.07856981,0.057324170999999945,12.70854187,-84.54635874333333,-1.5224128563333332,-11.791077293333332
3640,10.11070666666664,14.295281413333333,16.552889186666665,-26.831583700000007,-5.987733046,-0.9647400776666667,9.446792124,-83.84929911666666,2.6776458423333334,-10.879998526666666
3641,10.113484333333304,13.577816326666666,16.58228016,-26.917017633333327,-2.0954384503333334,-0.669186683,6.175117889666666,-83.49521637333334,0.4233207716666663,-10.462353228
3642,10.116262000000006,12.820878979999998,16.603539783333332,-27.021408066666666,-3.857259194333333,0.4972388346666667,11.261803628333334,-87.56330871666667,-0.7753112316666667,-12.316475866666666
3643,10.119039666666671,12.055082003333334,16.652043343333332,-27.101890600000004,-3.358710050666667,-0.9107829333333334,11.921383063333332,-89.47931671333333,3.06963706,-10.599324225666665
3644,10.121817333333334,11.308986664333332,16.715080259999997,-27.189811700000007,-4.589440067666666,0.27353398000000007,7.370960234333334,-86.73807017,4.8191920123333345,-11.446047464333333
3645,10.124595000000001,10.570284522666666,16.788314503333336,-27.272377000000002,-3.6345290939999995,0.6675746340000001,8.276134492333334,-86.14570871666666,6.217909693666667,-11.172943433
3646,10.127372666666664,9.817560197333334,16.89830367,-27.339383433333328,-5.528693437333334,-0.3426627713333334,11.998599054333333,-88.25459035333331,11.060076237666665,-9.973289489333332
3647,10.130150333333328,9.081727822,17.007280666666666,-27.43174743333333,-1.4526577790000001,0.567085194,9.690526644,-85.40231831666667,10.551074662666666,-12.795934676666667
3648,10.13292799999999,8.385805923333335,17.092952726666667,-27.498840333333334,-5.113972882666666,-0.237662277,6.250229299,-81.44804891,8.424414475333334,-9.244078954
3649,10.135705666666658,7.668484846666666,17.209294636666666,-27.59014636666667,-2.5128381650000002,0.11144587399999999,7.884067157666667,-83.16354115666667,11.735418001666666,-12.579017956666668
3650,10.13848333333332,6.962739785666666,17.326426826666665,-27.659477266666666,-4.618775447333333,1.2954874236666667,11.086063384,-82.52970631666666,12.375072638666666,-9.924450079666668
3651,10.141260999999988,6.286182403333334,17.48596255,-27.72990673333334,-3.9137196940000005,0.495140632,11.378819147000002,-78.98920949333332,17.47927157333333,-10.594203950333332
3652,10.14403866666665,5.640207926333333,17.6105779,-27.80909980000001,-2.332673708666667,-0.19845300899999993,6.422470312666666,-74.92916361666667,13.321202913333332,-10.772251764666668
3653,10.146816333333314,4.9974084696666665,17.671720503333333,-27.8922577,-2.5427069163333336,1.228656193,6.555745523666666,-74.46832021,5.841778755,-10.515686671333333
3654,10.14959399999998,4.361106157333333,17.762771603333334,-27.97412616666666,-2.5095761616666663,0.1269941330000001,8.833749294666667,-73.65314229,9.507207076666665,-10.470182739333334
3655,10.152371666666644,3.748132229,17.846474966666666,-28.056653333333333,-3.720357179666666,1.285319964,10.150199253666667,-70.87642923666667,8.777803023666666,-10.499319394666667
3656,10.155149333333307,3.1743258636666667,17.90423838,-28.1305771,-3.5946095786666667,0.45400998,9.507074991,-66.45115788666668,5.778558254,-9.1511267
3657,10.157926999999974,2.6174315613333334,17.97056198,-28.22152963333333,-3.2104533909999997,0.6305648983333333,9.525791167666666,-63.80513254666666,6.847912645666667,-11.139658450666667
3658,10.160704666666637,2.069421072666667,18.002868653333334,-28.296307866666666,-3.6206110316666664,0.8202007813333333,5.742448409333334,-63.28414280999999,2.8672854106666663,-8.942717949666667
3659,10.16348233333334,1.553230554,17.989692690000002,-28.38265483333333,-2.0672131203333333,0.27976363866666665,8.788684927,-59.08974456999999,-2.454771041666667,-10.182557741333333
3660,10.166260000000003,1.0602964866666666,17.996991473333335,-28.46997326666666,-2.626434922,1.062499235,11.728598912333332,-56.212362926666664,0.008747021666666596,-10.345657667666666
3661,10.169037666666668,0.5811318953333333,17.978501636666664,-28.531644166666677,-3.804949124333333,0.9755935616666666,9.300689696666666,-55.571685790000004,-2.8886066666666665,-7.392856837
3662,10.171815333333333,0.14972264833333335,17.934331256666667,-28.62464396666667,-1.9889275433333333,0.19522655000000003,8.128114701333333,-48.62520472,-6.025715669333333,-10.820651849
3663,10.174592999999996,-0.27692618966666666,17.886161803333334,-28.680735233333333,-3.7983804543333335,1.034540097,9.900862694666666,-49.519104003333325,-6.324483396000001,-6.765902438333335
3664,10.177370666666661,-0.720274806,17.80764389,-28.75488026666667,-3.7453687983333332,0.07863555333333332,12.125734805999999,-50.72185643666668,-10.048593402666667,-8.817077440666667
3665,10.180148333333326,-1.102859373,17.737725576666666,-28.810597733333328,-1.6408063769999999,-0.04870595533333335,8.539958577333334,-44.165789286666666,-8.849029698333334,-7.084871770333334
3666,10.18292599999999,-1.4789470236666666,17.63978004666667,-28.886670433333332,-4.970267295666667,1.4622819623333332,5.047343889666666,-42.921215053333334,-12.238686879666666,-8.291633975333333
3667,10.185703666666654,-1.8267936903333333,17.511224743333333,-28.922523500000008,-2.1610372066666668,0.7021738886666667,10.309872312333333,-40.70832951666666,-15.87657102,-5.131136725
3668,10.18848133333332,-2.178407709,17.43018023,-28.994260133333338,-3.027621507333333,1.0817622839999999,10.408819834333334,-40.16773351,-10.107610542333333,-7.944513201666666
3669,10.191258999999983,-2.4862258433333335,17.295942306666664,-29.014284766666673,-4.270743449666667,0.6255509953333332,7.534702300999999,-36.542915343333334,-16.553982416666667,-3.538808077666666
3670,10.194036666666648,-2.7720485526666665,17.17603492666667,-29.077865633333335,-2.7932936746666663,0.9616767166666667,9.225789705666667,-32.529773076666665,-14.725247703333332,-7.4277788173333334
3671,10.196814333333313,-3.052448829,17.062796913333333,-29.09793853333333,-3.261568745,0.8952339589999999,10.780088583666666,-33.268308639999994,-14.0030756,-3.592467427333333
3672,10.199591999999976,-3.3157024383333336,16.92540486333333,-29.147621166666664,-3.7307479380000004,0.261726737,10.743358295333335,-30.297735216666666,-16.827414196666666,-6.246227422
3673,10.202369666666641,-3.5353345873333333,16.80944125,-29.17160033333334,-3.1478292143333335,0.6878169376666667,10.202519735000001,-25.829820633333338,-14.286721546666667,-4.198291818
3674,10.205147333333306,-3.7663846013333333,16.687075616666665,-29.211583433333335,-4.375083049333333,0.8657230536666667,7.564520358999999,-26.810400643333335,-15.036815006666666,-5.133699576333334
3675,10.20792499999997,-3.962332963666667,16.531668026666665,-29.220898966666677,-1.9173334043333334,0.20821337866666667,10.180155274333332,-23.49867503,-19.09993616666667,-2.962258597
3676,10.210702666666672,-4.1461904050000005,16.413205783333336,-29.26774596666667,-3.457981348,1.7017883063333332,11.005407335000001,-20.924898783333333,-14.462984403333332,-6.074322501666667
3677,10.213480333333337,-4.311762889,16.264806113333332,-29.259101833333336,-3.5890771546666667,-0.3133721870000001,8.326630591333334,-20.487353643333332,-18.399979910000003,-0.9280723729999997
3678,10.216258000000002,-4.446420828333333,16.103302956666667,-29.30287426666666,-2.4030154546666664,1.5165930789999997,7.419365882666667,-15.122913993333333,-19.598628360000003,-6.270458627333333
3679,10.219035666666667,-4.578229586,15.955546063333331,-29.295295700000008,-3.3738538823333335,0.7666321396666667,10.545715651333333,-16.427550316666668,-18.301230750000002,-1.1703145106666666
3680,10.22181333333333,-4.722214063,15.781170206666667,-29.323758466666664,-4.127478440333333,-0.2921068763333333,11.425948143333335,-16.693973539999998,-21.23718261666667,-4.918234507
3681,10.224590999999995,-4.817308108333333,15.60645326,-29.31890106666667,-2.238188425666667,0.4792365236666667,9.298459688666668,-11.903525033333333,-21.50300344,-1.8531740706666666
3682,10.227368666666658,-4.924838384,15.435891470000001,-29.34813436666667,-4.020056247333334,1.0828531283333331,10.081093471666668,-12.372837703333332,-20.747534433333332,-5.012575328333334
3683,10.230146333333323,-5.022574901666666,15.234470686666668,-29.337867733333336,-2.669761091333333,-0.3644084236666667,8.469937961,-12.37038199,-24.75027148,-1.5701876879999999
3684,10.232923999999988,-5.098652839666666,15.033188820000001,-29.36740113333333,-2.9046324093333333,1.215752184,10.036752223333332,-8.591467379333334,-24.393479666666664,-5.5541295213333335
3685,10.235701666666653,-5.1621786756666665,14.828238486666665,-29.355906199999996,-3.1528791586666665,0.2100511786666667,9.715180397333333,-8.329074541999999,-25.17402966666667,-1.5481247106666665
3686,10.238479333333316,-5.234650135,14.609148976666667,-29.37774659999999,-4.5051700273333335,0.4396081766666667,7.524579366,-8.417491595,-26.59344228,-4.892288049333334
3687,10.241256999999981,-5.281943956999999,14.380496026666668,-29.377311700000003,-1.3751114806666667,0.5287244716666667,8.132917087000001,-6.0366224446666665,-27.889499666666666,-3.136999189666667
3688,10.244034666666645,-5.335889021333333,14.164808273333335,-29.393122366666663,-4.201806108333333,0.3037902713333333,11.357940038666667,-6.351680899333334,-26.219893773333336,-4.384481112333333
3689,10.24681233333331,-5.387198765666667,13.95009454,-29.394419333333328,-2.160962264,-0.7134941023333333,10.300684930333334,-6.428527832,-26.20156796666667,-3.230332613
3690,10.249589999999973,-5.411743640666667,13.698358536666666,-29.405507400000005,-3.6547981103333336,1.2233400543333335,8.768122196,-2.9751137323333334,-30.558987936666668,-4.4199277556666665
3691,10.252367666666638,-5.433097044666667,13.460824966666666,-29.397977199999996,-3.085190236666667,0.584936291,9.584934868666666,-3.0818598023333332,-29.025444030000003,-2.4887449343333334
3692,10.255145333333303,-5.475499789,13.21213404,-29.4036153,-2.985638022333333,-0.549492081,12.444449742333333,-5.1989811360000004,-30.230837503333333,-4.052281936
3693,10.257923000000005,-5.505824089333333,12.945457143333334,-29.397682200000002,-3.0443352063333333,-0.6723293659999999,9.356981913666667,-4.1264487506666665,-32.48322296,-3.0109179019999996
3694,10.26070066666667,-5.5367587406666665,12.696105003333331,-29.4002533,-3.867825110666667,0.3368650673333334,8.130949178666667,-3.9602978639999997,-30.35470898666667,-3.5963567893333335
3695,10.263478333333333,-5.562905629666666,12.437954583333331,-29.39014946666667,-1.9581202266666666,0.9955831763333333,9.910057065999998,-3.7419231733333334,-31.50993855666667,-2.462866346333333
3696,10.266255999999998,-5.596511681666667,12.199367523333335,-29.388287866666662,-5.037050883333333,-0.24805703266666668,12.46199576,-4.39660577,-29.105438866666663,-3.136315942
3697,10.269033666666664,-5.615008512999999,11.966186203333335,-29.381449399999997,-2.1537379223333333,-0.405858616,9.479721507333332,-2.7328612006666666,-28.492925646666663,-2.548042203
3698,10.271811333333329,-5.635833581333333,11.708560943333334,-29.373603833333334,-4.413475394333333,0.5001435763333334,8.377181450666667,-2.9586049333333335,-31.419946666666664,-2.9602397679999997
3699,10.27458899999999,-5.6793953576666665,11.473250389999999,-29.37289176666667,-2.503296256,-0.16619858166666665,7.753417809000001,-5.588168422666667,-28.67283694,-3.3159103793333333
3700,10.277366666666657,-5.720884959,11.254863736666666,-29.36216736666667,-3.683744152333333,-0.6127802283333333,9.836189747,-5.522172133000001,-26.77387301,-2.0868742463333336
3701,10.28014433333332,-5.740367889333332,11.06462065,-29.36532083333333,-3.720137834333334,0.6194564846666666,10.738229435333333,-2.607637067333333,-23.246915183333332,-3.246302942333333
3702,10.282921999999985,-5.757671038333334,10.87513288,-29.348068233333333,-3.2315150103333337,0.5579785853333333,10.131294569333333,-2.7524814406666667,-23.389756520000002,-1.09082974
3703,10.28569966666665,-5.780335585,10.657178562333334,-29.34262596666667,-2.6336185136666668,-0.4855197466666666,8.303241649333332,-3.1743868416666667,-26.6610349,-2.582083419
3704,10.288477333333313,-5.821507295,10.459431013333335,-29.332791633333333,-2.88098527,-0.11556844900000002,9.083667437666668,-5.418011148666667,-24.27314504,-2.253669699
3705,10.291254999999977,-5.871364116666666,10.266453425333333,-29.322591133333336,-3.2902083396666666,-0.3196470736666666,10.793230375,-6.533521335,-23.737120946666668,-1.7154287446666665
3706,10.294032666666643,-5.923274835,10.027423858666667,-29.3075587,-0.5331793626666665,-0.4823885363333334,11.733590442999999,-6.809455195666668,-29.25836245333333,-2.203866164
3707,10.296810333333307,-5.98595047,9.640408834,-29.28352356666667,-0.9434969426666667,0.341496835,8.275328159333334,-8.365389069666668,-47.061503093333336,-2.5063479343333337
3708,10.299587999999972,-6.107145309333333,9.230610211,-29.26081593333333,0.4386829136666668,-2.482794284666667,12.778343201666667,-15.269137343333334,-49.72262954666667,-3.5610706010000004
3709,10.302365666666637,-6.2661498390000006,8.626712321666666,-29.243194599999995,1.5783383446666666,-0.845353325,8.243546803333333,-19.669590949333333,-72.84342957,-6.378710031333334
3710,10.305143333333337,-6.449691454333333,7.8629419013333335,-29.20759583333333,0.9915806846666668,-1.341608127,6.778664748,-22.906017460666664,-92.05335110666668,-7.2863894306666666
3711,10.307921000000002,-6.7404068310000005,6.850601990666667,-29.17652893333334,5.222083807,-2.5904211203333336,17.842488606666667,-35.59342702,-121.65539296000001,-11.098799547666667
3712,10.310698666666667,-7.042251268666667,5.671376387666666,-29.1284078,-0.13427694666666667,-1.2399201589999997,4.857301116,-37.13877169333333,-141.70714063666668,-12.254981914333333
3713,10.313476333333332,-7.443831285000001,4.200842936666667,-29.071306866666664,6.138430873333333,-1.4409326313333335,22.047655106666667,-48.87857691666667,-176.45983120000002,-16.44540787
3714,10.316253999999995,-7.897119522000001,2.5396500426666666,-28.97971596666667,1.2169762403333333,-2.6132371423333334,0.7294060490000001,-54.796187083333336,-199.5891927,-16.948022843333334
3715,10.31903166666666,-8.380877176666667,0.6520426273333332,-28.861648566666663,2.004333754333333,-0.25854455933333337,24.870085720000002,-57.932151796666666,-226.84242756666666,-19.20516014
3716,10.321809333333324,-8.951304119,-1.4099422296666664,-28.7020823,1.508914391,-0.9813869199999999,7.765806356333333,-67.59356181,-248.15559386666666,-19.24304549
3717,10.324586999999989,-9.530872343333334,-3.592071294666667,-28.493893966666672,0.4077512423333334,-0.99306194,13.720658936666666,-67.17797724666667,-263.16156003333333,-18.831748647666668
3718,10.327364666666654,-10.110605876,-5.943576138666668,-28.227460233333332,-1.0061504843333333,1.23187389,18.712546986666666,-65.9066658,-284.2198181333333,-17.274040381333332
3719,10.330142333333319,-10.757885297000001,-8.245547015,-27.91141,-3.5059905846666664,0.33699458833333323,13.825166385000001,-71.66871897,-279.2130737333334,-14.123052679000002
3720,10.332919999999982,-11.364816662666668,-10.680092733666667,-27.538294466666667,-2.3419602316666666,1.3253069916666667,17.067126593333334,-64.86762746,-295.9107462666667,-13.072160403333333
3721,10.335697666666647,-11.98423354,-12.984312693333331,-27.12978109999999,-4.459236224666667,1.0754561373333333,14.701290132666665,-63.72328821666667,-281.16104126666664,-9.629623514999999
3722,10.33847533333331,-12.575954753333335,-15.220813753,-26.703122500000003,-5.505769570666668,0.4881595273333334,15.7456096,-58.57408014666667,-273.46960956666663,-8.820301451666666
3723,10.341252999999975,-13.114103316666666,-17.341862359999997,-26.257914233333338,-7.6203680039999995,0.837855498,17.16243426,-49.90133539666667,-260.19828290000004,-6.740596790333334
3724,10.34403066666664,-13.591642063333333,-19.292871476666665,-25.823570266666664,-6.363215446333332,1.7907104790000001,14.577556608,-41.937630969999994,-239.90089926666667,-5.660590172
3725,10.346808333333305,-14.029817263333333,-21.030786513333336,-25.440015199999994,-9.952660562333334,1.6684184076666668,15.276415506666666,-37.80825615,-213.53605143333334,-7.544440109333333
3726,10.349586000000008,-14.449355443333332,-22.54979133333333,-25.07588193333334,-5.746994654333332,-1.7255494993333331,15.75678253333333,-35.513908386666664,-187.38770803666662,-5.164255539666667
3727,10.35236366666667,-14.783856073333334,-23.81137212,-24.796208700000005,-10.623112680666667,2.920848061666667,20.710119886666664,-28.174657823333334,-155.00531512,-8.113546053666667
3728,10.355141333333336,-15.076029776666667,-24.822650276666668,-24.566647833333338,-8.368326188,-0.08211108033333336,18.793593726666668,-25.042666120000003,-124.46153068333335,-6.831768433666667
3729,10.357919,-15.235809963333333,-25.50919024,-24.447654733333337,-10.001831372666667,0.576439594,10.770896593666668,-14.163456281333334,-83.66541592866666,-9.136121592666667
3730,10.360696666666666,-15.357241946666667,-25.950696306666668,-24.375498466666674,-9.55594985,2.3596925336666668,9.827304045666667,-11.677443185000001,-53.83956527666666,-6.775937358
3731,10.363474333333329,-15.437094370000002,-26.09702301,-24.40924583333334,-5.427597522666666,-0.14617576899999993,13.616303128333334,-12.033921879666666,-16.662172953333336,-8.768666109
3732,10.366251999999994,-15.44600932,-26.11179669666667,-24.474873833333337,-7.646837197333333,0.8802165190000001,14.548197109333335,-5.153217316666667,-0.499521256666668,-7.748627225
3733,10.369029666666657,-15.379349073333332,-25.848495483333334,-24.604886366666666,-7.4039265316666665,2.5271295706666668,11.662051518333334,0.7752741673333334,33.502405786666664,-5.942652066666668
3734,10.371807333333322,-15.28020954,-25.422557193333333,-24.790896099999998,-7.189231634333335,-0.7063690626666667,11.169963675666667,1.7115556796666667,53.928744554,-6.245742956666668
3735,10.374584999999987,-15.177441913333332,-24.839853286666667,-24.986681633333333,-4.286898591666667,-0.6902166806666665,4.847774961333333,1.9729337693333335,72.32718404333333,-2.849541187333333
3736,10.377362666666652,-15.062338509999998,-24.15817832666667,-25.23213196666667,-3.177863399,3.0133089223333336,19.53035132,1.0921617650000004,85.31236775666667,-4.8802258966666665
3737,10.380140333333316,-14.932767870000001,-23.514736176666663,-25.44022113333334,-1.9618234233333336,-1.6576341589999999,4.547772208666667,5.057511091,79.79684829666667,-2.4820961853333334
3738,10.38291799999998,-14.757759096666666,-22.786300023333336,-25.670104966666656,-0.6976083916666668,0.10351767633333327,8.230056046333333,9.543709754666667,90.26359557666666,-2.2452503043333336
3739,10.385695666666644,-14.631108919999997,-22.12659899333333,-25.854700766666667,-1.616597871,0.39689362033333336,6.249185482666667,6.2093763346666675,81.07384364666667,0.2676609156666667
3740,10.388473333333309,-14.532619156666668,-21.527803419999998,-26.027605700000006,2.112547246,-2.5778920253333335,9.722305138666668,3.4645148913333332,73.67047880333332,-0.47506793333333325
3741,10.391250999999974,-14.427572886666667,-21.015796026666667,-26.165061966666666,0.9849071306666667,1.445192434,7.642875990333334,6.091065009333334,62.544381460000004,0.5447150470000001
3742,10.394028666666639,-14.315656343333332,-20.62995465666667,-26.278727200000002,1.63695243,1.1021116426666666,6.1879145693333335,8.085422914666667,47.35437361500001,-0.7743343113333333
3743,10.39680633333334,-14.240857443333333,-20.384173076666666,-26.334576933333334,3.5453358493333327,-2.1794588563333335,10.017540135666666,6.19349287,29.40126864,1.1317261063333335
3744,10.399584000000004,-14.190837863333334,-20.29405085,-26.355735799999994,2.139714738,1.0862941546666667,11.96266524,4.7334720589999995,10.331883113333333,0.33153442533333327
3745,10.40236166666667,-14.162647563333332,-20.328944526666668,-26.34369153333333,2.887692014,-0.381387184,10.856546244,3.4563400743333332,-5.117807389333334,0.11688041700000025
3746,10.405139333333333,-14.149300573333335,-20.492947896666667,-26.310152666666667,1.439304352,-1.2665168443333332,7.957032362999999,2.7303134186666664,-20.70373662333333,-1.307522853
3747,10.407917,-14.131779986666666,-20.817770003333333,-26.230600966666668,1.5205419459999998,0.1198399266666667,6.766497294333334,5.021270314666666,-40.78158315166667,-1.113588174333333
3748,10.41069466666666,-14.117286683333333,-21.223014833333334,-26.154408766666673,0.9884924193333334,-0.03863425066666659,10.330714862,4.878561495666667,-49.83788776333333,-3.799396038
3749,10.413472333333326,-14.125255903333333,-21.812489193333334,-26.00540923333334,0.6998453936666666,-0.16983513000000006,9.452909469666666,5.1314865350000005,-73.39988072999999,-1.3816822360000003
3750,10.416249999999991,-14.108329776666666,-22.371187210000002,-25.90090686666667,0.07419776933333348,0.640993729,10.785084882666666,6.554402628999999,-68.53129323666667,-5.515043417333334
3751,10.419027666666656,-14.130202613333333,-23.095799763333332,-25.716718033333336,-0.6911564069999999,0.4583745399999999,15.231940590666666,5.369010686,-90.04210916,-1.783088725
3752,10.42180533333332,-14.14576626,-23.702210746666665,-25.60454559999999,-1.75412035,-0.3536552986666666,13.148051896666667,3.18202885,-74.26620483333333,-6.383669616666668
3753,10.424582999999986,-14.156521796666667,-24.422234853333336,-25.42795816666666,-2.4426010849999997,-1.2292525173333335,15.845511753333332,6.6258334329999995,-89.34779612333334,-2.650626926333334
3754,10.42736066666665,-14.120647433333332,-25.06664022,-25.30783083333333,-3.6295796633333333,1.5665954746666666,6.693992456,9.925148647333332,-78.82375208333333,-6.810891549666667
3755,10.430138333333312,-14.108816783333333,-25.61579704333333,-25.18209836666666,-3.5482776166666667,-1.9076071183333332,18.06649557333333,7.0755167000000005,-68.02698517,-3.2348724616666664
3756,10.432915999999976,-14.101291656666666,-26.124680833333333,-25.103790266666664,-3.6353876196666666,0.43911700466666664,6.922237993,4.478991369,-62.032263436666675,-7.228165228666666
3757,10.435693666666642,-14.067625046666668,-26.4684906,-25.030804966666675,-4.658149897,-0.6540671586666666,16.419304846666666,7.185161034333333,-42.701949119999995,-3.0692158343333333
3758,10.438471333333306,-14.045693716666667,-26.79585584,-25.003860466666666,-3.8301231066666666,0.006848841666666661,12.623031934333333,3.484984556666667,-39.578152020000005,-7.086128016666667
3759,10.44124899999997,-14.013524056666666,-26.897135416666668,-25.00202436666667,-4.848009665,-1.6838844816666665,10.359430153333333,3.3134026923333333,-12.694750466666669,-3.46338153
3760,10.444026666666673,-13.983328503333334,-26.917921063333335,-25.066764833333327,-4.140595436,-0.2805936933333334,21.467884063333333,-0.42947912133333394,-1.4488824200000014,-7.703381965666668
3761,10.446804333333336,-13.974307060000001,-26.864269256666663,-25.101933833333334,-2.2495289843333333,-0.943788579,2.903582414,-1.3492163020000003,6.404944301,-2.620322545666667
3762,10.449582000000003,-13.930506073333333,-26.70055008,-25.2050654,-4.693369945,-0.2654746573333333,19.01885541333333,-0.8522497830000001,20.931146303333332,-6.468150615666666
3763,10.452359666666666,-13.951889676666667,-26.415831883333336,-25.28504943333333,-1.3631741206666665,-1.354696532,8.175937333,-7.365669889333334,34.50171756966666,-0.44419074066666653
3764,10.455137333333331,-13.950917563333332,-26.093723296666667,-25.42550913333334,-4.640810845333333,0.122006774,15.313061713333333,-7.853987890666666,40.332035063333336,-5.822071552
3765,10.457914999999995,-13.994179726666667,-25.721740086666667,-25.505124433333332,1.2206417716666667,-0.6701184906666665,12.379830042666669,-9.899498345333333,44.57066249833334,2.1459225813333336
3766,10.46069266666666,-14.017580353333335,-25.289504370000003,-25.655006400000005,-5.460893075666667,0.19362672166666664,7.147563300000001,-11.052275422,53.49501419,-3.551783760333333
3767,10.463470333333323,-14.109164873333333,-24.879631676666666,-25.722791033333326,1.9964731433333334,-1.6269598206666664,12.763343493333332,-14.946495373333335,48.805387493333335,4.536130070666666
3768,10.466247999999988,-14.163710276666668,-24.41415850333333,-25.8511912,-3.627435386333333,0.7187820973333334,9.416380405333333,-13.507319133000001,56.67037074,-0.2358136573333335
3769,10.469025666666653,-14.249285696666666,-24.029488880000002,-25.90788523333333,1.4174044923333333,-0.8923023740000001,8.532622774666667,-13.597530046666668,45.58159256,5.126159310333333
3770,10.471803333333318,-14.313884416666667,-23.651795070000002,-25.984677633333334,-1.3712766316666667,0.39344581966666664,10.099585373000002,-11.990992864666667,45.062948543333334,2.754371722666667
3771,10.474580999999981,-14.435326893333333,-23.39523760333333,-26.02050526666667,1.6899607579999998,0.367018958,10.718568165666667,-16.827534043333333,29.971795083333333,3.560006618333333
3772,10.477358666666644,-14.54824988,-23.148983,-26.053314233333335,0.7360871533333334,-0.6735758783333333,10.092706043000002,-15.57314237,28.705806097000004,3.613987128
3773,10.480136333333311,-14.660680133333335,-23.02888616,-26.075065600000002,0.4350996116666667,0.7369257213333333,11.269339723000002,-14.96936353,13.842448711666668,0.961366743
3774,10.482913999999974,-14.778549193333333,-22.977229436666665,-26.056648266666667,2.173861782,-1.4638566973333333,7.109610874333334,-13.806541761333333,4.5754257833333325,3.305208920666667
3775,10.485691666666641,-14.845985093333333,-23.059071856666666,-26.050351433333333,-0.5930360556666666,1.4120160736666667,9.573623023000001,-8.202866633666668,-10.381985346333332,-2.1582349933333336
3776,10.488469333333304,-14.93886344,-23.230745316666667,-25.97984823333333,3.624914884666667,-0.6846377353333333,9.457817871666666,-8.287149937333334,-22.779222807,2.0623390076666666
3777,10.491247000000005,-15.001519203333332,-23.50215403,-25.944442733333332,-0.3443792660000001,1.851385355,10.344138304333333,-6.2339777729999994,-33.341916878666666,-5.057029644666667
3778,10.49402466666667,-15.06970819,-23.85284487,-25.824539200000004,3.0731601716666668,-0.11718887099999999,12.991700806666666,-2.722701153333334,-44.755835849,1.5453751879999997
3779,10.496802333333335,-15.109527906666665,-24.30606524,-25.742571533333333,-0.4536569116666671,0.894377311,11.089275997333331,-1.1329182776666666,-55.63485082,-5.9165466623333325
3780,10.49958,-15.13164298,-24.774918236666668,-25.6033147,1.436766187,-0.5329749880000001,14.680763243333333,3.919552883666667,-59.05655542666667,-0.29183586566666647
3781,10.502357666666663,-15.133159003333333,-25.40161705,-25.46103413333333,-1.798665444,0.8766005039999999,8.518962700333335,6.539201022666667,-77.49729919333333,-5.105618001333333
3782,10.505135333333328,-15.092126846666666,-25.924954733333333,-25.336095199999992,0.2920817550000005,0.5783599216666666,12.629165966666667,10.915330251999999,-64.93990707333334,-3.7757569170000003
3783,10.507912999999993,-15.056976636666667,-26.519986473333333,-25.191518166666665,-3.0387399396666663,-0.030822542666666675,12.521155674666666,11.132052103333331,-74.04276021333334,-3.963401118333334
3784,10.510690666666656,-14.98834769,-27.039357506666665,-25.098060633333333,-1.607007422666667,1.2790344953333335,12.895353,12.770555816666667,-63.449275969999995,-7.119924227333333
3785,10.513468333333321,-14.90680281,-27.46743965,-24.985776266666665,-5.370403011666666,-1.842523853,14.617517153333333,15.113704679999998,-53.63071473433333,-2.249965748333334
3786,10.516245999999986,-14.797710736666666,-27.82224464666667,-24.959266666666668,-2.480168501666667,1.3106472393333333,11.27158578333333,13.978131293333334,-42.660675523,-8.88345289
3787,10.51902366666665,-14.6796058,-28.008185706666666,-24.9110972,-7.409586111666667,-1.184221864,13.079091706666667,16.1638724,-23.735703786666665,-1.592760960333333
3788,10.521801333333315,-14.50521469,-28.069615043333332,-24.96740466666667,-3.5276166599999996,0.5744407423333333,15.983400026666667,17.13602225,-6.451571306000001,-8.488398234333333
3789,10.52457899999998,-14.357657750000001,-28.000919343333333,-24.983126299999995,-5.022081534,-0.9421527910000002,8.565774879666668,16.21273804,7.409281393333331,-0.34814925999999985
3790,10.527356666666643,-14.15051619,-27.737600959999998,-25.112876866666667,-6.045371373666666,1.3873315653333333,17.473044716666667,17.074274380000002,33.28463872333333,-6.570643662333333
3791,10.530134333333308,-14.015807153333334,-27.37833913333333,-25.19035083333333,-3.507088184666667,-2.8499636056666664,10.431488036333334,11.379350821000001,42.989798863333334,1.9872339566666666
3792,10.532911999999973,-13.79620107,-26.812525433333334,-25.3887482,-6.501106262333333,1.3121152916666665,7.106479643666667,14.990181922666666,70.08559545666667,-5.2758776733333335
3793,10.535689666666636,-13.640826223333333,-26.20127233,-25.520927433333338,-0.8657762206666665,-1.2727713583333333,22.1233565,11.116311945666666,73.83724721333334,3.1415556270000002
3794,10.538467333333339,-13.458319346666668,-25.448877973333328,-25.74619546666666,-5.906188170333333,0.07508615666666667,1.632057667,9.550824900666667,92.51993816333334,-3.2264143626666666
3795,10.541245000000004,-13.27722613,-24.62501398666667,-25.9120992,-2.188348601333333,-0.6371076476666667,17.249186199666667,12.733072438666667,99.44760637666667,4.864184459
3796,10.544022666666669,-13.124952,-23.798958459999998,-26.13394930000001,-2.706760843666667,-0.5907054046666667,4.3991503713333335,6.795051732666667,101.20675915,-1.3574659426666666
3797,10.546800333333334,-13.01504326,-22.829650243333333,-26.322158833333333,-0.045686125999999945,-1.779750953,14.5998195,3.618535042,117.26163483333333,5.870529691666667
3798,10.549577999999997,-12.879460653333334,-21.9556942,-26.514689133333334,-4.142713547,0.15001002566666663,8.394329389333334,6.9437981063333325,105.91282907666668,2.2879626353333333
3799,10.552355666666662,-12.786868093333334,-21.01085599,-26.685409533333328,2.530618141333333,-0.19422779499999998,10.859903652333335,2.9500108560000005,114.04648843333332,6.400608895666667
3800,10.555133333333325,-12.703826583333333,-20.14071846,-26.85841623333334,-2.719170173333333,-1.576386258,8.399460156666667,2.115802625666667,104.99619544666666,3.9651083936666667
3801,10.55791099999999,-12.615162849999999,-19.278842293333334,-27.005500799999993,1.1819161970000003,0.6499127746666665,12.575016181666667,3.9737944603333326,103.65383913333334,6.168500781666666
3802,10.560688666666655,-12.580100696666667,-18.54829661333333,-27.141143800000005,1.537256240666667,-0.5102554496666667,11.232866922,-1.5104050646666665,87.94773863333334,4.018866858
3803,10.56346633333332,-12.515603383333334,-17.77762985,-27.288645399999993,-0.8473007679999999,-0.49772416799999997,8.820878186666667,1.4870216846666668,93.03585052000001,3.334572711
3804,10.566243999999983,-12.4711949,-17.19427808,-27.391428633333334,3.3237614630000003,-0.6592013039999999,13.862691246666666,1.1555275123333333,69.90535831666666,3.765134493333333
3805,10.569021666666648,-12.421572686666666,-16.637195903333335,-27.51289876666667,-1.7592029966666667,0.9790009456666667,4.319830934,1.0845903556666665,67.60713957333333,0.508052745
3806,10.571799333333312,-12.395483016666667,-16.22345829,-27.56450146666666,4.743230579666666,-1.0579555433333334,18.40220642,0.8294231493333335,48.607187339666666,4.84049797
3807,10.574576999999977,-12.343021389999999,-15.927521706666667,-27.66495003333333,-1.3986293476666665,1.4158778193333335,0.9791838226666667,2.4211850163333337,36.500960666666664,-3.9981323893333336
3808,10.577354666666642,-12.297350246666667,-15.652052560000001,-27.67562613333334,4.459487041,-0.89752535,16.90382576,4.567030985,31.440369926666666,5.741492112333333
3809,10.580132333333307,-12.201663016666666,-15.570858636666665,-27.7468033,-2.0328861873333333,1.1337863106666668,5.193432013333333,8.663557928000001,10.397537231666666,-6.200569312333333
3810,10.58290999999997,-12.11024825,-15.482248623333334,-27.70213063333334,2.759015242666667,-0.42451842599999995,13.114738781666667,11.891168118666668,8.429888246333332,7.018215080333333
3811,10.585687666666672,-12.004831953333332,-15.542406080000001,-27.738680566666662,-0.024088700666666647,1.4921678403333336,10.947016079,11.062842843333334,-6.913414556333334,-5.860409527000001
3812,10.588465333333337,-11.897788046666667,-15.538487116666666,-27.672025033333338,-0.2334671020000001,-0.5658004783333332,10.336859545333335,14.414386274999998,-2.1148036299999986,7.3109917740000006
3813,10.591243,-11.753122966666666,-15.66592566,-27.675839766666666,-1.2684291999999997,0.6201615036666666,14.471639632333334,16.784488043333337,-15.679565429999998,-3.9588723196666664
3814,10.594020666666667,-11.624932923333333,-15.71641763,-27.60834246666667,-0.5002930959999998,-0.7188866736666667,6.955526510666666,16.986020086666667,-8.435361224666666,6.086401860333333
3815,10.59679833333333,-11.458189646666668,-15.798835753333336,-27.595179266666662,-2.637532472666667,-0.17180477066666663,13.060032211333331,19.89837138,-11.038471539666666,-1.0656043696666666
3816,10.599575999999994,-11.321361223333334,-15.87362798333333,-27.536537166666665,-0.1787572703333334,-0.3036337296666667,10.128563723666666,17.767991383333335,-10.838060060666669,4.506702424666666
3817,10.602353666666659,-11.164806046666664,-15.85785516,-27.516342166666664,-5.2568140046666665,-0.08494580033333336,6.5893934566666665,18.96252345666667,0.48360411333333236,1.9826734043333334
3818,10.605131333333324,-11.015335402,-15.805125553333333,-27.504102066666665,-1.3344346283333335,-0.6223094063333333,15.09847609,17.68130398,5.095005510666667,2.1070308746666675
3819,10.607908999999987,-10.893953321,-15.707254413333333,-27.484090166666665,-4.178694764666667,-0.9683983226666667,8.232288359666667,14.767377216666668,10.144741079333333,3.890897433333333
3820,10.610686666666654,-10.750096956999998,-15.46946939,-27.5226466,-3.773059785333333,0.564107418,15.099444069666667,15.343622843333334,28.039282161000003,0.365993978333333
3821,10.613464333333317,-10.617375373666667,-15.229050633333335,-27.505213433333335,-2.708955466666667,-1.1587714753333331,6.015172799666666,15.984326996666667,26.86363085133333,6.844696363
3822,10.61624199999998,-10.448845544333333,-14.8654569,-27.582036299999995,-4.2378697396666665,1.235653994,10.418707847999999,17.206781703333334,43.88721847666667,-1.3447014513333337
3823,10.619019666666645,-10.333459853999999,-14.421641346666668,-27.586613966666672,-2.8419206146666665,-1.0384684009999998,13.894830703333334,13.332285243333333,51.55570634333333,8.539341770333332
3824,10.62179733333331,-10.170914968,-13.954184213333335,-27.686360700000005,-1.41661036,-0.1985923546666667,2.524576505,15.858690896666667,56.40837097333334,-1.837889035
3825,10.624574999999973,-10.0249602,-13.389411606666668,-27.701995833333328,-3.5713625746666664,0.5173193316666665,12.334278425666668,16.757048603333335,66.14186223333333,9.421840986
3826,10.627352666666638,-9.887219112666665,-12.807070096666669,-27.817026766666668,-2.1475124756666664,-1.3601322573333334,13.513835591666668,12.696060497666666,70.24593098666666,-1.4920037586666666
3827,10.630130333333303,-9.750981650333332,-12.177438420000001,-27.83911643333333,-2.312853376,0.24705247100000002,9.252769706,15.343437828666666,73.85786438000001,9.841944736333334
3828,10.632908000000006,-9.596232095666666,-11.497625032666667,-27.9672699,-2.8418626786666668,-0.7183179456666666,15.127078371333333,14.819085756666666,82.18287658666667,-1.512653033
3829,10.635685666666669,-9.473087628,-10.846780141000002,-28.004229199999997,-1.079961220333333,-1.5796849030000002,4.750127534333333,13.433984280333334,76.93812942666666,8.428312462
3830,10.638463333333332,-9.354081154333334,-10.124883649333334,-28.128077199999996,-1.0189923843333335,0.10012499533333337,11.547228969999999,10.967377978333333,86.88659413666666,-0.6823137726666667
3831,10.641240999999999,-9.253717740333334,-9.514870644,-28.16305796666667,0.08692908300000002,-0.2885247023333333,14.183946613333333,10.770518938999999,72.14269892333334,7.650828680666667
3832,10.644018666666662,-9.123430569666667,-8.840847333000001,-28.263061533333328,-1.5797550683333332,0.20213630800000001,3.4106820229999997,13.170515378333334,80.73749033333334,0.8209787606666669
3833,10.646796333333329,-9.035098393666667,-8.250396728333333,-28.2967402,-0.30054992433333383,-1.2107789913333333,18.437338829999998,9.337482968,69.70662562,7.057797988666667
3834,10.64957399999999,-8.972917874666665,-7.698240280333333,-28.36289723333333,0.18489769600000008,-0.19578108200000002,-0.12436310466666622,5.896469712999999,65.82757823,2.314329385666667
3835,10.652351666666656,-8.903261502333335,-7.131323337666667,-28.4045588,-1.3133937319999998,-1.1275002163333334,17.324501036666668,7.122572381,67.28082275333334,5.353871545666667
3836,10.65512933333332,-8.871464093666665,-6.717315991666666,-28.4247945,1.7854338883333334,-0.32416318833333335,5.046992779,2.9998283386666666,48.43427404,5.100947855333334
3837,10.657906999999986,-8.809617678333334,-6.2244264283333335,-28.471092233333337,-4.505653302,-0.22117092233333335,10.829416910666666,6.242856980666667,58.59532547,3.2279492029999997
3838,10.660684666666649,-8.758236567333332,-5.841205438,-28.462308266666664,1.9308029016666666,-1.4039297800000001,12.188706396666667,5.730572223999999,44.285464606666665,7.885837853000001
3839,10.663462333333314,-8.718069076333334,-5.459892114,-28.508895900000002,-2.453571796333333,0.12554685299999999,3.4334642083333335,3.694622178666666,45.208080929999994,1.030238469333333
3840,10.666239999999977,-8.681088289,-5.116624673,-28.473948166666673,0.8913629056666666,-0.6954949793333333,18.370776493333334,4.307042161333333,39.28172810666667,10.104883989666666
3841,10.669017666666642,-8.626695633,-4.805963198333333,-28.509236633333334,-2.7451089223333334,1.2821590303333334,5.067269087000001,5.683223883,36.74854405666667,1.092340072
3842,10.671795333333307,-8.565155347000001,-4.502674579333333,-28.46452333333333,1.0454343163333333,-0.7641981143333334,13.353919346666666,7.228320280666666,34.26973915333333,10.397172929
3843,10.674572999999972,-8.507559776333332,-4.257835547333333,-28.48190559999999,-3.3130649726666666,-0.22043597666666667,11.939311343333332,6.298962911,28.592746733333332,1.987414862666667
3844,10.677350666666635,-8.425159613333333,-3.9269472756666666,-28.4508972,-1.5486085413333335,0.03813056133333329,8.518842221333335,9.547976334333333,37.84755579666666,9.153107482666668
3845,10.680128333333338,-8.324704169999999,-3.673426707666667,-28.443440733333333,-1.1464548906666667,-0.586340517,7.891884168000001,11.613449733333335,29.03132629,4.93704621
3846,10.682906000000003,-8.230802854,-3.4074670473333337,-28.426884966666666,-0.416495621,-0.3967635233333333,7.933299223666666,10.845316887666668,30.57531674666667,6.162097177333334
3847,10.685683666666668,-8.128705978333334,-3.147590081,-28.404729233333338,-2.933623294,0.14104197433333332,12.383380893333333,11.964105606666669,29.680899936666663,6.708899657
3848,10.688461333333331,-8.000025908333333,-2.818725824666666,-28.417027799999996,-3.7660402059999996,0.33536462466666667,10.619076411,14.780204773333333,38.41073354333333,3.6540527839999997
3849,10.691238999999996,-7.877909660333333,-2.4914125996666665,-28.39301553333333,-1.9845932223333334,-0.7725982543333334,10.925391673666667,14.328034716666666,37.713431039999996,7.897340357666667
3850,10.694016666666661,-7.761788527,-2.1701142786666665,-28.421885200000002,-1.3934403260000003,-0.7328489423333333,8.569920380333334,13.221446353333334,37.78941345333333,1.379487435
3851,10.696794333333324,-7.633913994,-1.8301647506666667,-28.407363899999993,-1.7213803929999998,-0.6516411353333335,10.285428206666667,14.857429823333334,39.298847200000004,6.8371380156666675
3852,10.69957199999999,-7.486598173666667,-1.4604898093333334,-28.44750466666667,-3.0159512856666666,0.5666538676666667,11.015801747333333,17.05714512,43.847496033333336,0.65104717
3853,10.702349666666654,-7.346715291333333,-1.0552150806666667,-28.447901400000003,-2.4443882306666667,-0.24692248333333341,11.146237689000001,16.281433743333334,47.490674336666665,5.886137963666667
3854,10.705127333333317,-7.196827729333333,-0.6742236066666667,-28.48103333333333,-1.929784695333333,-0.656077365,7.2317486613333335,17.410868326666662,44.94807942666667,1.4045761373333334
3855,10.707904999999982,-7.055436134000001,-0.2706356496666667,-28.502782166666666,-1.3209716476666666,-0.891016066,8.955831845666667,16.425863903333333,47.66077041666667,3.1184330186666664
3856,10.710682666666647,-6.923345884,0.13983869066666668,-28.526720700000002,-3.454457759999999,-0.9111082056666667,11.009699185333334,15.32395617,48.44458135,1.897208006333333
3857,10.71346033333331,-6.790500641,0.6021810870000001,-28.5581131,-0.98716261,-0.48176736633333334,11.575324693333334,15.392579236333333,54.69541041333333,2.552102247666667
3858,10.716237999999976,-6.650235811666666,0.983438452,-28.585278833333323,-0.8446064790000003,0.1796618503333333,6.925429820000001,16.417973520333334,45.04203415,1.7727182706666669
3859,10.71901566666664,-6.522576491,1.3892896673333333,-28.60156503333333,-2.0309717653333332,-1.5443446636666665,11.863674163333334,14.825177509999998,47.92019144666667,3.3209906816666668
3860,10.721793333333304,-6.409983635,1.8005634943333335,-28.63020833333334,-2.184399843,-0.1720434126666667,12.939082464,13.143324853333334,48.61687088,0.8645307619999999
3861,10.724571000000006,-6.306304772666667,2.241405646,-28.647094733333343,-1.8455637293333333,-1.191279357,7.976447185999999,11.958407244,52.13707860333333,3.522722166
3862,10.727348666666671,-6.197680791,2.5954724946666663,-28.66552226666666,0.953711132,-0.8395723416666666,7.588880857666666,12.709799607999999,41.64967600666666,1.146596789
3863,10.730126333333336,-6.095791339666667,2.951730887,-28.686004633333336,-3.5922888516666664,0.08534953500000002,11.617674034666669,11.736325583333334,41.99076589,1.7815283936666664
3864,10.732904,-6.004050731666666,3.3230894406666667,-28.681114200000007,-1.0147132226666666,-0.4688673016666667,11.260152815,10.621388434666667,43.56009547,3.926814238
3865,10.735681666666665,-5.913949807333334,3.6444259486666666,-28.71672819999999,-0.8121997663333334,-0.8414946396666668,5.768560667666667,10.525020443666667,38.14277966666666,-0.5223295689999999
3866,10.73845933333333,-5.823779265,3.942694505,-28.7054011,-0.5483579236666666,-1.0066934026666665,10.177651882666668,10.321166514,34.681495026666674,3.473931789666667
3867,10.741236999999993,-5.743871688666666,4.237784703333333,-28.74482473333333,-2.629742145333333,0.271609233,13.455579757333334,9.413438796333333,35.05110740666667,-1.4446196556666668
3868,10.744014666666658,-5.667571544666667,4.507555803,-28.713801033333336,0.623236418,-0.9941869366666666,8.776665051666667,8.455969173666666,31.078506469999997,5.3608927736666665
3869,10.746792333333323,-5.579998970333334,4.71290342,-28.749911,-1.2070752783333334,-0.501497944,8.449119408333333,10.363919734666666,24.28270531,-2.1851619083333333
3870,10.749569999999986,-5.49472936,4.942220529,-28.711367300000003,-2.316465378,-1.5148650606666667,10.363951364333333,9.418565432333333,26.208177566666667,5.654602925
3871,10.752347666666651,-5.437187354,5.144014517333333,-28.746996533333327,-0.6364501713333334,0.5277339616666666,10.245194435,6.8221510253333335,23.83006732,-2.218186736333333
3872,10.755125333333316,-5.355427423999999,5.30820783,-28.704986566666673,-0.24759964133333343,-1.4052751663333334,8.240086238666667,8.927696945,18.425459863333334,5.214212219
3873,10.75790299999998,-5.274652799,5.441885471333333,-28.718711833333327,-1.969683667,-0.24360368633333337,10.543278855333332,9.404132365,15.430351893333333,-0.459157149
3874,10.760680666666644,-5.211438814666667,5.586926301333333,-28.690322866666666,-2.312585011,-0.502861142,13.230119704666665,6.816837946333333,16.300314583333332,3.462832649333334
3875,10.76345833333331,-5.166259447333334,5.759506861333333,-28.688624066666666,-1.735801597,-0.8900736173333333,9.391802233666667,4.978674968,19.94221814333333,1.47755305
3876,10.766235999999973,-5.101759433999999,5.860435009,-28.669563300000007,0.15118841333333333,-1.6628718973333336,6.159883262,7.090806324666666,11.141672453333333,1.8542316559999998
3877,10.769013666666638,-5.045991738333333,5.960834185333333,-28.66858166666667,-2.8289373713333332,-0.04519010599999999,11.508189838,6.23282369,11.319512683333334,0.5767387016666666
3878,10.77179133333334,-5.005108833333334,6.0946002009999996,-28.647282933333333,-1.7292956513333333,0.01113727666666666,12.022710799666667,4.236424525333334,15.057681403333333,2.4590694903333334
3879,10.774569000000005,-4.946348826,6.223938624,-28.650906866666663,-2.763581752666667,-0.7588146726666666,8.045506637999999,6.665551085333334,14.826443670000002,0.31012861899999994
3880,10.777346666666668,-4.901439984666667,6.296680927,-28.630188,0.3961728413333334,-1.1277025536666667,9.643144926333333,4.7057791946666665,7.792995294000001,1.6697622143333335
3881,10.780124333333333,-4.883211294666666,6.393371741,-28.635388700000004,-3.5963368390000006,-0.3521603346666667,12.761449813333334,1.8097055156666668,10.919246673333333,0.05806734166666668
3882,10.782901999999998,-4.8534251846666665,6.537622451666667,-28.619944266666664,-0.585339129,-0.9783406160000001,10.161935488,2.952173551,16.403238613333333,1.8718161186666666
3883,10.785679666666661,-4.808201154,6.622238635666666,-28.6216151,-1.681247711,0.13319114833333337,8.016427516999999,5.034265756,9.455974896333332,-0.00975452366666682
3884,10.788457333333326,-4.780458450333334,6.683420022333333,-28.59110006666666,-0.7733482173333335,-1.3166017533333332,11.469331423333331,2.4964233636666666,6.331558068333334,2.857161363
3885,10.791234999999991,-4.777672608666667,6.772265116333333,-28.597976700000007,-1.9791355929999999,-0.5322157716666667,10.812483471333332,0.02865813200000004,10.002296288333334,-0.5609131753333333
3886,10.794012666666655,-4.757587592,6.898289839666666,-28.579460133333328,-3.9437061943333336,-0.5580397646666667,7.868683337999999,1.7294854719999997,14.224313736666666,2.0249130726666666
3887,10.79679033333332,-4.744728724333332,6.979264736333334,-28.56894936666666,-0.03600444399999999,-1.0731243590000001,7.8427181243333335,0.9996209940000002,8.890646139666666,1.3710444370000001
3888,10.799567999999985,-4.766794681333333,7.048487345000001,-28.567082733333326,-1.0395986236666668,-1.0821665226666666,9.950567881333333,-3.0688163740000003,7.609379132333333,-0.6296362876666668
3889,10.802345666666648,-4.771047433,7.149670441999999,-28.546134966666667,-3.1027901273333334,-0.5819206436666667,11.307947156666666,-1.2453385986666667,11.212052980333333,2.8681928316666663
3890,10.805123333333313,-4.766994317333333,7.256976286333334,-28.557164466666663,-3.1218567690000003,0.26428388566666666,10.399675686,0.2670368183333333,12.270596343333333,-1.5714675583333333
3891,10.807900999999978,-4.782267411333334,7.373958269666666,-28.53009796666667,-0.07885805766666658,-1.5223638463333333,9.043237052,-2.676167448333333,13.05399863,3.676433563333333
3892,10.810678666666641,-4.806892077,7.458420594666666,-28.549209566666672,-1.9481026333333336,-0.373345082,10.169694423333333,-3.0186335246666665,9.621757508,-2.7596950533333335
3893,10.813456333333306,-4.807968775333333,7.586983044666667,-28.52197773333333,-1.7984396020000002,-0.9122995536666666,8.786824068,-1.0023324416666668,14.44204299,3.8647570213333338
3894,10.816233999999971,-4.791897615,7.699778556666668,-28.5431493,-2.654755274333333,1.3267059723333332,10.185019014666667,1.9253027836666667,13.022799490666669,-2.760745108
3895,10.819011666666674,-4.784181118,7.814648628333334,-28.505101499999995,-0.7737840813333333,-1.3852542836666668,9.658580778333333,-0.13611408066666666,12.719339368666667,4.9674805006666665
3896,10.821789333333337,-4.788948695,7.912121772666667,-28.53101856666667,-1.2058276333333333,-0.7795048653333333,7.792132378666667,-0.47566485399999997,11.219045004333333,-3.376110653
3897,10.824567000000002,-4.756171862333334,8.035315196,-28.511128766666662,-3.2488968099999997,-0.4142206013333334,9.839993476,3.131818652333333,13.907900493333335,2.9162880580000006
3898,10.827344666666667,-4.738153457666667,8.141799608666666,-28.5159098,-0.9501508473333332,0.45104105266666666,10.884516077999999,1.9242610583333333,12.076703866666668,-0.7568152746666664
3899,10.83012233333333,-4.725610733000001,8.228005409,-28.505404133333325,-0.9417360823333335,-0.9216892369999999,10.444304782666668,0.8706836103333334,9.588187376666667,1.3976113796666665
3900,10.832899999999995,-4.696999868,8.303940614,-28.503644333333337,-1.4368871846666667,-0.9758593343333333,8.488149166333333,3.039628863666667,8.35262823,-0.17409550133333354
3901,10.83567766666666,-4.673315048333333,8.382201353666668,-28.502975466666673,-2.555223306,-0.351046602,10.988374868666668,2.405983726,8.738932927666667,0.16963011000000008
3902,10.838455333333323,-4.658691724333333,8.486436208,-28.498140966666668,-0.480434418,-0.294554741,9.270454247666667,1.3041234413333334,11.711603165333335,0.4152154523333335
3903,10.841232999999988,-4.621570269333334,8.524579683666666,-28.50424196666667,-0.9118022916666667,-0.6440546016666667,8.052680334666666,4.143256172666667,4.005951404666667,-1.066734672
3904,10.844010666666653,-4.583232243666667,8.551181475333335,-28.480438233333334,-2.1827272573333336,-0.7889392673333333,11.153031668666666,3.8073466220000003,2.253365318,1.9529914063333331
3905,10.846788333333317,-4.581381797666666,8.611251513333334,-28.50078326666667,-1.578280727,-0.417778204,10.788843791666666,0.17731881133333335,6.761005009000001,-2.523548563333333
3906,10.849565999999982,-4.550263722666666,8.688077131999998,-28.48286183333333,-2.4314250946666665,-0.9842735926666667,7.450639884,3.028640231666667,8.333019892333333,1.681143403
3907,10.852343666666647,-4.527370294,8.688070297,-28.49226126666667,0.23242171600000003,-0.41135100999999996,10.432483673999998,2.5329747103333333,-0.535158257,-1.8258167900000002
3908,10.85512133333331,-4.528321743,8.68829902,-28.481086733333328,-2.3226767383333335,-0.17459964566666664,11.983776409999999,-0.7112730963333332,-0.7668175896666667,0.22057710099999994
3909,10.857898999999975,-4.514601548333333,8.761614322666667,-28.486859633333324,-2.772137880666667,-0.8237462243333332,9.493678568333335,1.3479706050000002,8.202352842,-0.6572954653333334
3910,10.86067666666664,-4.484508991333333,8.785789489666668,-28.478096000000004,-1.7802289326666667,-0.5176031936666666,8.578716754666667,3.069259842333333,2.1194499133333333,0.21220107866666663
3911,10.863454333333303,-4.4947001140000005,8.813679854,-28.480333966666674,0.07188736399999997,-0.9037307996666666,10.119433404666665,-1.5924712816666668,2.743792474333333,-0.7266158263333334
3912,10.866232000000005,-4.497420628666667,8.830395380666667,-28.4788564,-2.1178115606666665,-0.7409261933333333,10.406212488333333,-0.7299202880000001,1.2973569433333332,-0.7419717673333333
3913,10.86900966666667,-4.468526045666667,8.878768920666667,-28.47510783333334,-3.234667261333333,-0.02209103100000002,8.475992042666666,3.000814437666667,5.140649636666667,0.17147032399999995
3914,10.871787333333335,-4.467968781666667,8.908189455666667,-28.472297666666663,-0.6366622746666667,-0.05420294366666667,11.074070929000001,-0.388341705,2.789194007666667,-0.3113795916666668
3915,10.874564999999999,-4.484715620666667,8.938424110333335,-28.4732844,-1.4389238406666667,-1.593716423,7.621301214666666,-2.393052419,3.023009141333334,-0.5601832073333332
3916,10.877342666666664,-4.479531765,8.966024081,-28.469436633333334,-1.781833013,-1.113721053,9.204336324333333,0.16911372766666669,2.5683136780000004,-0.2736324666666669
3917,10.880120333333329,-4.470892747000001,9.008032162666666,-28.481341033333326,-2.95000272,0.8811693786666668,11.763880254,0.8522880873333333,4.529416442,-1.7496488093333333
3918,10.882897999999992,-4.478207906000001,9.053319614000001,-28.45825193333334,-0.7076076663333334,-1.0811638236666667,9.559323787666665,-1.7042474546666666,4.514479120333333,2.189935922333333
3919,10.885675666666657,-4.478915373666666,9.068348566,-28.4778366,-1.4117924373333335,-0.8810947833333334,8.779391925,-0.09613874066666665,1.3676422043333334,-2.8979858556666667
3920,10.888453333333322,-4.4724162419999995,9.110229809,-28.456939700000003,-2.0498381453333336,-0.7079407673333332,10.476207098333333,-0.02938378333333334,4.1448953946666665,1.8476016816666665
3921,10.891230999999985,-4.476511160666666,9.155876159666667,-28.47600046666666,-1.6074354253333334,0.088579261,10.542642591666667,-0.488915935,5.013303597666667,-2.5231175323333335
3922,10.89400866666665,-4.460541089666667,9.196989377666666,-28.449768066666675,-0.8978508116666665,-0.6537083786666665,9.301371734333333,1.003774981,4.009229898333333,2.5329103666666666
3923,10.896786333333315,-4.443783124333333,9.187842688333333,-28.461873366666666,-1.185195446,-0.4246040583333334,8.231798330666667,1.8651093096666667,-1.6157676676666668,-2.2332455316666664
3924,10.899563999999978,-4.437312285,9.230589866666666,-28.441477466666665,-3.3589020223333335,-0.8214207786666666,10.879592578666665,-0.033712665000000065,4.271019935666667,1.922805150333333
3925,10.902341666666644,-4.436070919,9.284844397333332,-28.45195260000001,-0.18909281500000008,-0.48325716466666674,8.176176865333334,-0.023189445333333374,5.942993799666667,-1.4036218326666667
3926,10.905119333333309,-4.419717153,9.288736979333335,-28.44262696666667,-2.281275312,-0.46572123466666665,8.571701685666666,1.3673987390000002,-0.2630327146666667,0.16487030200000005
3927,10.907896999999972,-4.40641737,9.269166945,-28.428357433333336,-0.885669291,-0.19880954399999998,10.771602630000002,0.9423521189999998,-3.1094526896666665,0.8063490989999998
3928,10.910674666666637,-4.4109222096666665,9.318275133666667,-28.43958283333333,-3.3140168190000003,-0.739745736,11.783758479999998,-0.7303388516666667,5.326002120666668,-1.7486328279999999
3929,10.913452333333339,-4.404350598666667,9.357829094333333,-28.42188770000001,-0.6428242523333333,-1.2213539876666666,8.062279701333333,0.04038512700000011,3.939622879,1.761964798
3930,10.916230000000004,-4.392820358333333,9.329105058333333,-28.433664966666665,-0.9797306856666665,0.6639440756666667,9.263299306999999,1.2519001066666668,-3.979300141333333,-2.6609222393333334
3931,10.919007666666667,-4.391676267,9.325286865,-28.41017403333333,-1.5302961766666667,-1.3279570836666668,12.836067198333334,-0.744447867,-1.2913843790000001,2.0571857886666667
3932,10.921785333333332,-4.393603960666667,9.357189497666667,-28.425781233333336,-3.0488160453333335,-0.076896578,7.656440098666667,-0.29662140200000015,3.3019395666666664,-2.473921001
3933,10.924562999999997,-4.384766419666667,9.379395803333333,-28.404055266666663,-0.8347019353333334,-0.8348305026666667,7.622385025,0.22331796099999993,1.8530916573333336,2.0497490813333332
3934,10.92734066666666,-4.3940887449999995,9.34352366,-28.419166566666664,-0.16417868933333332,-0.6320022470000001,10.452080411333334,-1.1962871876666668,-4.824658871,-3.0296644366666663
3935,10.930118333333326,-4.407404422666667,9.349569322,-28.403297433333336,-3.281354904333334,-0.41052256033333334,12.198862394333332,-2.317170414,-0.017016383666666666,1.2227253516666667
3936,10.93289599999999,-4.402309258666667,9.375866253333333,-28.410441066666664,-1.8478785653333334,-0.25601420799999997,8.321921824999999,0.3650880503333334,2.5251925390000003,-1.387762626
