time,Euler_X,Euler_Y,Euler_Z,Acc_X,Acc_Y,Acc_Z,Gyr_X,Gyr_Y,Gyr_Z
0.0,-7.816607952,17.70972061,-131.0664673,-1.101968646,-0.843731225,10.74567509,29.50649643,-26.16827774,-5.091834545
0.008333000000220636,-7.557181835,17.51921654,-131.0349731,-3.3104105,-0.431216389,5.306830883,31.36322784,-24.22748947,0.192939475
0.016665999999986525,-7.300156593,17.317976,-131.0314484,-0.257919818,0.251479506,11.6263361,32.09899521,-25.12117004,-3.045536518
0.02499900000020716,-7.013526917,17.15390015,-130.9949493,-3.46287775,-2.229725122,7.949867249,34.47080231,-21.14253235,1.378829002
0.03333199999997305,-6.763698578,16.97272301,-131.0362549,-2.081082344,-1.118394852,5.726194382,32.80935669,-22.10698509,-7.631900787
0.041665000000193686,-6.535921097,16.89078712,-131.0495911,-3.030338764,-0.067658208,4.857068062,29.18325806,-10.71200943,-2.984035254
0.049997999999959575,-6.291441917,16.8223381,-131.1096191,-1.530454159,-1.263677001,9.086190224,32.80751419,-8.515421867,-8.09022522
0.05833100000018021,-6.067711353,16.70251656,-131.1606445,-3.029255152,-1.299464107,6.761024952,29.99237823,-14.75751495,-7.695331097
0.0666639999999461,-5.873995781,16.7732296,-131.2305603,-3.706562042,-1.286510348,3.10038662,27.04395294,8.15249157,-7.431438923
0.07499700000016674,-5.691502571,16.78752518,-131.2950745,-0.978315532,-2.165169954,13.39716053,25.50939751,1.364099741,-7.522265911
0.08332999999993262,-5.529837132,16.82919502,-131.3316193,-3.649066925,-1.026369333,-2.489836216,22.04502678,4.296046257,-4.008257866
0.09166300000015326,-5.390689373,17.03068352,-131.3865967,-3.740300655,-2.330416918,10.71547031,20.00173569,23.54762268,-4.305154324
0.09999599999991915,-5.270238876,17.16868591,-131.4026947,-1.406357288,-0.471888483,3.014392138,16.40215874,15.53796005,-0.62051791
0.10832900000013979,-5.212686539,17.35513496,-131.4156036,-3.382420778,-2.503231525,0.563842535,8.743128777,21.31769943,0.249854162
0.11666199999990567,-5.173634052,17.67743492,-131.4487305,-0.966442645,-1.339735031,4.940976143,7.263552666,37.73825455,-0.599245727
0.12499500000012631,-5.154881001,17.87009239,-131.434906,-3.468737841,-2.515220642,7.998702049,3.123413563,21.78505516,3.332810163
0.1333279999998922,-5.131523609,18.25300407,-131.4451599,-1.991957545,-1.085493565,1.368805528,4.564042091,44.77269745,2.634262323
0.14166100000011284,-5.198032856,18.51475525,-131.4473419,-1.056069851,-0.623324752,2.320017099,-6.518213749,30.18259621,2.258396149
0.14999399999987872,-5.275186539,18.86255836,-131.4481964,-0.616739988,-1.476924777,3.747311354,-7.846983433,40.45088959,3.391547441
0.15832700000009936,-5.353689671,19.21212387,-131.4492645,-1.811159372,-2.610360622,2.561277628,-7.996367455,40.67811584,3.445593596
0.16665999999986525,-5.459490299,19.59109306,-131.4604645,-0.324657977,0.557567477,2.96158123,-10.87007332,44.27243805,2.700488091
0.17499300000008589,-5.571008205,19.92730713,-131.4664001,-2.546236992,-2.219501019,3.803427696,-11.75743675,39.1225853,2.888483286
0.18332599999985177,-5.688969612,20.32939339,-131.4743195,-1.353010774,-1.373203874,-0.242882252,-12.44205189,47.0033226,3.528676271
0.1916590000000724,-5.815960407,20.65250015,-131.4986115,-0.032695848,0.739770532,1.440397739,-12.83944798,37.72900391,0.849343717
0.1999919999998383,-5.944690704,20.99143982,-131.4918671,-1.537298083,-2.403477192,2.656827211,-14.35674858,39.26021576,4.598133564
0.20832500000005894,-6.074576855,21.33759689,-131.5377655,-0.56619215,1.047336459,2.429411411,-12.21350098,40.7458992,-1.078258634
0.21665799999982482,-6.218270779,21.68325806,-131.5699158,-2.040553808,0.375240713,2.080649137,-14.44896126,40.50471115,0.548516929
0.22499100000004546,-6.373455048,22.030159,-131.6058502,2.463578939,-2.426479578,2.978315353,-15.6291275,40.7118187,0.269743949
0.23332399999981135,-6.51989603,22.28485107,-131.6486359,-1.376641512,0.295411378,1.183377743,-14.25222206,29.80429268,-1.613173366
0.24165700000003199,-6.678267002,22.57884598,-131.672821,-1.16079402,-1.512576699,-1.377667069,-16.518116,34.23247147,1.069728851
0.24998999999979787,-6.826391697,22.84385109,-131.7189636,0.215078861,0.034417309,-1.867414832,-14.25813961,31.05752373,-1.65461719
0.2583230000000185,-6.973841667,23.091856,-131.7131653,-1.47577095,0.427460343,4.53094244,-16.58119965,28.36402702,3.892035723
0.2666559999997844,-7.0982337,23.35593224,-131.7402496,-1.170186996,-1.517938375,5.149512291,-12.26595306,30.69519424,0.595083296
0.27498900000000503,-7.166950703,23.57696724,-131.7488251,1.06324029,1.652100682,-0.68778187,-6.450167179,25.33093071,2.036768198
0.28332200000022567,-7.285777569,23.74559021,-131.7576904,0.775063872,-1.124518514,0.674028575,-12.44843388,19.09070587,1.263627648
0.29165499999999156,-7.392896175,23.88315392,-131.7504883,-0.898284435,-2.325419426,2.869290113,-11.82341862,15.14900589,2.571131945
0.2999880000002122,-7.468913555,24.01706696,-131.7707825,0.072632924,3.209038019,1.969104648,-6.752566814,15.09961891,-0.452257872
0.3083209999999781,-7.503139496,24.1132431,-131.7696381,-1.091686845,-0.780636013,2.858059883,-2.774867535,10.32144928,1.31238389
0.3166540000001987,-7.486638546,24.15993309,-131.7562561,1.461867094,-0.572402596,2.28884697,2.702480793,4.240128994,1.861053467
0.3249869999999646,-7.46739912,24.18729591,-131.7420197,-0.929254591,2.208569765,2.200519323,2.993356228,1.948397875,1.655857682
0.33332000000018525,-7.425004959,24.15616226,-131.7055817,0.043033231,-1.715303421,4.556451797,4.680848122,-5.326673031,3.155212879
0.34165299999995113,-7.318998337,24.13258934,-131.6858368,-0.33390972,0.660857201,4.838882923,13.1322937,-4.205307484,1.458730936
0.34998600000017177,-7.204446793,24.04617691,-131.6475525,-0.79055357,1.046670794,2.813885689,13.25301266,-11.93891335,2.525000572
0.35831899999993766,-7.040671349,23.95375633,-131.6205139,-0.00018307,-1.292047143,1.968712211,19.71523285,-12.47389317,1.250897169
0.3666520000001583,-6.88576746,23.81084824,-131.5885773,-1.899420142,1.574366093,4.224372864,18.41809273,-18.57048607,1.076810241
0.3749849999999242,-6.699485302,23.63449097,-131.542099,1.141554594,1.05124712,4.211000443,21.49295998,-22.72468567,2.248483419
0.3833180000001448,-6.531376362,23.43487549,-131.5222626,-3.328232288,-1.798156619,7.780968666,20.60275269,-25.1454792,-0.911188781
0.3916509999999107,-6.289043427,23.22115517,-131.4695587,2.434298754,-0.830610991,9.914885521,27.9556179,-27.25894928,2.586938858
0.39998400000013135,-6.012115479,23.01351357,-131.4464417,-5.456403732,-0.373770505,2.391254187,33.52547073,-26.16916656,-0.455741972
0.40831699999989723,-5.764155865,22.75810432,-131.4029846,2.88912034,0.168175206,3.999737024,29.11036491,-32.07853699,1.316112638
0.41665000000011787,-5.553367138,22.54866028,-131.3558807,-3.544039249,-0.140402809,9.161829948,24.49915886,-26.648592,2.391539574
0.42498299999988376,-5.319035053,22.33969498,-131.3456116,-0.278547943,-1.191583276,4.776690483,29.03150368,-26.17027855,-1.563085198
0.4333160000001044,-5.07408762,22.0639801,-131.2670898,-2.409662724,-2.061644077,12.11510658,27.21534157,-34.83867645,5.373273849
0.4416489999998703,-4.82896328,21.90412712,-131.2810516,-2.901172638,-0.321296126,3.881323576,31.42387772,-20.09936142,-3.52503562
0.4499820000000909,-4.576880455,21.56773567,-131.1621246,1.948019505,-0.500189245,11.765172,26.34649277,-42.44242477,9.580015182
0.4583149999998568,-4.400935173,21.38833809,-131.1505585,-5.309317112,-0.887939394,-0.271589249,21.98695564,-22.66021347,-0.717506468
0.46664800000007745,-4.166936874,21.20178604,-131.0540466,-0.939365387,-0.898032129,17.98479271,25.25525093,-24.25295448,8.766533852
0.47498099999984333,-3.938912868,20.83755493,-131.0039063,-0.960491776,-1.4518646,12.96516323,26.58822823,-45.09487534,2.195631981
0.48331400000006397,-3.704372883,20.70607185,-130.9349213,-3.676980495,-0.518673956,6.738280296,26.59210968,-17.34934235,6.353258133
0.49164699999982986,-3.515612841,20.37182999,-130.8808746,0.689713418,-0.621114194,13.82281208,21.75850105,-41.53730392,3.21191597
0.4999800000000505,-3.336850643,20.19208527,-130.8420258,-5.045081615,-1.366849184,9.244466782,21.21617317,-22.91461372,2.754159927
0.5083129999998164,-3.116674423,19.90093803,-130.7878571,0.399713129,-1.143268108,18.41021538,25.57309151,-36.31624222,3.810841322
0.516646000000037,-2.925892353,19.67577744,-130.7449799,-5.387028217,-1.0390414,4.546593189,22.5335083,-28.35991859,3.086416245
0.5249789999998029,-2.757241011,19.48112679,-130.7015228,-1.652005792,-1.217533946,16.41374397,19.87589836,-24.66280556,3.430722475
0.5333120000000235,-2.570174932,19.19046593,-130.6759338,-1.256628513,-0.416283578,15.71581078,22.81435204,-36.06409073,0.958255589
0.5416449999997894,-2.406651735,19.01544571,-130.6108551,-3.916953325,-1.468945265,9.372458458,18.44976807,-22.42657661,6.137637138
0.5499780000000101,-2.239873409,18.88271332,-130.6086426,-1.556953788,-0.183203816,18.33531952,21.30763817,-17.04905319,-0.717224658
0.5583110000002307,-2.074402094,18.6307888,-130.5496521,-2.717643976,-1.997716069,12.8680706,18.96599388,-31.55147171,5.242151737
0.5666439999999966,-1.902203679,18.51648521,-130.5249786,-4.054563046,-1.293775439,12.71887875,21.10256004,-14.92759037,2.006210804
0.5749770000002172,-1.767288566,18.35771561,-130.4711609,-0.736319125,0.373967499,10.56004143,15.53188992,-20.32509613,5.193621159
0.5833099999999831,-1.692731857,18.2100296,-130.4692383,-2.153422594,-3.467926979,16.36574173,10.26134872,-18.80627632,-0.636296272
0.5916430000002038,-1.582983494,18.03659439,-130.4225769,-3.070024967,-1.515684485,16.53898811,12.80930233,-22.07898521,4.403115749
0.5999759999999696,-1.506108761,17.91672897,-130.4101563,-3.326728821,-0.667067468,10.74152756,10.1446991,-15.53927612,0.708566785
0.6083090000001903,-1.425061345,17.8064518,-130.3830109,-3.174439192,-3.392553568,12.96247578,10.11467934,-14.39091301,2.439577103
0.6166419999999562,-1.356974244,17.68134117,-130.3766022,-2.393032074,-0.968646646,15.5438652,9.317770004,-16.15051079,0.046797223
0.6249750000001768,-1.27456069,17.54814339,-130.3350067,-1.215547323,-0.921844542,18.24353409,9.765609741,-17.17380142,4.071486473
0.6333079999999427,-1.267049193,17.46374321,-130.332016,-3.351079464,-3.231836557,4.421042442,2.180770397,-11.21182442,-0.200444192
0.6416410000001633,-1.302628279,17.40893555,-130.3126221,-4.365062714,-1.323338747,19.41530991,-3.586774349,-7.748678207,1.748991132
0.6499739999999292,-1.288805604,17.35160065,-130.321579,-1.861839414,0.168220028,22.60413933,3.359511614,-7.977618217,-1.502210855
0.6583070000001499,-1.273014069,17.23425484,-130.2797089,-1.607817173,-3.677729368,8.588920593,1.792599797,-15.26987648,4.164120197
0.6666399999999157,-1.285621047,17.17645836,-130.2994385,-2.960830927,-0.216105729,10.79659653,0.567880392,-8.005908012,-2.736240625
0.6749730000001364,-1.305189252,17.14045906,-130.2667084,-4.286773682,-0.344823897,16.93052864,-2.11555624,-5.485339642,3.333013773
0.6833059999999023,-1.383701205,17.14659691,-130.2782288,-2.756642818,-3.946098089,11.34924889,-7.625038147,-0.311661243,-1.621368408
0.6916390000001229,-1.500316739,17.11257362,-130.2637787,-3.312670469,0.303617626,11.32448959,-13.12518501,-5.246449471,1.232736468
0.6999719999998888,-1.658942103,17.07684898,-130.2610626,-2.172558308,-2.210109472,23.14563179,-17.7375679,-5.379310608,-0.126521543
0.7083050000001094,-1.70700407,17.10744095,-130.2534637,-2.76414609,-3.998340607,15.273736,-4.655630112,2.522259235,0.660104454
0.7166379999998753,-1.837094665,17.14624023,-130.2489471,-3.247880697,0.296020061,1.523872256,-14.39027309,3.51637435,0.337954313
0.724971000000096,-2.022616148,17.15474129,-130.2637939,-1.04985261,-0.829810619,18.5378418,-20.34451103,-0.002651074,-1.983707905
0.7333039999998618,-2.183426857,17.15829277,-130.2720184,-3.700912476,-1.579392791,18.12411118,-17.62678528,-0.662166536,-1.250243783
0.7416370000000825,-2.356844902,17.1555233,-130.2737274,-2.359740496,-2.410402536,12.96995926,-19.35413551,-1.40569675,-0.523824096
0.7499699999998484,-2.579804659,17.20379257,-130.2801056,-4.439644814,-4.670589447,7.127324581,-25.13599205,4.738507748,-0.79451561
0.758303000000069,-2.754849434,17.21770477,-130.3034973,-2.367982864,-0.090498686,25.01451302,-18.79579353,0.670606375,-2.921957254
0.7666359999998349,-2.886543512,17.25545502,-130.3022003,-1.186267853,1.597964883,14.81120491,-14.46975422,3.393861294,0.049256183
0.7749690000000555,-3.099717617,17.25126076,-130.3198395,-2.04601717,-2.613779306,4.796655178,-23.56092262,-1.475444794,-2.351400852
0.7833019999998214,-3.355494976,17.33818436,-130.3356323,-4.769114494,-1.052334666,11.50896931,-28.75005531,9.393349648,-1.542823434
0.791635000000042,-3.621130228,17.36706161,-130.3714905,-4.581384182,-1.644489646,21.40673256,-29.19980431,2.628330231,-4.199546814
0.7999679999998079,-3.873764515,17.47208595,-130.4060822,-2.207928896,-3.184691668,10.54592133,-27.6788063,11.75717545,-3.438829422
0.8083010000000286,-4.175580025,17.50484085,-130.457489,-1.301889181,-0.241463736,14.03832436,-32.9853363,3.211720943,-5.91498518
0.8166339999997945,-4.469901085,17.66583443,-130.5222168,-2.690681458,1.310435891,11.26119518,-31.59418488,18.69961739,-6.247537136
0.8249670000000151,-4.766770363,17.78411293,-130.5948792,-4.24134922,-3.072945356,13.3502903,-31.57417107,13.73772144,-7.450099945
0.8333000000002357,-5.063536167,17.97764206,-130.6533813,-4.753612518,-1.423563004,10.74851227,-32.07904434,22.58707428,-4.988827229
0.8416330000000016,-5.287261486,18.08453178,-130.7058563,1.012587309,-0.612596929,28.55269623,-23.50264168,12.23655605,-5.117702484
0.8499660000002223,-5.442550659,18.23869705,-130.7529144,-4.498612881,-1.558198214,9.582492828,-15.48071098,17.84389496,-3.924767971
0.8582989999999882,-5.567067623,18.44202232,-130.8071136,-2.760888338,2.933200598,7.355951309,-11.51598835,23.75720406,-4.128658772
0.8666320000002088,-5.730864525,18.61746597,-130.8419952,-4.060137749,-1.272273064,10.10745049,-16.9452343,20.21923637,-2.199393511
0.8749649999999747,-5.854883671,18.88195229,-130.8894806,-3.627756357,0.294436783,15.3459444,-11.65707302,31.04137611,-2.478025675
0.8832980000001953,-5.935467243,19.01755905,-130.9037781,0.558600605,0.913547575,16.67552567,-7.733681679,15.23085403,-0.263544947
0.8916309999999612,-6.016283512,19.23096466,-130.9128113,-3.578736067,-4.001728535,13.03692532,-7.9485116,24.4935627,1.333516359
0.8999640000001818,-6.055387497,19.41821671,-130.9144287,-1.935824871,-1.699108958,13.96993637,-3.238920927,21.28826904,1.86659956
0.9082969999999477,-6.097112179,19.57494926,-130.8841553,-3.16955328,-2.17147994,13.60116577,-4.839669704,17.21758461,5.073950291
0.9166300000001684,-6.196274757,19.72563362,-130.9101105,-1.451950192,-2.163885593,12.7150259,-9.47200489,17.17194176,-1.302445769
0.9249629999999343,-6.272699833,19.89555359,-130.8783569,-2.909740925,-0.12483564,13.44843102,-9.074601173,18.8034153,5.464773178
0.9332960000001549,-6.348951817,19.98231506,-130.9070282,-1.82916069,0.130822212,14.16727638,-6.596716881,9.581582069,-2.391319752
0.9416289999999208,-6.366589069,20.0788784,-130.8800812,-3.163892031,-2.800298214,15.42840099,-1.836233377,10.10895348,3.988354445
0.9499620000001414,-6.393699646,20.16828918,-130.923111,-2.528140068,0.898712635,11.22682762,-0.085192963,10.13039303,-3.937984467
0.9582949999999073,-6.415493488,20.27777481,-130.8768616,0.046535261,-0.25424099,13.31089115,-3.153586388,11.35258865,6.320056438
0.9666280000001279,-6.457237244,20.31271362,-130.9129791,-2.387676954,0.045450065,13.05840302,-2.125507593,3.499878168,-3.893453836
0.9749609999998938,-6.476665497,20.37773705,-130.8620605,-3.100812912,-2.372083664,12.38549614,-3.067266703,6.035738945,6.259940147
0.9832940000001145,-6.483305454,20.39444542,-130.894043,-3.500872135,-2.392940998,15.45548534,1.921682477,1.275845051,-3.67247963
0.9916269999998804,-6.404267788,20.44398689,-130.8330536,-0.309994727,-2.140311003,18.12922287,8.316187859,4.066478252,7.171538353
0.999960000000101,-6.355493546,20.39329529,-130.8590546,-2.365998268,0.994443536,9.515571594,8.328455925,-6.785313606,-3.894055605
1.0082929999998669,-6.347115517,20.40844536,-130.7977295,-0.398404241,-2.16676116,8.363128662,-0.17872332,-0.078981496,6.732880592
1.0166260000000875,-6.389521599,20.34623146,-130.8123169,-5.681600094,-1.95179975,10.70010853,-3.099988699,-8.361050606,-2.780963182
1.0249589999998534,-6.435274124,20.25758743,-130.7612915,1.173382998,-0.932715118,17.49111748,-6.228934288,-12.27653217,4.205345154
1.033292000000074,-6.486613274,20.11394501,-130.7703247,-4.211912632,-3.476342678,11.12162304,-4.407839775,-18.13663673,-3.271130562
1.04162499999984,-6.54239893,20.01680946,-130.7367706,-0.369516909,-0.558017015,11.19803524,-6.690132618,-13.07243347,2.122306585
1.0499580000000606,-6.607478142,19.8642025,-130.7378235,-3.675634146,-0.665073514,12.36150074,-6.377946854,-19.24444008,-2.528279305
1.0582909999998265,-6.658382893,19.720047,-130.7092285,1.104849815,0.118316144,12.61094189,-5.889983177,-18.6777153,0.886534631
1.066624000000047,-6.755393028,19.55341339,-130.71492,-4.984521389,-2.348400354,7.624302387,-10.03247261,-20.90835762,-3.295285463
1.074956999999813,-6.836253643,19.44817352,-130.6943512,-1.025951505,-2.533533335,10.51540852,-9.142505646,-13.87509537,0.504165173
1.0832900000000336,-6.912604332,19.28445625,-130.7084351,-5.766125679,-1.28624475,10.54640484,-7.222499847,-20.43732262,-4.255883217
1.0916229999997995,-6.975265026,19.11833191,-130.7032928,0.769080222,-0.224512741,9.606614113,-6.333609581,-20.92087364,-2.14565444
1.0999560000000201,-7.067525387,19.0551815,-130.7358398,-6.348858833,-1.890292764,4.504284859,-8.409603119,-8.132969856,-4.901349068
1.108288999999786,-7.193941116,18.94639206,-130.7623291,1.696128368,-0.022222579,12.10183525,-12.75422764,-13.703722,-4.92638731
1.1166220000000067,-7.319021702,18.9011364,-130.797226,-7.246623516,-2.45474267,2.992952108,-12.2731905,-6.00851059,-4.93663168
1.1249550000002273,-7.416556835,18.87396431,-130.8071899,0.927305341,0.273302853,5.674226761,-9.929551125,-4.152054787,-1.855764389
1.1332879999999932,-7.550963879,18.93539429,-130.8420715,-4.895606041,-0.631265283,7.650336266,-13.39251995,6.701863289,-3.28793335
1.1416210000002138,-7.671007633,18.96302032,-130.8459167,-1.081994057,-1.593677282,7.803162575,-12.87183475,2.276030064,-0.306231052
1.1499539999999797,-7.771382332,19.04091072,-130.87117,-4.156159401,0.159853175,3.064069033,-9.670105934,8.576954842,-1.892930865
1.1582870000002004,-7.87959671,19.15128326,-130.8595123,0.893507957,0.016988715,9.304545403,-12.06400108,11.81803989,2.788968325
1.1666199999999662,-7.977884769,19.20407104,-130.889267,-4.250365257,-2.025963783,8.393675804,-9.241641998,5.615627289,-2.790620089
1.1749530000001869,-8.021356583,19.34203339,-130.8581696,-0.37321943,0.274536729,4.794832706,-5.064307213,14.83889198,5.479014397
1.1832859999999528,-8.08645153,19.35243988,-130.8870087,0.230842993,0.956675351,11.70699883,-5.285677433,0.569314837,-3.380054712
1.1916190000001734,-8.136849403,19.37628746,-130.8633423,-2.327004671,-2.762337685,-1.292222381,-5.606686592,1.386754632,2.745692015
1.1999519999999393,-8.192343712,19.46130943,-130.8930206,-1.950371742,1.415286779,6.201477051,-4.087943077,9.503574371,-2.188698292
1.20828500000016,-8.210831642,19.38196373,-130.8653564,1.472444773,-0.929212213,14.04077053,-1.941776872,-10.99320793,1.416749001
1.2166179999999258,-8.19207859,19.35726547,-130.8929596,-4.489287376,-0.744784474,2.281885624,4.728797913,-3.610032082,-3.836410522
1.2249510000001465,-8.142353058,19.34170151,-130.8563995,1.939378262,0.944709301,7.040943623,5.896205902,-3.506615162,3.522124529
1.2332839999999123,-8.130146027,19.15365028,-130.8602753,-1.900471449,-0.482096314,9.269346237,2.999210596,-23.39938354,-3.952303886
1.241617000000133,-8.066588402,19.18182564,-130.8309937,-4.313381195,-0.712148428,-0.546577871,7.854605675,1.810311556,3.44752264
1.2499499999998989,-7.943756104,18.99106216,-130.826416,1.201150656,-0.025087567,13.5499754,15.94036579,-23.81368637,-2.988197327
1.2582830000001195,-7.861893654,18.91164398,-130.8193817,-4.744119167,-0.177258492,-0.598011315,10.9305048,-10.67263317,-0.841171622
1.2666159999998854,-7.747318745,18.87886238,-130.8477783,1.720492721,-0.326772034,14.78950405,16.23332024,-4.582516193,-4.052992344
1.274949000000106,-7.666936874,18.68692207,-130.8494263,-5.084115505,-1.590224743,-4.147460461,11.09118843,-23.87050819,-3.589939833
1.283281999999872,-7.580357552,18.76493835,-130.9148254,0.345409155,-0.683674037,8.99925518,14.28995514,9.142056465,-6.445913792
1.2916150000000926,-7.480863094,18.58553314,-130.9132538,-4.161297321,-0.668319643,5.486934662,13.25926781,-22.44139862,-2.962505817
1.2999479999998584,-7.387339592,18.64120865,-130.9700775,0.378442585,-0.789200187,4.691453934,14.78063393,6.388383389,-5.855056763
1.308281000000079,-7.307169437,18.6171627,-130.9651642,-4.052499294,-0.921557784,0.976558208,10.81198597,-4.056808472,-0.136498258
1.316613999999845,-7.279791355,18.61764526,-130.9936523,-2.038007498,-1.698206544,6.23679781,5.757964134,-0.653419137,-3.527976036
1.3249470000000656,-7.20613575,18.66715622,-130.9651031,-0.252700627,-0.729300141,6.753406525,9.121626854,4.410144329,3.651527643
1.3332799999998315,-7.155026913,18.7878952,-131.0015411,-4.200182915,-0.831521094,-1.396686673,8.918136597,13.77060127,-2.619286537
1.3416130000000521,-7.090726852,18.82263374,-130.977066,-1.437628031,-0.251345277,5.558094025,8.150886536,2.716338873,2.959545851
1.349945999999818,-7.022885323,18.92814064,-130.9838104,-2.594142675,-0.342021108,-0.870162487,9.784638405,11.58009529,0.478986293
1.3582790000000386,-7.001731396,19.08875275,-130.9957581,-0.555274844,-0.771525145,-1.11387825,4.386515617,18.17350769,0.684514999
1.3666119999998045,-6.979948044,19.21994209,-130.987854,-0.141936675,-0.544943511,5.025961876,3.682802677,14.39306355,2.483569622
1.3749450000000252,-6.989765167,19.43967056,-131.0275116,-3.93776679,-0.376307636,6.843472481,1.779614091,25.63757133,-1.567822576
1.383277999999791,-6.953315258,19.61291122,-131.0263824,-1.328394651,-2.710467339,4.630924702,5.708838463,19.49765205,2.32763052
1.3916110000000117,-6.878168106,19.84591484,-131.073822,-4.32689476,-0.869656801,3.741034985,12.32312012,27.3207283,-2.267027855
1.3999440000002323,-6.823927879,20.06664848,-131.0652008,1.505656242,0.552330494,0.334708244,7.53873539,25.09832954,3.808583021
1.4082769999999982,-6.8185215,20.26435661,-131.1153259,-3.040029049,-2.482999086,-1.225620389,4.102993011,23.10579491,-3.110427856
1.4166100000002189,-6.824013233,20.51924515,-131.1227417,-0.312810779,1.793462276,1.366561174,1.030397415,29.34710693,2.483160973
1.4249429999999847,-6.873742104,20.80075645,-131.1916962,-3.499062538,-1.365194321,1.175619364,-1.662570119,33.37567139,-3.97563982
1.4332760000002054,-6.88221693,21.01644707,-131.1865692,2.485347986,-2.602938414,3.044997931,0.143913642,24.50567627,3.350049257
1.4416089999999713,-6.91469717,21.29342842,-131.2449036,-5.698523045,0.544321656,0.490467995,0.012922393,32.69320679,-2.804735899
1.449942000000192,-6.8956213,21.51685333,-131.2715607,1.845642328,0.846746624,-2.151732206,4.841605186,25.8829689,-0.053572204
1.4582749999999578,-6.918875694,21.79908943,-131.3059998,-2.700823784,-2.46128726,1.2864784,0.114060275,32.96400833,-0.059770867
1.4666080000001784,-6.932647228,21.97961998,-131.3184052,1.500407577,1.381303072,4.003881931,0.282870889,20.55052567,0.918590844
1.4749409999999443,-6.96046114,22.23264885,-131.3546448,-2.796732664,-1.251377106,2.468750715,-0.314581454,29.53423309,-0.643852711
1.483274000000165,-6.976644516,22.42056656,-131.3560486,2.159644365,-1.536458135,-0.713363349,-0.498466104,21.28182793,2.261481762
1.4916069999999308,-6.97697401,22.55423355,-131.3773041,-0.94587338,1.971329689,0.115233548,2.323198557,15.11333561,-0.710436523
1.4999400000001515,-6.945228577,22.70512962,-131.3995819,-2.20778203,-1.231151938,1.477842212,6.222351551,17.18217278,-0.569045901
1.5082729999999174,-6.879412651,22.86307526,-131.3933563,1.225686073,0.704796135,1.075766563,8.989933968,17.6101017,2.640828609
1.516606000000138,-6.851800442,22.89097977,-131.4170074,1.096682906,0.633953452,4.77463007,5.797026157,2.514997482,-2.516726732
1.524938999999904,-6.79335928,22.95181274,-131.398819,-1.736328244,-3.242606878,3.176002502,7.54673481,5.916619778,2.545811653
1.5332720000001245,-6.739771843,22.92870522,-131.4162445,1.876158237,1.967423797,-4.23063612,8.626119614,-3.649747133,-2.560680866
1.5416049999998904,-6.700854301,22.87816811,-131.4090118,-1.737537622,-0.623536348,0.860646129,5.718929291,-7.208769798,-0.232346758
1.549938000000111,-6.589684486,22.71731186,-131.3983154,1.826237559,-1.203910708,6.459150791,14.22926617,-20.40346336,-1.373359084
1.558270999999877,-6.486945152,22.59289742,-131.3985596,-1.599603176,1.759385467,5.62938118,13.71918011,-15.95103931,-2.04650116
1.5666040000000976,-6.375004768,22.33035088,-131.3639069,0.809335232,-2.089443922,4.076463699,13.22586155,-32.86192322,-0.03460487
1.5749369999998635,-6.267072201,22.16901588,-131.3677826,-1.030369043,-0.273089856,5.761964798,14.51235199,-20.28407669,-2.876377583
1.583270000000084,-6.12711668,21.84883499,-131.3244629,0.265230834,0.042264484,6.587674141,16.22704124,-39.84072876,0.322342873
1.59160299999985,-6.004328251,21.6381321,-131.3324738,-3.013092518,-1.386904597,4.007455349,16.47798729,-26.13657379,-3.874989271
1.5999360000000706,-5.853815079,21.21017647,-131.281311,0.349405259,-0.320153594,7.021999359,17.20488548,-52.7615242,0.065406129
1.6082689999998365,-5.694224834,20.8308773,-131.2660828,-0.651632369,0.199207738,4.838594437,19.87721443,-46.57905579,-3.204783678
1.6166020000000572,-5.527882576,20.43569183,-131.2264252,-1.983776569,-0.517617762,5.013461113,19.66497803,-48.75432968,-0.527628899
1.624934999999823,-5.377218246,19.92971611,-131.1665955,-0.162235081,-0.99564755,9.693247795,16.98787308,-62.16835403,0.622517884
1.6332680000000437,-5.212361336,19.48330688,-131.1187744,-0.468387336,0.129447788,10.97620869,19.22973633,-54.96393967,0.113471389
1.6416009999998096,-5.025588036,18.94367409,-130.9910889,-1.442451954,-1.16613698,6.415482044,18.75784492,-66.8722229,8.317361832
1.6499340000000302,-4.851454735,18.44144249,-130.9584198,-3.592052221,-0.294330776,9.725708961,21.02369308,-61.44486237,-1.803248882
1.658266999999796,-4.661149979,17.86847496,-130.8018646,1.077922583,-1.288766623,17.51877403,18.36447144,-71.12368011,11.76526451
1.6666000000000167,-4.466207027,17.36548996,-130.7806702,-6.525797844,-1.311825275,7.100796223,24.00457573,-61.4846611,-2.707857847
1.6749330000002374,-4.232318878,16.76184082,-130.6408844,2.807318211,0.684526563,14.01246357,24.52885056,-74.52333069,10.18144512
1.6832660000000033,-4.072552681,16.25836945,-130.618988,-6.805864334,-1.175851345,9.647358894,19.80680466,-61.56408691,-2.183493376
1.691599000000224,-3.821268559,15.68191624,-130.4972229,1.541767597,0.531376243,16.99796486,27.51857758,-71.05410004,8.935200691
1.6999319999999898,-3.626416445,15.18222332,-130.4764557,-6.994801998,-1.323493123,11.05950642,24.10165215,-61.06587982,-1.815249205
1.7082650000002104,-3.403375149,14.66899776,-130.3643799,0.692220807,-0.410956174,14.19834709,24.68387413,-63.39181137,8.871783257
1.7165979999999763,-3.213662624,14.20389843,-130.3466949,-6.709204197,-1.656532407,13.91331291,23.61743164,-56.96163177,-1.488640547
1.724931000000197,-2.968517065,13.68922138,-130.2387695,1.476884127,0.272166312,17.01301575,27.68118858,-63.42662811,8.90293026
1.7332639999999628,-2.794094563,13.36583424,-130.2092133,-9.063358307,-1.757743239,12.37129021,21.48277473,-40.05308533,1.171213031
1.7415970000001835,-2.582638741,12.93773746,-130.1280975,1.793106914,-0.864607275,20.60907936,24.54330254,-52.83386612,6.73828125
1.7499299999999494,-2.397131443,12.66345501,-130.1000671,-10.59823799,-1.059302449,9.54932785,22.89704323,-34.09891891,1.530106902
1.75826300000017,-2.204380751,12.37351608,-130.0090942,3.279952526,-0.527023315,20.93472862,22.14624596,-36.31674194,8.926101685
1.7665959999999359,-2.005944967,12.09366322,-129.9744263,-7.445137501,-1.515654564,5.892632484,24.31204796,-34.83207321,2.508534193
1.7749290000001565,-1.854290962,11.99228573,-129.901413,-1.684175372,-1.718540072,14.72399426,17.72261238,-13.52511787,7.977288723
1.7832619999999224,-1.725641251,11.737813,-129.8655548,-4.663907528,-1.386995912,19.8652668,15.9337492,-31.77510643,2.93241024
1.791595000000143,-1.61963129,11.71080208,-129.8104248,-3.430275917,-2.363805771,10.28998852,12.73304462,-4.511474609,6.197955132
1.799927999999909,-1.524469137,11.61806011,-129.7859802,-3.792213917,-0.561313033,21.17738914,12.21451092,-12.28526974,2.24800849
1.8082610000001296,-1.408285737,11.56588554,-129.7163849,-2.847439528,-0.833448172,13.69796371,13.64611435,-7.590332031,7.696592808
1.8165939999998955,-1.321426511,11.63631535,-129.6984253,-6.994107246,-3.006494284,7.862535954,11.36911011,7.275648117,1.991532683
1.824927000000116,-1.233760715,11.60618305,-129.6519623,1.226846337,0.616497517,20.78856087,10.76287174,-4.82012558,5.1687994
1.833259999999882,-1.171770811,11.66962719,-129.617218,-5.697328091,-0.518559873,13.4064064,7.9783988,6.404173851,3.920694351
1.8415930000001026,-1.149805188,11.82257938,-129.5934448,-1.45425117,0.26495111,7.8419137,3.430464268,17.21356583,2.902836561
1.8499259999998685,-1.20306325,11.93600464,-129.5552673,-3.744818687,-2.123607397,15.25272751,-5.953785896,12.39319134,4.439203262
1.8582590000000891,-1.254716516,12.06417561,-129.5454559,-2.810127258,-1.88066566,20.81878662,-5.094826221,14.26770782,1.330518842
1.866591999999855,-1.267621636,12.19585323,-129.4824829,-4.201114655,-4.922020912,12.27468014,-1.756265998,14.51129913,7.412568569
1.8749250000000757,-1.283774853,12.40856361,-129.5064545,-3.207152367,-1.045988917,17.31776237,0.077995382,24.50276756,-2.609336138
1.8832579999998416,-1.244132042,12.57274151,-129.4337006,-1.258978367,1.43582201,20.94325829,4.250017166,18.38518524,8.634151459
1.8915910000000622,-1.28621316,12.7778368,-129.4660645,-2.756165266,-0.162569672,4.707074642,-2.813840628,23.60632324,-3.515824556
1.899923999999828,-1.367174625,12.97040939,-129.4089355,-3.758548021,-2.066875219,13.64988804,-9.862368584,21.82546616,6.89468956
1.9082570000000487,-1.459037542,13.21206188,-129.4554443,-4.873176098,0.341827929,18.05436325,-8.378436089,28.03936195,-4.984162807
1.9165899999998146,-1.548505545,13.37627792,-129.3847198,1.13058269,-3.442742348,14.65550518,-11.30769253,18.3601532,8.44887352
1.9249230000000352,-1.648626685,13.56037807,-129.4382782,-4.351333141,-1.961707711,13.44582844,-9.159258842,21.17033005,-5.802408695
1.9332559999998011,-1.731389523,13.73296452,-129.3724518,-0.758981526,1.433180928,15.8581686,-10.41532898,19.35176849,7.961138725
1.9415890000000218,-1.821179628,13.95186234,-129.4249573,-4.94127512,-4.538376808,14.90187168,-7.897206306,25.3613987,-5.511905193
1.9499219999997877,-1.922446847,14.13838863,-129.3652039,-2.217341423,0.017060135,9.285674095,-12.49360657,21.0631218,7.367516041
1.9582550000000083,-2.041087389,14.31482887,-129.4255981,-2.523007393,-1.065842152,22.83239746,-11.0759716,20.28125763,-6.611075878
1.966588000000229,-2.092603683,14.46311378,-129.3674622,-0.880145609,-1.225444317,15.27801704,-6.536011219,16.41730499,7.073666573
1.9749209999999948,-2.154959917,14.62256908,-129.413559,-5.106713295,-0.346522927,12.60206413,-4.693989277,18.24145317,-4.958175182
1.9832540000002155,-2.270247936,14.79525375,-129.3486786,-1.344141245,-1.963790894,6.05883646,-14.43087292,19.29428864,8.004939079
1.9915869999999813,-2.441438913,14.98711586,-129.389801,-4.843290806,-1.873532534,16.61897659,-17.87462234,22.12419319,-4.133192539
1.999920000000202,-2.590640068,15.18811417,-129.3291626,-1.431876183,2.036227465,14.99815559,-18.41903114,22.6665287,7.756547451
2.008252999999968,-2.753942251,15.32451439,-129.3485565,-2.99934411,-3.764701366,16.48180962,-17.60063553,15.37290192,-1.724748135
2.0165860000001885,-2.876232386,15.5021019,-129.2966461,-1.357548118,-1.625769734,13.14406967,-14.95151138,19.86759186,6.721922874
2.0249189999999544,-2.993331194,15.6063118,-129.2880402,-3.02636385,-1.031778574,19.38550949,-12.92460155,11.364604,1.320567966
2.033252000000175,-3.114687204,15.7884779,-129.2557678,-1.140489221,-1.121952057,6.914882183,-14.23118687,20.50809669,4.564561367
2.041584999999941,-3.273928165,15.92505741,-129.2458344,-3.91684556,-0.44128263,16.80225754,-18.06732941,15.22182941,1.8657161
2.0499180000001616,-3.450771332,16.07599449,-129.2245636,-3.026145697,-0.367430627,12.81789589,-20.51914024,16.86602211,3.198848486
2.0582509999999274,-3.595620394,16.15616417,-129.2108154,-1.742704988,-2.002829552,19.14527512,-16.46047974,8.383169174,1.849617004
2.066584000000148,-3.763905048,16.24189377,-129.2194824,-2.560517788,0.164433688,7.850016594,-18.52419662,9.208666801,-0.6570822
2.074916999999914,-3.920839071,16.34926987,-129.1956177,0.137107968,0.174227536,17.88292313,-18.23483276,11.60344696,3.29651475
2.0832500000001346,-4.123909473,16.38179207,-129.2334595,-3.374228716,-1.135216832,13.82305622,-21.70983887,3.076693296,-4.395096779
2.0915829999999005,-4.311635971,16.50634384,-129.211792,-2.34540844,-2.869403601,13.53085232,-21.8627243,13.66118145,3.277215242
2.099916000000121,-4.470271587,16.444067,-129.2460785,-1.61949563,-0.880754411,20.91976738,-16.4893074,-8.272107124,-4.826786518
2.108248999999887,-4.573584557,16.49769211,-129.2138062,-1.894979715,-0.064534694,12.48916912,-12.12765121,5.052677155,4.004517555
2.1165820000001077,-4.674479008,16.42483521,-129.2446442,-3.563909531,-1.27780509,13.11519814,-9.680746078,-9.549960136,-4.563867569
2.1249149999998735,-4.824500561,16.35406113,-129.1946564,-0.882267952,0.153681621,8.352553368,-18.29286385,-9.996946335,4.718784809
2.133248000000094,-4.998122692,16.31011963,-129.236618,-2.297027826,1.240465164,17.14105034,-18.04043198,-5.961650848,-5.587247849
2.14158099999986,-5.15709877,16.1375103,-129.2022095,-0.699209929,-2.044014215,17.39181709,-18.82939529,-22.03952789,1.803896785
2.1499140000000807,-5.345021248,16.05341339,-129.242569,-5.990096092,-1.679210424,12.56982422,-19.81369591,-10.67148304,-5.859719753
2.1582469999998466,-5.409789085,15.88440609,-129.1941071,0.998929739,-1.31028986,25.37852478,-7.992668629,-21.83911514,3.34249258
2.1665800000000672,-5.414867401,15.74701691,-129.2414856,-5.594080448,0.485314697,15.54933357,2.320701838,-17.01972961,-7.323534489
2.174912999999833,-5.451552868,15.6775074,-129.1921692,-1.797732353,0.913485289,3.535767555,-4.605068684,-9.885853767,4.566147804
2.1832460000000538,-5.526768208,15.56064987,-129.2346802,-5.824302673,-0.333590955,13.49591255,-6.272735119,-14.61188698,-6.556438923
2.1915789999998196,-5.594228268,15.47215462,-129.1862793,-1.788705707,0.797842205,13.82761478,-8.253996849,-12.15765858,4.231600285
2.1999120000000403,-5.675583839,15.43074799,-129.2297974,-3.63329649,-3.222330332,16.60837555,-6.980814457,-5.496956348,-5.804608822
2.208244999999806,-5.670506954,15.29084682,-129.1717682,-1.369008899,-1.84520328,20.46880913,0.146142036,-18.49176598,4.697741032
2.216578000000027,-5.657574177,15.23768902,-129.2022705,-2.718600035,-0.325773537,13.8494482,3.894581079,-7.121629715,-4.464612961
2.2249109999997927,-5.627639771,15.10675621,-129.1669159,-2.275236607,-0.095853776,12.35309219,3.875254631,-17.08119965,2.221292496
2.2332440000000133,-5.63924408,14.97254181,-129.1846771,-3.079513311,-1.011073828,11.40550137,0.540562987,-16.94946861,-3.951777935
2.241577000000234,-5.677061081,14.84366131,-129.1714478,-2.108114958,0.968325794,9.478277206,-3.553565979,-16.58301735,-0.309061408
2.24991,-5.731590271,14.7251606,-129.1832123,-2.188796282,-1.508446217,14.67489243,-4.794549942,-15.05325699,-3.079190254
2.2582430000002205,-5.763328552,14.59886169,-129.169693,-5.012585163,-2.585635424,16.37969208,-2.838531971,-16.35916138,-0.279028744
2.2665759999999864,-5.783067703,14.52738571,-129.1808777,-1.869801879,-0.772425175,13.51947403,-0.650742412,-9.52655983,-2.476371288
2.274909000000207,-5.787198067,14.38868999,-129.1706085,-2.226165533,-0.04594158,15.04535675,0.583863795,-17.71890831,-0.803236961
2.283241999999973,-5.788302422,14.23004913,-129.1728516,-3.756762266,-1.003041387,15.15394688,1.314996958,-20.03679466,-2.498618364
2.2915750000001935,-5.7889328,14.08685017,-129.1650848,-2.690133095,-0.377984196,9.778301239,1.086543322,-18.22540474,-1.144649267
2.2999079999999594,-5.779321194,13.95783043,-129.1643066,-0.874067724,0.437314421,12.81197643,2.516150475,-16.45066833,-1.78213644
2.30824100000018,-5.769956589,13.80313015,-129.1607513,-4.419677258,0.442685068,13.90871239,2.401578665,-19.63380432,-1.778601766
2.316573999999946,-5.770694256,13.72208214,-129.1547394,-2.400724649,-1.963229775,11.83208942,1.120328188,-10.87004089,-0.603368938
2.3249070000001666,-5.710618019,13.6096983,-129.1502228,-4.315865993,-0.830326378,18.58904648,8.422101021,-14.52719116,-0.969165862
2.3332399999999325,-5.613776684,13.41547394,-129.1326752,-1.335162163,-0.431763679,17.34288216,12.51019096,-24.51721764,-0.585208774
2.341573000000153,-5.530176163,13.25232124,-129.1229248,-5.334648132,-1.620258093,9.398896217,11.13628006,-20.63244247,-1.058803201
2.349905999999919,-5.435144424,13.08609104,-129.1025085,0.962858021,-0.050118983,12.00574207,12.22428608,-21.12238121,0.153160408
2.3582390000001396,-5.357650757,12.93993282,-129.1019592,-4.60062027,2.713335991,13.01973248,10.66511917,-18.58930969,-1.905981779
2.3665719999999055,-5.310657024,12.84191227,-129.0698853,-2.152371168,-2.605533361,10.83816814,6.16069746,-13.18397999,2.321149349
2.374905000000126,-5.237660885,12.7655201,-129.0832672,-5.778491497,-3.044976473,14.21085262,10.49490738,-10.02203083,-2.716773987
2.383237999999892,-5.10168457,12.59656525,-129.0414581,0.207024559,-0.420202881,20.41894722,16.59758759,-21.75505638,2.726957321
2.3915710000001127,-4.974206924,12.46865654,-129.0623322,-4.014611244,-1.458429813,7.078515053,17.16970444,-16.13700294,-3.868853092
2.3999039999998786,-4.844751835,12.36385822,-129.0647888,-1.816751599,-0.862185419,6.270143986,16.97703362,-13.54237843,-1.676324368
2.408237000000099,-4.787491798,12.32533646,-129.1151276,-3.650762558,-0.763777316,8.919682503,9.544186592,-5.232989311,-6.590569496
2.416569999999865,-4.777256489,12.24716949,-129.1675873,-2.405580759,-1.001153469,5.305016994,3.948294163,-9.956689835,-7.234715939
2.4249030000000857,-4.84459877,12.36618614,-129.2289734,-5.665269375,-2.897577047,9.83706665,-5.128560066,13.79328156,-6.289346218
2.4332359999998516,-4.872610569,12.35635662,-129.2861328,-2.872265577,-1.542031884,9.534574509,-0.512233436,-1.732239366,-7.097499371
2.4415690000000723,-4.937073708,12.53715324,-129.3353577,-4.29588604,-0.555872202,3.72715354,-5.07843399,21.06171036,-4.209188938
2.449901999999838,-5.005160332,12.6940937,-129.3877563,-2.037740707,-1.364466071,7.044080257,-5.412610054,18.24151611,-4.796971321
2.458235000000059,-5.098766804,12.91235256,-129.4145355,-4.051914215,-3.075948477,10.03168392,-9.141073227,25.24363899,-1.136978269
2.4665679999998247,-5.153615475,13.15332603,-129.4682007,-3.007768869,1.055741429,-0.567759931,-3.749939919,28.24027824,-3.986410618
2.4749010000000453,-5.266547203,13.41946411,-129.4569092,-0.919803262,-1.593704343,8.102706909,-12.4765377,30.62942314,3.901435375
2.483233999999811,-5.407557964,13.83300877,-129.5374146,-7.113400459,-0.928559721,-4.064801693,-13.26583481,49.16168976,-5.051996231
2.491567000000032,-5.552229404,14.0861702,-129.5397186,3.490107536,-0.939811707,11.91326618,-15.98888206,29.1727829,2.638819456
2.4998999999997977,-5.671092987,14.59959316,-129.6474762,-6.801257133,-0.927908242,2.596768141,-9.672685623,61.4785881,-6.75797987
2.5082330000000184,-5.79298687,14.89862347,-129.6569061,-0.046814203,-1.739765763,4.594325542,-12.9604578,34.69199753,2.172563314
2.5165659999997843,-5.952263355,15.3075943,-129.7540283,-2.043654442,-0.566512346,-0.942911029,-14.69635582,48.84941864,-6.494581223
2.524899000000005,-6.121986389,15.7735157,-129.7854462,-0.318540931,0.120002344,5.271221638,-17.97234344,54.91320801,1.955934167
2.5332320000002255,-6.299403667,16.19678497,-129.8928833,-3.836586952,-1.253133416,4.219069481,-16.35982704,50.71383667,-7.149847507
2.5415649999999914,-6.435732841,16.59867859,-129.9210358,-0.453766495,-1.059452176,4.976027012,-14.02033997,47.21829224,1.812915325
2.549898000000212,-6.489692688,16.96264076,-129.9998322,-3.180578947,-1.010909915,2.867322683,-2.356359482,43.34095383,-4.391823769
2.558230999999978,-6.551188946,17.35293007,-130.0389099,1.583895802,2.739890814,-2.424231052,-4.616129398,45.91976547,0.543214917
2.5665640000001986,-6.631799698,17.71701241,-130.1078033,-3.425059557,0.108462006,-3.27781105,-5.801275253,43.18550491,-3.138440609
2.5748969999999645,-6.755561352,18.06369209,-130.169754,2.881802082,-0.014833145,1.137754202,-11.18483162,41.06397247,-2.492166281
2.583230000000185,-6.819320679,18.35607338,-130.2061768,-3.694048643,-1.474599361,3.572990894,-4.903491974,34.2085762,-0.298534244
2.591562999999951,-6.848414898,18.59247208,-130.2818909,3.116965294,-0.433909297,5.036896706,0.772986889,28.11205101,-5.494999409
2.5998960000001716,-6.803249836,18.77735138,-130.2791595,-2.890848637,-0.859498501,4.458873272,6.705630302,20.91069984,2.629020214
2.6082289999999375,-6.78518343,18.90555382,-130.3776245,3.897977352,1.024719477,1.743656993,7.364837646,15.4773798,-9.604534149
2.616562000000158,-6.760853291,19.01044464,-130.3549194,-2.872494459,-0.991698682,0.390160799,3.413288593,11.07327652,3.724424839
2.624894999999924,-6.773235321,19.02798271,-130.4537659,3.633653879,-0.549644947,2.262181044,3.765818119,2.33177948,-11.20653725
2.6332280000001447,-6.750422478,19.0118084,-130.4063721,-1.992059469,-1.362879872,2.535277605,2.264669657,-3.682712078,4.790899277
2.6415609999999106,-6.735854149,18.89281273,-130.4895172,2.403639793,-0.960980594,1.17451334,6.375961304,-14.15327835,-11.36309338
2.649894000000131,-6.680312634,18.76251602,-130.4202118,-1.3719697,-0.075723417,-0.592590332,5.367682457,-17.52941322,5.67920208
2.658226999999897,-6.644980431,18.54189301,-130.4770508,0.461239964,-0.496026188,-1.816037416,7.801550388,-26.67056084,-9.813408852
2.6665600000001177,-6.593932629,18.34062004,-130.4203339,-0.711874008,0.446858406,-1.320566535,5.353211403,-25.8574028,3.306761026
2.6748929999998836,-6.554452896,18.05969238,-130.4504547,-1.397130489,-1.390880942,0.590996206,7.255406857,-34.18167114,-7.583743572
2.6832260000001042,-6.500368118,17.79768562,-130.4221954,0.90795511,0.116069034,2.953023434,6.827083588,-32.72585297,-0.689100444
2.69155899999987,-6.44453764,17.45629692,-130.4201508,-2.48978734,-1.744981527,4.385001659,8.015462875,-41.82001877,-4.701705456
2.6998920000000908,-6.38676405,17.15646362,-130.4203949,0.800808549,-0.035284139,5.016954422,8.33365345,-36.84172058,-4.362776279
2.7082249999998567,-6.322786331,16.82290459,-130.3904266,-4.422109604,-1.104106903,1.544108629,8.007559776,-41.28627396,-1.335643411
2.7165580000000773,-6.262161732,16.54546356,-130.4095154,1.512034178,0.261376351,0.768896818,9.313127518,-33.97404099,-6.151495934
2.724890999999843,-6.178818226,16.21087074,-130.3700409,-4.638677597,-0.485125959,0.636804461,10.05613804,-41.4990921,-0.148947001
2.733224000000064,-6.131031036,15.92783737,-130.3829193,2.967193604,-1.252612114,4.264694214,7.541543961,-34.7324295,-5.43911171
2.7415569999998297,-6.049118519,15.64059353,-130.3346558,-7.888505459,-0.475836456,1.955737829,9.648626328,-35.9615593,1.569988132
2.7498900000000503,-5.971664906,15.40350914,-130.3777771,3.728489637,0.578778803,1.874514341,12.07025814,-28.87137985,-8.25717926
2.7582229999998162,-5.861871719,15.16350365,-130.3128204,-6.51918602,-1.917437911,1.542785645,12.50116539,-30.54565048,4.189698219
2.766556000000037,-5.816010952,14.9540987,-130.3538055,3.394756794,-0.135990143,2.873910427,8.161329269,-25.63856316,-7.603003025
2.7748889999998028,-5.721262455,14.75702858,-130.2826538,-7.58016777,-0.690866172,-0.343482971,10.57486916,-25.45894051,5.52074194
2.7832220000000234,-5.680827141,14.61513329,-130.3241882,4.323041916,-1.043428779,2.743809462,7.494983673,-17.5874691,-6.811864853
2.7915549999997893,-5.629646301,14.46158314,-130.2420502,-6.881905556,-0.396692604,0.778614581,5.059492111,-20.38202286,7.360650539
2.79988800000001,-5.596583843,14.3300066,-130.2980499,2.482413769,-1.335677624,5.988834381,7.032531738,-16.18359184,-8.340740204
2.8082210000002306,-5.516560078,14.26538563,-130.207428,-6.072912216,0.27309078,-0.453773618,8.298002243,-9.862148285,9.415294647
2.8165539999999964,-5.501919746,14.13250923,-130.263031,4.32580471,-0.865387201,3.949217558,4.773712635,-16.37180138,-8.292584419
2.824887000000217,-5.424008846,14.09446526,-130.1773529,-9.471804619,-1.413930178,2.634536505,8.232492447,-6.605515957,9.176199913
2.833219999999983,-5.38297224,14.03546333,-130.2290649,7.224023342,0.71457684,1.755469322,7.812418938,-7.604316235,-6.979866982
2.8415530000002036,-5.3273139,13.95976925,-130.1477356,-8.775897026,-1.277509809,2.746270657,5.711976051,-11.03852177,8.262207985
2.8498859999999695,-5.291748047,13.97834301,-130.194931,2.885837793,-1.5383991,1.353310585,7.025986195,1.614696026,-5.582457066
2.85821900000019,-5.219737053,13.93751812,-130.1321716,-4.845870495,0.899457157,0.520344019,8.205392838,-6.670396328,6.507091999
2.866551999999956,-5.200201035,13.96588993,-130.1457825,1.566167593,-0.213141993,2.232074499,4.118897438,2.412477016,-1.593602538
2.8748850000001767,-5.11826992,13.980299,-130.1274261,-5.663129807,-2.511886597,0.463699341,10.6886549,0.414476812,1.97177124
2.8832179999999425,-5.091883183,14.02927589,-130.1100159,2.490288258,1.11692977,2.530662537,4.041503429,4.55222559,2.219819307
2.891551000000163,-5.015686035,14.07479668,-130.1353149,-6.37547636,-0.167777792,4.139791965,11.27456856,4.582643986,-2.770602703
2.899883999999929,-4.945310593,14.17849255,-130.1076813,2.519776583,-1.88070333,3.610298157,9.028403282,10.99847126,3.966774464
2.9082170000001497,-4.916957855,14.2032814,-130.125351,-3.268610477,-1.02208662,5.173652172,5.302237034,2.018261194,-2.112687826
2.9165499999999156,-4.868814945,14.32857227,-130.1140594,-0.471815556,-0.522283137,3.658074379,6.823121071,13.74603558,2.26796174
2.9248830000001362,-4.873671532,14.38108826,-130.1424255,-0.657612085,-1.821061492,-0.076587699,1.661275268,5.443472862,-3.095556974
2.933215999999902,-4.888263702,14.43126965,-130.1285706,0.36150679,-1.907935739,6.442025661,-0.784461558,4.742744446,1.793700814
2.9415490000001228,-4.917241096,14.48214436,-130.1546631,-3.435862303,-0.250421703,5.279847622,-1.307914138,5.218400955,-2.792515039
2.9498819999998886,-4.909677505,14.5308857,-130.1604156,-0.003556375,-0.271870732,2.182557583,2.475654364,4.765310764,-0.482879609
2.9582150000001093,-4.897170067,14.54219151,-130.1677246,-0.571366012,0.001440973,3.2806952,3.101051569,0.303515881,-1.050798416
2.966547999999875,-4.913505554,14.52365589,-130.1473846,-0.947925091,1.330990553,2.437624454,-1.192957282,-3.540809155,1.842956901
2.974881000000096,-4.986640453,14.5157299,-130.1522064,0.892833352,-1.505824447,9.958076477,-7.237328529,-2.018760443,-0.961814523
2.9832139999998617,-4.960027695,14.41175365,-130.1031342,-1.287304163,-2.10015893,11.96919441,3.103127003,-14.0469532,4.277642727
2.9915470000000823,-4.922816277,14.23436356,-130.075119,-0.781051993,-0.118807003,5.451463699,5.028243065,-22.6064167,1.093792319
2.9998799999998482,-4.842514515,14.01815891,-130.0145264,1.811602116,1.071375847,9.684070587,9.255903244,-27.56667709,4.500103951
3.008213000000069,-4.752070904,13.66109085,-129.963974,-1.354582191,-0.099451274,11.11250782,10.78331852,-44.31360626,1.96227181
3.0165459999998347,-4.667832851,13.36616611,-129.9162292,-2.637280703,-0.151079461,9.332760811,10.14949989,-36.85276031,2.326621056
3.0248790000000554,-4.517987251,12.95765114,-129.8810272,0.620520294,0.194074661,15.54574203,18.46030235,-50.28964615,-0.338352114
3.0332119999998213,-4.330860615,12.46042824,-129.8227692,-0.780350983,1.306745291,10.46738338,22.2988987,-61.13837814,1.874955893
3.041545000000042,-4.113977432,12.05479813,-129.7812195,-2.829987288,-1.89942193,12.81607723,26.330616,-50.02025604,1.064914823
3.049877999999808,-3.863610983,11.51190567,-129.7377167,-1.205858469,0.724934578,16.93881607,30.36363983,-66.45368958,0.24843362
3.0582110000000284,-3.600235939,11.0204916,-129.691803,-4.051832676,-0.640753031,8.576750755,31.91037369,-60.32015228,1.231768012
3.0665439999997943,-3.332281113,10.55059719,-129.6559601,-2.399461269,-1.701344848,17.57221985,32.73217392,-57.66374969,0.484853745
3.074877000000015,-3.040770531,10.01759624,-129.5851898,-1.986304641,0.241577506,13.75442123,34.83488083,-65.4388504,4.536353588
3.0832100000002356,-2.76417923,9.577280045,-129.5522156,-5.663943768,-2.337946177,11.78651333,33.89997482,-54.09017563,0.896808982
3.0915430000000015,-2.472213984,9.081180573,-129.498642,1.794587016,-0.10356167,20.79652596,35.35563278,-60.87542725,3.437368631
3.099876000000222,-2.234817743,8.644320488,-129.4531708,-6.712308407,-2.190644503,4.541941643,29.02831078,-53.72373199,2.911387444
3.108208999999988,-2.012275219,8.32983017,-129.4211578,-0.709642351,-2.182878733,21.65252876,27.51581192,-38.96628571,2.141354322
3.1165420000002086,-1.762928605,7.816416264,-129.3767853,-4.839555264,-0.15044041,16.48468971,30.55553436,-62.87266922,2.917500019
3.1248749999999745,-1.602156758,7.591606617,-129.3343048,-0.718820453,-0.584584117,5.231309891,19.97593498,-28.22765732,4.065329075
3.133208000000195,-1.491465688,7.225077629,-129.3070068,-4.019275188,-4.186180115,19.92928886,14.24187279,-45.17810059,1.737647176
3.141540999999961,-1.351469517,6.90027523,-129.2717285,-2.47200489,-0.181706056,15.67082691,17.63002396,-40.19126892,3.196353912
3.1498740000001817,-1.275590181,6.746922493,-129.2360077,-8.122330666,-2.09683919,9.088245392,9.976953506,-19.61752701,3.511456966
3.1582069999999476,-1.199939132,6.471479893,-129.2264099,2.421378136,-1.922702432,21.3531189,10.29780483,-34.19049835,0.401298702
3.166540000000168,-1.094751,6.393073559,-129.1736755,-11.09684277,-3.045671701,9.565935135,13.29519939,-10.65597248,5.775575638
3.174872999999934,-1.055924535,6.293535233,-129.1618805,3.12761426,-0.133477241,16.7170887,5.884717464,-13.08701801,0.948879361
3.1832060000001547,-1.111029148,6.226554394,-129.1139374,-6.758464813,-2.022488594,12.5241518,-5.861203671,-9.267025948,5.247857571
3.1915389999999206,-1.192287207,6.36313343,-129.1052704,-4.197113037,-2.904382944,16.59526825,-8.490223885,15.24286461,1.180368066
3.1998720000001413,-1.234110355,6.320827007,-129.0669556,-2.593699694,-0.140454695,19.14151192,-4.147175312,-6.294570446,4.137787819
3.208204999999907,-1.299838305,6.415026188,-129.0803833,-3.138510466,-2.413144588,5.876904011,-6.329443932,10.20860386,-1.564735174
3.216538000000128,-1.395130754,6.643198967,-129.0397797,-5.961788177,-0.807959437,17.12883377,-10.60989666,26.13759995,5.163115978
3.2248709999998937,-1.502806783,6.68774271,-129.0757446,0.278057009,0.287919223,21.29931259,-11.01429081,4.32414484,-4.522565365
3.2332040000001143,-1.641987324,6.949265003,-129.0455322,-5.666423798,-3.263287544,2.279667616,-15.75188637,30.1511879,4.13775301
3.24153699999988,-1.852232099,7.240178108,-129.0796967,-3.192128897,1.278507471,16.58112526,-23.34011078,33.88677597,-3.237951279
3.249870000000101,-2.016441107,7.432291031,-129.0619507,-1.722688556,-0.65189153,23.76425171,-18.59867668,21.84721756,2.566240788
3.2582029999998667,-2.114993811,7.754049301,-129.0767365,-6.273261547,-5.692487717,11.2758007,-10.18977833,37.51942062,-0.730839074
3.2665360000000874,-2.222628593,8.102637291,-129.0697784,-0.509970784,0.811765075,13.64874363,-11.65330505,40.64857864,2.090381145
3.2748689999998533,-2.340475798,8.372706413,-129.0858612,-1.125829101,0.079407834,21.60661507,-12.46629524,31.32298851,-0.934267342
3.283202000000074,-2.444153786,8.70297718,-129.0981598,-3.132951975,-0.342462569,9.712098122,-10.84284115,38.53754425,-0.126444846
3.29153499999984,-2.595678091,9.061737061,-129.0843048,-6.157989025,-1.92109251,11.20387745,-17.03845215,41.80862808,3.182420492
3.2998680000000604,-2.73315239,9.380964279,-129.1299896,0.428432167,-1.499478221,18.99823952,-14.2393446,37.39598465,-3.947274446
3.3082009999998263,-2.859387159,9.680999756,-129.1051178,-3.812858343,-1.706868052,13.32802486,-14.23681736,34.68356705,4.334714413
3.316534000000047,-2.987178087,10.03529644,-129.1408844,0.236363769,2.609759569,13.84520912,-13.21950245,41.55508041,-2.377389193
3.324866999999813,-3.164054155,10.40938759,-129.1273041,-5.157279015,-2.592323303,8.045072556,-20.12688828,43.60383224,3.738853693
3.3332000000000335,-3.340600014,10.72012329,-129.1667633,-1.918524981,-3.058325291,19.8796978,-18.93862724,36.37191772,-2.851329327
3.3415329999997994,-3.487254381,11.01306248,-129.1408844,-1.989989281,-0.17289266,19.84097862,-16.79673767,33.77320099,4.845413685
3.34986600000002,-3.645626307,11.25416183,-129.1733551,-0.304685891,-4.26195097,13.68616962,-16.87175179,27.99273682,-2.339811563
3.358198999999786,-3.743627071,11.58340073,-129.1474915,-5.296573639,0.06795489,11.66559029,-10.96993923,38.10094833,5.226438522
3.3665320000000065,-3.885417938,11.8208456,-129.19487,0.813979983,2.000244379,15.35298824,-14.4815979,27.67864227,-3.982492208
3.374865000000227,-4.037530422,12.13003922,-129.1738892,-6.323780537,-2.454905033,9.70020771,-17.39306259,35.70799637,4.756351948
3.383197999999993,-4.222200394,12.29754257,-129.2091827,0.059105624,-0.912223816,17.8687973,-19.88457489,19.22581482,-3.002938271
3.3915310000002137,-4.383837223,12.55447388,-129.1745911,-3.502520323,-0.994873166,14.55928326,-18.89164734,29.31082535,6.023770809
3.3998639999999796,-4.526566982,12.72641277,-129.224411,-0.281000823,-1.318812728,15.69396019,-14.44051933,19.90107918,-4.536590576
3.4081970000002,-4.672452927,13.02555275,-129.1932526,-5.321600914,0.620237172,5.03552103,-16.95428848,34.35789108,6.23181057
3.416529999999966,-4.873873711,13.18868065,-129.2418823,-0.305477738,-3.418801069,17.99331284,-21.46852684,18.85949516,-4.35843277
3.4248630000001867,-5.03965044,13.47409439,-129.2381897,-4.821931839,-0.108680151,15.86308575,-18.60598564,32.95903397,3.071560621
3.4331959999999526,-5.190001488,13.58038712,-129.2649384,1.620278239,-1.100213051,23.04892159,-15.91306496,11.86044407,-2.293716908
3.4415290000001733,-5.347090244,13.82118034,-129.2806396,-4.36275816,-2.334262848,4.440720558,-17.01292419,27.81195641,0.523376107
3.449861999999939,-5.483031273,13.94361496,-129.3144531,-1.596108556,-0.901401997,16.85674858,-13.9464426,13.87545395,-2.855962515
3.45819500000016,-5.67487669,14.1295805,-129.3268585,-3.89677763,0.157010019,8.071643829,-21.28203773,21.22746658,0.409149259
3.4665279999999257,-5.871100426,14.31334305,-129.3729401,-2.039740801,-0.147347286,16.76906013,-20.80930138,21.35704803,-3.434948444
3.4748610000001463,-6.0928936,14.41464996,-129.406723,-2.548822165,-0.597657561,11.62545681,-24.21003151,11.37824821,-2.984547138
3.483193999999912,-6.316012383,14.61173153,-129.437088,-2.595912218,-0.668137908,13.27676296,-24.48331451,22.77168083,-1.271927476
3.491527000000133,-6.46213913,14.67334461,-129.4641266,-0.621733308,-1.591805696,23.99608994,-15.33233738,6.574637413,-2.604417324
3.4998599999998987,-6.571015358,14.80614471,-129.4696045,-4.073664665,-1.192492485,10.08618164,-11.51772594,14.78255653,0.85706526
3.5081930000001194,-6.676935673,14.95363522,-129.5080414,-0.579990327,1.319560051,12.26076984,-10.13591385,16.98082161,-2.715288877
3.5165259999998852,-6.781396866,15.00811863,-129.4898376,-3.961615086,-1.088687778,12.61068344,-11.72069359,5.122489929,2.539242268
3.524859000000106,-6.931553364,15.13264275,-129.5264587,-4.125294209,-0.889806747,10.80472946,-15.49084377,14.22712517,-2.749753475
3.5331919999998718,-7.053216457,15.19020748,-129.5009003,0.870743871,-0.215628728,14.41495705,-14.02315617,5.373393536,3.460086823
3.5415250000000924,-7.165035725,15.23268604,-129.5361176,-3.85742116,-1.164512515,13.17590141,-10.92649555,4.445363045,-3.73921752
3.5498579999998583,-7.27334404,15.24828625,-129.5026093,-2.187459946,-1.220126033,14.91906738,-12.67396355,0.248304427,3.763756037
3.558191000000079,-7.37271452,15.30715466,-129.5485382,-1.686897159,-0.748182118,18.48506546,-9.089787483,6.568334579,-4.693027496
3.566523999999845,-7.432006836,15.26385212,-129.5148468,-1.973369598,-0.78387332,11.54335213,-6.798274994,-6.768844128,2.881358385
3.5748570000000655,-7.507856846,15.21844196,-129.5531921,-4.320092201,0.103816412,14.22636032,-6.511395931,-5.948676586,-5.433728218
3.5831899999998313,-7.552717209,15.15622425,-129.5138397,-0.946447074,-0.845390975,12.5311718,-5.241095543,-9.120678902,3.218864441
3.591523000000052,-7.583693981,15.11822796,-129.5515594,-3.138719797,0.45354104,11.31936932,-1.178293228,-5.071401119,-5.163817883
3.599855999999818,-7.638934135,15.04001141,-129.519043,-1.000097275,0.414586574,11.79838181,-6.263385773,-10.92312813,2.169270039
3.6081890000000385,-7.694418907,14.99435234,-129.5436707,-4.991880894,-3.258356094,14.99046135,-4.509923935,-6.161837101,-3.886345148
3.6165219999998044,-7.683983326,14.93066216,-129.5046692,-2.129850388,0.247506738,17.49384117,1.423216462,-9.289539337,3.135451078
3.624855000000025,-7.63564539,14.81866932,-129.5115662,-3.509371519,-0.125106588,14.09988785,7.394023895,-14.33526611,-2.905602217
3.633187999999791,-7.545642376,14.66411114,-129.4554596,-1.586752772,-1.268003821,11.8969698,10.46730042,-20.36757851,3.682855129
3.6415210000000116,-7.460239887,14.52444172,-129.465332,-2.406850576,2.497556925,11.5636158,11.92411137,-17.57626343,-3.64326787
3.649854000000232,-7.410999298,14.42092896,-129.4283142,-1.888936043,0.648021698,12.83617401,6.179371834,-13.99608135,2.336415768
3.658186999999998,-7.353131771,14.32416534,-129.4471283,-2.917890787,-3.352054596,13.00279331,8.879572868,-12.34201527,-3.990288734
3.6665200000002187,-7.231976032,14.20326996,-129.4145813,-3.233527899,0.026699867,17.15084076,14.94638538,-15.97537518,1.598188043
3.6748529999999846,-7.069705963,14.03231335,-129.4056396,-3.210834026,-1.949552536,16.97835541,20.59177208,-21.60790062,-1.84161365
3.6831860000002052,-6.875716209,13.90510654,-129.3728485,-3.772262096,-0.429839313,9.500857353,23.71066666,-16.73781204,1.613864541
3.691518999999971,-6.695251942,13.76846123,-129.343399,-1.854088306,0.874364555,8.800377846,22.18246841,-17.79347992,1.151476026
3.6998520000001918,-6.589035988,13.64501667,-129.3135376,-1.651331902,-0.64498049,11.91289616,13.27693844,-16.23967552,1.423101902
3.7081849999999577,-6.519269466,13.54814529,-129.2899017,-5.785435677,-3.199799061,12.89742184,9.053710938,-12.98079681,1.173439503
3.7165180000001783,-6.416429996,13.43873215,-129.2633972,-0.605718672,-2.047336102,18.19906616,12.97917271,-14.51857471,1.274078131
3.724850999999944,-6.252652645,13.28811836,-129.2099304,-3.151005745,-1.277925491,15.1904068,19.51530647,-19.77425575,3.991788864
3.733184000000165,-6.093391895,13.17644405,-129.1923676,-2.020929575,-1.592807412,8.291615486,20.01032639,-14.6664896,0.273957223
3.7415169999999307,-5.95187521,13.11287689,-129.1604614,-4.833752632,-0.711185694,6.281252861,17.47176933,-9.087803841,2.638228655
3.7498500000001513,-5.886991024,12.98403168,-129.1608734,-0.861497641,-0.938574076,8.611048698,9.177864075,-16.49612236,-1.963344574
3.7581829999999172,-5.84246254,12.91847897,-129.1751404,-3.395773649,-0.266938746,6.345054626,7.10390377,-8.765229225,-2.799213171
3.766516000000138,-5.864599705,12.91445732,-129.221283,-2.827384233,-1.867049575,6.242921352,-0.047296684,-1.038567662,-5.737959862
3.7748489999999038,-5.871340752,12.90561008,-129.2822113,-3.044985771,-3.11583972,15.67253304,2.204630375,-1.449996471,-7.519187927
3.7831820000001244,-5.853644371,12.90441799,-129.3518524,-3.850106239,-1.93970263,6.810017586,5.371125698,-0.432662815,-8.441541672
3.7915149999998903,-5.90331316,12.98880482,-129.413269,-3.317441225,-2.161078453,5.799295902,-2.935391903,9.699407578,-6.429634571
3.799848000000111,-5.99428606,13.11596107,-129.4882813,-3.714483738,-0.90788722,0.362324357,-7.503600597,14.96470737,-7.463745594
3.808180999999877,-6.090566635,13.30176926,-129.5298462,-1.926593184,-0.434778631,6.936344147,-9.036795616,21.57049942,-2.802851915
3.8165140000000974,-6.237689018,13.40853691,-129.5645447,-2.62263298,-1.954898715,6.537764072,-15.31768608,12.05736542,-2.968677521
3.8248469999998633,-6.383589268,13.80687141,-129.598114,-4.15428257,-1.748542666,3.599304438,-15.18053818,46.81857681,1.041156769
3.833180000000084,-6.535403728,13.8755827,-129.6286011,2.877546787,-1.757884264,11.31681061,-15.9619751,7.471712112,-2.92463398
3.84151299999985,-6.695165634,14.3065567,-129.6605072,-7.900733948,-1.843502522,-7.675828934,-16.86133003,50.68225479,1.94403553
3.8498460000000705,-6.886004925,14.42227554,-129.7199707,3.83585453,1.344551563,11.51321983,-19.7514019,13.48491478,-5.544921398
3.8581789999998364,-7.114248276,14.77305698,-129.727951,-6.187721252,-2.571984768,-1.63073051,-25.77041817,40.77348709,3.889529467
3.866512000000057,-7.33578825,15.02964878,-129.7930145,1.179378033,-0.748912632,8.516544342,-23.19978714,30.37238693,-3.931815624
3.874844999999823,-7.536409378,15.26870346,-129.7859039,-2.793297052,-0.173582762,-1.722121119,-22.91818428,27.21770477,4.205311298
3.8831780000000435,-7.804489136,15.56725311,-129.855896,0.64065814,-1.289804578,6.370972157,-28.55678368,35.46507645,-3.565982103
3.8915109999998094,-7.97802496,15.76014614,-129.8514709,-3.198980331,-0.931158423,3.135481358,-19.58780861,21.73678207,3.365315676
3.89984400000003,-8.14552021,16.00116539,-129.9182587,0.903291106,1.128044128,1.862533092,-16.52726555,28.59669113,-3.89749074
3.908176999999796,-8.294203758,16.14763641,-129.9157257,-1.869373798,1.91393292,-1.746847034,-16.54616356,16.2323761,2.481136799
3.9165100000000166,-8.524995804,16.38673782,-129.9975128,1.419100642,-0.748043776,2.678841591,-23.56825066,28.64070892,-5.448820114
3.9248430000002372,-8.670153618,16.49443245,-129.9919128,-1.762559533,-0.341378957,9.270082474,-16.23038864,11.55972099,2.24955821
3.933176000000003,-8.733394623,16.62162018,-130.0449677,-2.42944479,-1.942977428,6.010932922,-4.393636227,14.88844299,-4.046153545
3.9415090000002238,-8.710899353,16.63914108,-130.0337372,1.003368855,0.952271998,1.043858409,3.695519209,0.761844158,1.274513125
3.9498419999999896,-8.747716904,16.66488075,-130.0509186,-1.159977198,2.104481459,-4.037622929,-2.448144436,2.23135829,-1.805636883
3.9581750000002103,-8.815508842,16.65511322,-130.0582886,2.168084383,0.77109015,1.622906685,-6.500354767,-2.15136528,-1.335756779
3.966507999999976,-8.869882584,16.61185646,-130.0510101,-2.610589504,-1.637482405,4.991419315,-5.399044991,-6.379814148,-0.293897748
3.974841000000197,-8.854416847,16.55136108,-130.0561523,2.158852339,-0.816209495,6.880060196,3.413007736,-8.203318596,-2.02116847
3.9831739999999627,-8.779385567,16.42226791,-130.0314178,-3.076045752,-0.837820649,4.619148254,9.542856216,-16.86710739,0.11507199
3.9915070000001833,-8.681851387,16.28021812,-130.0260468,2.852875948,0.337458581,0.477847576,12.89898872,-18.06127167,-2.301670551
3.999839999999949,-8.592164993,16.11889839,-129.9985352,-3.663581133,0.778897583,-1.360595465,11.22107601,-20.73711395,-0.091878295
4.00817300000017,-8.511916161,15.93223572,-129.9959717,2.285676718,0.626625955,0.05782878,10.92331219,-23.31186104,-3.361819267
4.016505999999936,-8.421209335,15.73334122,-129.976593,-3.091057062,-0.847061455,0.502663076,11.63029194,-25.05680847,-1.622688532
4.024839000000156,-8.292704582,15.48687744,-129.9814453,1.296631932,0.196046442,2.87746644,16.95826912,-30.30361938,-5.17800045
4.033171999999922,-8.158209801,15.22419643,-129.9537811,-0.995863795,-1.067814231,3.627538443,16.64134407,-32.77824402,-1.660624146
4.041505000000143,-8.013108253,14.96135235,-129.9611206,-2.337325335,-0.792516649,2.693730354,19.01818275,-32.22534943,-5.602929115
4.049837999999909,-7.893013,14.69330502,-129.9320221,0.463007808,1.246572018,0.921841979,14.8991251,-33.44725037,-1.429724097
4.058171000000129,-7.746242046,14.43846512,-129.9450531,-3.840452433,-1.286046863,3.04310441,19.38436317,-31.20943642,-5.97930479
4.066503999999895,-7.603628159,14.19655132,-129.9200897,0.215323687,-0.188641742,2.310662746,17.75032616,-30.28034973,-1.323399544
4.074837000000116,-7.483047962,13.95897102,-129.9079895,-2.547751427,-1.917135358,2.016958237,15.49697685,-29.57087326,-2.666393518
4.083169999999882,-7.356990814,13.68186951,-129.8916931,1.005649447,-0.237452403,3.314708233,16.04133415,-34.34104919,-2.732991695
4.0915030000001025,-7.217140675,13.4613266,-129.8739624,-6.115784645,-1.051343322,2.958302736,17.66132355,-27.63757896,-1.628733873
4.099835999999868,-7.091068268,13.26434231,-129.8655701,3.330658913,1.234195828,-0.303856105,16.27604294,-24.69771385,-2.29412818
4.108169000000089,-6.989379883,13.03731441,-129.8385925,-5.169745922,-2.691383123,2.814092159,12.8442831,-28.54990768,-0.532827795
4.116501999999855,-6.896229744,12.84411049,-129.8147278,1.964974165,-0.37159729,2.424208164,11.91432858,-24.47920799,-0.353809685
4.1248350000000755,-6.777512074,12.65669823,-129.7944641,-5.171237469,0.678484619,-0.040348783,15.0916481,-23.73418999,-0.643686175
4.133167999999841,-6.691114426,12.48129845,-129.780014,1.946233988,-1.578838348,1.693255544,11.37084484,-22.22428131,-1.108533502
4.141501000000062,-6.614994526,12.31667233,-129.7378693,-4.091541767,-1.850135446,3.802401543,9.430179596,-21.32478333,2.294408798
4.149833999999828,-6.520645618,12.12551689,-129.7445221,0.949914455,3.267164707,1.714133382,12.87176418,-23.82207298,-3.720239639
4.158167000000049,-6.467421055,12.04395485,-129.7162628,-4.843361378,-3.398421049,1.013216257,7.056018829,-11.22751427,1.865856409
4.1664999999998145,-6.402946472,11.83719254,-129.7176208,3.153343201,-0.6899634,3.994851589,9.154929161,-25.77026558,-3.262128353
4.174833000000035,-6.362007618,11.75691891,-129.7096558,-5.951152802,1.272235394,5.032018185,6.096111298,-10.79846287,-0.463553578
4.183165999999801,-6.296247959,11.61275768,-129.7255554,1.878808141,-1.548942804,0.206506908,9.659056664,-18.11043739,-4.085510731
4.191499000000022,-6.279178619,11.54773617,-129.7329254,-2.737499952,-1.854283571,2.991865396,3.604819298,-8.791996002,-2.032860994
4.1998319999997875,-6.269835472,11.40106487,-129.7469482,-0.30565691,1.181903362,4.559785843,2.835265875,-18.43693733,-3.883925676
4.208165000000008,-6.260480881,11.36320114,-129.7809601,-4.531832218,-2.516340733,2.631554127,3.242506504,-5.250215054,-4.472899437
4.216498000000229,-6.240419388,11.31131363,-129.7570343,-0.099614531,0.219867304,1.002024293,3.224793911,-7.618442535,1.798900485
4.224830999999995,-6.270620346,11.24556637,-129.7864532,-2.235646009,-0.263126612,4.167696953,-1.57017827,-8.610301971,-4.535231113
4.233164000000215,-6.24479866,11.10374451,-129.7207489,1.314562917,-1.803657055,6.104726315,2.951836586,-18.8822937,5.512876511
4.241496999999981,-6.251232624,11.07641792,-129.7662964,-1.948899269,1.5709095,4.387788773,1.645484209,-3.821426392,-5.935753345
4.249830000000202,-6.275364876,10.95837021,-129.7076721,0.237826392,-1.976794958,9.161777496,-2.861251354,-15.95750427,4.997440815
4.258162999999968,-6.259738922,10.79438686,-129.7299805,-2.221606493,-0.370446354,7.124390125,3.752576828,-20.41524696,-5.027589798
4.266496000000188,-6.247581959,10.62765312,-129.6782379,1.627987027,0.526193082,8.405155182,1.684034228,-21.67565918,3.563018322
4.274828999999954,-6.233415604,10.37958336,-129.6545715,-2.646521807,-0.916595936,10.02952576,2.59792614,-31.00632668,-0.96633637
4.283162000000175,-6.173686981,10.07138348,-129.6069489,1.602496505,-0.70796895,9.673834801,7.53379631,-38.49897766,1.272542357
4.291494999999941,-6.147915363,9.724072456,-129.5567932,-1.202878952,-0.185707495,11.31188583,3.432748079,-43.20745087,1.125311852
4.299828000000161,-6.097807884,9.329298973,-129.492569,-2.404842377,-1.007866979,5.747960091,6.117371082,-49.03694534,2.182478428
4.308160999999927,-6.015471458,8.894638062,-129.4358978,0.743266582,0.806687176,19.15630341,10.15987492,-53.72129059,0.985369503
4.316494000000148,-5.901062012,8.419437408,-129.3824768,-2.773728609,0.254759401,5.747187138,14.1455965,-58.49778366,0.061077345
4.324826999999914,-5.807458878,7.965616226,-129.303833,-0.607263029,0.449038893,14.0500412,11.24845982,-56.26388168,3.517498016
4.3331600000001345,-5.689010143,7.482551098,-129.2602234,-3.426771402,-1.439052343,13.29967022,14.8908062,-59.31923676,-0.969309747
4.3414929999999,-5.532530308,7.037511349,-129.208725,-3.469317675,0.376266718,13.36010265,19.3415432,-54.89562225,0.767916977
4.349826000000121,-5.422834396,6.663832188,-129.1823273,-2.37212491,-1.310929179,10.06951237,14.16645432,-46.0592041,-1.469799042
4.358158999999887,-5.301070213,6.322553635,-129.1774902,-5.089016914,0.048295565,10.44312477,15.89135742,-41.97920609,-3.361938715
4.3664920000001075,-5.189257145,6.036925316,-129.1707001,-3.561103106,-2.022865295,14.3075695,14.71088696,-35.32899857,-2.648425341
4.374824999999873,-5.093622208,5.845616817,-129.1950378,-2.795862436,-1.031707764,9.012665749,13.12742996,-23.75502396,-5.068457603
4.383158000000094,-4.999760151,5.697675228,-129.1947021,-4.91243124,-0.903767049,8.638300896,12.64119434,-18.80970573,-1.842957973
4.39149099999986,-4.938348293,5.596203327,-129.2353363,-2.570194483,-0.617577314,11.74749947,9.202991486,-12.86315155,-6.02945137
4.399824000000081,-4.953548431,5.629281521,-129.2239532,-2.57306695,-1.46758008,10.93104267,-0.578459084,2.715800524,1.374331832
4.4081569999998464,-4.961056709,5.695808887,-129.2701263,-5.277853489,-2.727968216,12.01318169,1.006075859,7.276619911,-5.005725384
4.416490000000067,-4.988312721,5.842790127,-129.2407837,-3.511561155,-1.418054104,11.64670753,-2.244678259,16.14666557,4.699176311
4.424822999999833,-5.068407536,6.035036087,-129.2525787,-3.345726252,-0.540809214,12.00963211,-8.062979698,21.97949409,0.07618957
4.433156000000054,-5.18106699,6.371706963,-129.2228851,-4.528178692,-2.019267797,7.906497955,-12.5248661,38.80097198,6.814562321
4.4414889999998195,-5.304838657,6.599293232,-129.2411346,-4.111331463,-0.72496599,13.20640373,-13.19861412,26.27396011,-0.251327038
4.44982200000004,-5.441993713,7.029882908,-129.2133484,-2.478482962,-1.410711288,14.63586903,-15.47416115,50.01348877,7.815217018
4.458154999999806,-5.49639225,7.289549351,-129.2256317,-3.015417814,1.053083301,13.98829174,-4.939350605,30.02990723,0.968129158
4.466488000000027,-5.63301754,7.777822495,-129.2167053,-1.829322815,0.375525862,8.104432106,-15.15606689,57.09331894,6.417653561
4.4748209999997925,-5.685697556,8.084115982,-129.2272797,-1.458729982,-0.419328481,21.83714485,-4.757887363,35.55650711,1.956340194
4.483154000000013,-5.698534489,8.586185455,-129.2461853,-2.337404966,0.498445868,12.85465717,0.168375671,59.0538559,3.419344187
4.491487000000234,-5.697419643,8.871024132,-129.2514496,-1.315802217,-0.185644045,14.72606754,1.588173866,32.91539001,2.516127348
4.49982,-5.669997215,9.334513664,-129.265152,-5.111721516,-0.820811391,10.11369801,4.931867599,54.38548279,3.570902824
4.50815300000022,-5.606573105,9.721225739,-129.2741394,-1.413322926,-0.191583723,19.33189011,9.180454254,45.14828491,3.055259228
4.516485999999986,-5.49729681,9.957435608,-129.2921295,0.543088615,-0.034795471,11.67125797,14.86368561,27.2965126,0.30374667
4.524819000000207,-5.404611111,10.40025425,-129.3046875,-5.562067509,-0.634529054,8.097373009,12.78852749,51.90520096,3.085037231
4.533151999999973,-5.255642891,10.66730976,-129.3407593,1.528200269,-0.764923632,21.86768532,20.04771996,31.18195915,-1.579465032
4.541485000000193,-5.074270248,11.05020809,-129.3371124,-3.980373859,-0.302822888,11.47841835,23.08055305,44.58283615,4.099311829
4.549817999999959,-4.858598709,11.25631332,-129.3732147,0.600646019,1.175148487,18.49200821,28.09986496,23.88572884,-2.414477348
4.55815100000018,-4.640584946,11.57061005,-129.3682251,-2.331956148,-0.398367524,6.715426445,27.43267822,36.40223312,3.273287535
4.566483999999946,-4.388364792,11.79285431,-129.4096222,-1.434407234,-1.870533705,19.20311356,32.65421295,25.84778214,-3.072534323
4.5748170000001664,-4.144529819,12.00099564,-129.3681488,-5.353167057,-2.96287632,9.639005661,29.62453842,23.40849686,6.287688255
4.583149999999932,-3.882025242,12.14525795,-129.4287109,1.208305001,0.45172435,21.55940056,34.40272903,16.64420128,-6.201124668
4.591483000000153,-3.638683796,12.22001743,-129.401413,-2.593669653,-3.386314631,8.04714489,29.89460182,7.602362633,3.405236006
4.599815999999919,-3.39598465,12.37143421,-129.4458313,-0.160886034,-0.608367205,15.64801788,31.63947868,17.33281326,-4.402950764
4.6081490000001395,-3.176148891,12.37571716,-129.4211273,-0.259467959,0.675065458,17.9586525,27.11748886,-0.792735457,2.592021465
4.616481999999905,-2.993539095,12.494524,-129.4667969,-2.778548717,-3.596976519,7.979487896,24.47413635,13.40322018,-4.8979702
4.624815000000126,-2.818158627,12.4100666,-129.4523163,-0.917210996,-2.57174921,16.8298912,22.04590416,-11.34107971,0.837842107
4.633147999999892,-2.669694424,12.43311691,-129.4972076,-3.021649599,-2.194429159,11.11765003,20.35551262,1.892841339,-5.445191383
4.6414810000001125,-2.514300108,12.29230118,-129.4815674,0.499789417,-3.975702763,15.70699024,19.59971809,-18.1007328,0.825393558
4.649813999999878,-2.407209396,12.21984291,-129.5176086,-3.421127081,-1.780221581,7.891427994,15.15000534,-9.627433777,-4.917409897
4.658147000000099,-2.352626085,12.04649734,-129.5153961,-0.718221605,-1.494979978,15.56664181,7.847641468,-21.92765236,-0.827506721
4.666479999999865,-2.350551128,11.91515732,-129.5609283,-3.730166435,-1.699840665,11.63398075,2.764801264,-16.65077972,-6.309799671
4.674813000000086,-2.421923637,11.73450947,-129.5715637,-0.949897408,-3.120829344,16.38606644,-6.939962864,-22.73921585,-2.405882359
4.6831459999998515,-2.499904633,11.55537605,-129.6034241,-2.423416138,-4.831341743,14.66578865,-7.206606865,-22.43719673,-4.986338139
4.691479000000072,-2.581152201,11.31122494,-129.6227112,-1.558430672,-2.252922058,16.1587925,-7.910720825,-30.29656029,-3.887514591
4.699811999999838,-2.688111544,11.17344284,-129.6381683,-3.262039185,-1.232125282,11.2937851,-11.09359264,-17.55529785,-2.899545193
4.708145000000059,-2.893398285,10.9661541,-129.6607666,-2.395714521,-4.507771492,8.262154579,-22.74539948,-25.84239578,-4.120809555
4.7164779999998245,-3.100818157,10.8301363,-129.6819763,-3.722509384,0.310868919,15.56509209,-23.03128433,-17.29166985,-3.671624184
4.724811000000045,-3.365534067,10.61544609,-129.7305603,-1.502847433,-2.134487391,17.44839096,-29.30640602,-26.52638435,-7.439985752
4.733143999999811,-3.598420382,10.47213745,-129.7345886,-2.360148907,-6.343470573,18.61308861,-26.47913551,-18.25972557,-1.843317389
4.741477000000032,-3.846788645,10.2637434,-129.7713623,-2.45412612,1.05302,9.632265091,-27.63444138,-25.80491638,-6.21543026
4.749809999999798,-4.115186214,10.18715382,-129.8055725,-3.693572283,-0.044560395,12.88707829,-30.09961891,-10.00979424,-4.991296291
4.758143000000018,-4.425041199,10.1139164,-129.8532257,-2.806325436,-4.923184872,9.55932045,-34.78455734,-9.470770836,-6.583378315
4.766475999999784,-4.763149261,10.07909107,-129.8913269,-3.899230003,-0.190689772,14.21900082,-38.39358902,-4.927494049,-5.14232111
4.774809000000005,-5.14056921,10.02011013,-129.925766,-1.682468295,-0.867649496,11.67690468,-43.18117523,-7.824508667,-4.978301525
4.783142000000225,-5.439432144,9.985799789,-129.9833069,-3.059537649,-2.125969887,17.69140816,-33.28547287,-4.595301151,-7.472319126
4.791474999999991,-5.74623394,10.00271702,-130.0062256,-4.217749596,-1.207564592,9.014354706,-34.94415283,1.157495737,-2.84548831
4.799808000000212,-6.083492279,10.08832645,-130.0640869,-3.275955677,-0.956040859,12.45937252,-37.88117218,9.800364494,-6.062488079
4.808140999999978,-6.44881916,10.12965298,-130.1031952,-4.412133217,-1.088036776,11.61849022,-41.61924362,4.309895515,-4.412339687
4.816474000000198,-6.779546738,10.24336815,-130.1555328,-1.071280837,-0.938807368,18.85156822,-37.19928741,13.14616585,-4.890776157
4.824806999999964,-7.050161839,10.27436256,-130.191391,-2.006060839,-0.68203634,15.22814846,-30.30700493,3.075349808,-4.118836403
4.833140000000185,-7.331326008,10.44797516,-130.2600861,-4.470078468,0.039596297,4.577575207,-30.87831497,20.56249237,-5.76071167
4.841472999999951,-7.594728947,10.57680225,-130.3145294,-2.676732302,-2.730397463,14.60688686,-29.01837349,15.0413723,-4.731901646
4.8498060000001715,-7.84510231,10.74356174,-130.3876038,-4.812648773,-0.958775342,14.9855175,-27.04381561,19.86676407,-6.173420429
4.858138999999937,-8.049519539,10.95978355,-130.4404755,-1.666858912,0.677600205,18.0369072,-21.92877769,25.44055748,-2.983241558
4.866472000000158,-8.187402725,11.10111332,-130.4770966,-2.11662817,-1.371997237,14.76553059,-14.32666206,16.27765846,-2.197036028
4.874804999999924,-8.278921127,11.26307774,-130.5112,-2.194005013,-0.376376122,11.29073238,-8.785391808,18.69268608,-1.598597884
4.8831380000001445,-8.361343384,11.47678185,-130.5503693,-3.914283991,-0.223747402,7.473851204,-7.584326744,24.9204731,-1.169111133
4.89147099999991,-8.473786354,11.65027142,-130.5772247,-0.79515022,-1.485920668,11.35458946,-11.44654751,19.94183159,-0.486260921
4.899804000000131,-8.583954811,11.83872032,-130.6177979,-3.934072733,-0.464753211,14.69560909,-10.85039997,21.94868088,-1.682625413
4.908136999999897,-8.697113991,11.96376514,-130.658371,-2.026997566,-0.597308695,14.17942238,-11.17599297,14.43436909,-2.852133036
4.916470000000118,-8.777161598,12.13481426,-130.6890564,-1.266735911,-4.530500412,12.89538765,-7.457432747,19.71263123,-0.761204064
4.9248029999998835,-8.82617569,12.20579433,-130.7097015,-1.580280423,1.366982579,12.69659996,-3.956297874,7.671654701,-1.501916409
4.933136000000104,-8.877508163,12.29711151,-130.7351532,-1.350461483,-1.007848263,14.36803246,-4.132139206,10.16471386,-1.583267093
4.94146899999987,-8.924612045,12.34233284,-130.7606201,-2.209816456,-2.19519496,12.46784973,-3.611889124,4.703478336,-2.480636358
4.949802000000091,-8.970516205,12.41371727,-130.7742462,-1.407101512,-0.363375187,13.04213238,-3.777369499,7.589829922,-0.567982793
4.9581349999998565,-8.996371269,12.42220116,-130.7838287,-2.423861027,-1.102499723,14.57654667,-1.453735948,0.068364397,-1.360628247
4.966468000000077,-8.969240189,12.42766476,-130.7855377,-0.379596055,-1.249710083,14.11030674,4.680040836,-0.443356812,-0.416718006
4.974800999999843,-8.916602135,12.3972435,-130.7836151,-4.18697691,-0.833460987,11.2971859,7.646221161,-4.765528679,-0.667968094
4.983134000000064,-8.896501541,12.38421535,-130.7790833,-1.435070157,-0.31930837,7.748902798,3.67729497,-2.747818708,-0.039625224
4.99146699999983,-8.900285721,12.35861206,-130.7762299,-3.400160789,-2.213039637,13.70170975,0.859255195,-4.199133873,-0.525949895
4.99980000000005,-8.889807701,12.31273079,-130.7742004,-1.656182051,0.889803171,14.0822382,2.584629774,-6.598469734,-0.937877953
5.008132999999816,-8.885668755,12.2475605,-130.7638855,-2.863004208,-2.697783232,12.76257038,1.609970212,-9.035961151,-0.330474913
5.016466000000037,-8.862327576,12.18778706,-130.7539368,-1.798649311,-2.572042227,12.92062187,3.927751541,-8.389533997,-0.275173753
5.024798999999803,-8.8189888,12.14122772,-130.7364044,-2.64210701,0.703566313,13.37145424,6.135660648,-6.956302166,0.831822395
5.033132000000023,-8.760519028,12.03814602,-130.7150726,-0.691329837,-1.554264545,14.389184,7.861292362,-13.72973251,0.263391256
5.041464999999789,-8.698286057,11.96352196,-130.6820068,-3.049953222,-1.360362291,11.59653568,8.016346931,-10.56180096,2.145051718
5.04979800000001,-8.634218216,11.89352322,-130.6596527,-2.327807665,0.086665154,11.92190552,8.513468742,-9.821549416,1.007472038
5.05813100000023,-8.524325371,11.7918148,-130.6186523,-1.609138131,-0.822483301,12.29037094,13.55153561,-13.90638256,2.620836735
5.066463999999996,-8.40939045,11.70504379,-130.6005707,-2.035102367,-1.596499562,7.638884068,14.72144032,-11.73219395,0.2478562
5.074797000000217,-8.328837395,11.64252281,-130.599411,-3.021634102,-1.282696486,8.932575226,11.01851654,-8.565196991,-1.278176308
5.083129999999983,-8.281721115,11.52924919,-130.6141663,-0.285418153,-2.352770805,9.659649849,7.392167091,-14.32157516,-4.002186775
5.0914630000002035,-8.291418076,11.51333904,-130.6843109,-5.497766495,-2.526387691,5.026673317,1.888666034,-1.819622636,-8.762285233
5.099795999999969,-8.341338158,11.48307037,-130.7537079,-0.354892164,-2.086913586,14.86004066,-2.950209379,-3.535366535,-8.925114632
5.10812900000019,-8.421858788,11.48769951,-130.8259125,-6.015079498,-2.85855031,0.6614694,-6.567143917,0.664996803,-8.640360832
5.116461999999956,-8.557997704,11.62416458,-130.9270172,-0.831423342,-1.553522348,7.873645782,-12.52767181,16.83039093,-9.674372673
5.1247950000001765,-8.699872017,11.67217255,-130.9470367,-3.540701389,-3.404608727,9.333873749,-15.16054249,4.925618172,-1.783404231
5.133127999999942,-8.83615303,11.84526634,-130.9981384,-4.019237041,1.103190184,1.833321452,-13.72493362,20.32176971,-3.088361263
5.141461000000163,-9.034273148,12.11679459,-130.9862671,-2.329858541,-2.869108438,7.775779247,-22.69134712,30.85206795,6.100972652
5.149793999999929,-9.262351036,12.27717018,-131.0175171,-2.14739728,-1.46525526,0.994004428,-25.19839668,18.46134758,-0.880272388
5.15812700000015,-9.46795845,12.67406178,-131.0072174,-1.51198256,-0.951111972,8.176589966,-23.55975723,45.67292404,8.604250908
5.1664599999999155,-9.689683914,12.89413357,-131.090271,-3.426623583,-0.489419699,1.880626559,-23.02336502,26.53647614,-5.511074066
5.174793000000136,-9.907263756,13.22305107,-131.0763702,2.157553911,-1.105361581,3.753013372,-25.12206268,37.48260498,8.038913727
5.183125999999902,-10.14851093,13.58640957,-131.2212982,-6.28074789,0.641982913,0.138015106,-23.5388298,44.76126099,-9.387932777
5.191459000000123,-10.38184738,13.8616066,-131.1972046,2.594238281,-1.131524205,6.397819042,-27.3123703,30.86521149,8.335409164
5.1997919999998885,-10.60929966,14.18021011,-131.3360901,-3.101775169,-1.015671134,2.328871489,-21.87651825,39.41726685,-9.256923676
5.208125000000109,-10.78009701,14.52783108,-131.3225403,1.716567636,0.330555469,2.157912731,-19.51785278,39.56725311,8.963180542
5.216457999999875,-10.98919392,14.82534027,-131.4501495,-5.389965057,-0.679788113,5.569787979,-19.8347702,36.7277565,-8.129637718
5.224791000000096,-11.13429165,15.06940365,-131.4169464,3.582505703,0.153488815,2.643532991,-17.0607357,26.88389206,9.076399803
5.2331239999998616,-11.32810879,15.33748913,-131.532608,-4.442980766,-1.253855467,0.216572419,-18.23854828,33.04117203,-7.193497181
5.241457000000082,-11.44429493,15.54390717,-131.5018005,4.369082928,-0.390301526,6.40038681,-13.55087471,22.4507122,8.058704376
5.249789999999848,-11.53379345,15.77340984,-131.5934448,-5.168247223,-0.518400133,2.5292871,-6.391934395,27.97487831,-5.211502075
5.258123000000069,-11.59046364,15.89201164,-131.5697632,4.493797779,0.46557796,-0.408100367,-6.197927952,12.26918125,5.206567764
5.266455999999835,-11.65941525,16.07119179,-131.616333,-5.125757694,0.703759313,-0.064275429,-5.36054945,21.0158596,-1.252767205
5.274789000000055,-11.73028946,16.10335541,-131.6060028,4.589056969,0.311841011,2.402881145,-7.467485905,2.416652203,1.627170205
5.283121999999821,-11.78752518,16.21396446,-131.6039886,-4.508901119,-0.098557614,0.85219717,-5.55492115,11.82509518,2.609578848
5.291455000000042,-11.82323647,16.17066193,-131.6100769,3.444430113,-0.957642674,4.889942646,-2.705093622,-6.072494507,-2.073343992
5.299787999999808,-11.79626846,16.17837906,-131.5620728,-2.855165243,-0.329421818,2.291384697,3.012067556,-1.346719742,5.281591415
5.308121000000028,-11.76669979,16.06051636,-131.5735626,2.151169538,-0.109172605,0.895895302,5.308499336,-14.70092201,-4.510372639
5.316453999999794,-11.69748878,15.9737854,-131.4933319,-0.824249983,0.480934203,0.520259202,7.027292252,-13.20072079,6.625635147
5.324787000000015,-11.6463089,15.78826904,-131.5049438,0.242493749,0.198816746,1.781898975,7.90385294,-22.65247536,-6.139377117
5.3331200000002354,-11.54376221,15.61794853,-131.4088593,1.006735563,0.350970894,2.552521944,10.56427765,-23.37561798,6.443662167
5.341453000000001,-11.44564438,15.36297417,-131.4192963,-1.468296289,-0.526100278,3.322007418,13.48522854,-30.87097359,-7.60287571
5.349786000000222,-11.29003525,15.10337925,-131.3200073,2.427321911,-0.086778313,4.562536716,16.92392159,-33.9274292,4.806657314
5.358118999999988,-11.12987804,14.79393673,-131.3198395,-2.695078135,0.233974651,4.310847759,20.58939934,-37.55403137,-7.522107124
5.3664520000002085,-10.96188164,14.48620987,-131.2355652,1.572354078,-0.753780305,2.725388288,18.97752762,-39.2411499,2.207118034
5.374784999999974,-10.78626728,14.16920948,-131.2252197,-2.86624074,0.585450411,1.443231344,22.14832687,-38.70846176,-6.317789078
5.383118000000195,-10.61873722,13.83343983,-131.168869,0.784304261,-0.374261916,2.139677048,19.8481617,-41.93342209,-1.355405331
5.391450999999961,-10.39718342,13.50164509,-131.1404877,-3.217875719,-1.179131389,3.819764614,27.16026497,-40.87564087,-4.333886623
5.3997840000001815,-10.21499443,13.18408966,-131.0933533,0.475392073,0.958246648,1.473596811,21.9389782,-39.59942245,-1.724660754
5.408116999999947,-10.01515102,12.85346031,-131.0341339,-2.141877651,-2.766811371,4.642765999,23.75723648,-41.40213776,-0.475785315
5.416450000000168,-9.80098629,12.51191902,-131.0117188,-0.739212751,1.459656954,5.18966198,26.4860096,-41.95026398,-4.787848949
5.424782999999934,-9.585191727,12.24895668,-130.9232178,-3.360790491,-0.566319644,2.461373568,25.00072479,-33.97341537,4.589373589
5.433116000000155,-9.385170937,11.93788147,-130.9173584,0.427289128,-2.046012402,0.180989459,25.23705864,-38.05476379,-5.796345234
5.4414489999999205,-9.179263115,11.68635273,-130.8070374,-2.734234095,0.752948999,3.680737257,23.37210083,-33.0058403,7.594784737
5.449782000000141,-9.024939537,11.37547588,-130.7893066,1.317448258,-1.65038693,2.428740978,19.47457123,-38.28889084,-4.163319111
5.458114999999907,-8.822518349,11.13052177,-130.6771545,-3.136127234,-0.957659423,3.066333294,23.0389595,-32.21367264,8.156914711
5.466448000000128,-8.675601006,10.87606144,-130.6656189,-0.971577764,0.435231179,1.277084827,18.74060249,-31.51329803,-3.62868309
5.4747809999998935,-8.518234253,10.64661026,-130.5484467,0.859468222,-1.528826833,2.079533815,17.63874817,-30.41298103,9.223388672
5.483114000000114,-8.39272213,10.34442997,-130.5227203,-1.850731611,-0.692346454,3.616863489,15.88073254,-37.43733215,-2.650949001
5.49144699999988,-8.266758919,10.14122295,-130.420517,-1.122379184,-0.143965825,0.516627014,14.30854511,-27.00162506,8.082155228
5.499780000000101,-8.138411522,9.85984993,-130.4012909,-1.317626834,-1.224047184,2.562150002,16.38297462,-34.86716461,-2.891415358
5.508112999999867,-8.042045593,9.675151825,-130.3048706,0.207104772,0.824405551,2.662009001,10.91688442,-24.72704887,8.174544334
5.516446000000087,-7.943868637,9.361463547,-130.2684479,-2.515170574,-2.201512098,4.204875946,12.43846989,-38.99999619,-1.285746813
5.524778999999853,-7.847518444,9.225371361,-130.2096405,-0.919267595,0.25579226,2.299828529,11.74648857,-18.30169868,4.621117592
5.533112000000074,-7.759635448,8.94593811,-130.1690979,-1.85983479,-0.212175459,2.662327051,11.15834141,-34.99647522,-0.116865084
5.54144499999984,-7.717172146,8.792868614,-130.121109,1.020257115,-2.168446064,5.206077576,5.583853722,-20.09766579,2.847253799
5.54977800000006,-7.62255764,8.540261269,-130.0755768,-3.981909752,0.48480168,3.127168655,11.91028595,-31.8869648,0.987852395
5.558110999999826,-7.585248947,8.418040276,-130.0772858,0.901414871,-0.396913588,1.627185822,5.83734417,-15.67911625,-2.180155754
5.566444000000047,-7.52998209,8.183019638,-130.0031433,-1.267906427,-2.515617371,3.757015944,6.727955341,-30.23737717,4.694952488
5.574776999999813,-7.501988888,8.027024269,-130.0386353,-0.462816715,1.930679321,4.156002045,5.295527458,-19.1798954,-6.674072742
5.583110000000033,-7.459168434,7.853983402,-129.961441,-2.659734249,-2.770474195,0.867642641,5.239893436,-22.90472221,6.069206238
5.591442999999799,-7.461483002,7.709966183,-130.0388184,1.199817419,-0.541309416,3.614912987,2.306204081,-17.11583519,-11.37609291
5.59977600000002,-7.441055775,7.535017967,-129.9513702,-2.213832855,0.761657655,6.132065296,2.441037893,-23.28940773,7.269118786
5.608108999999786,-7.437505722,7.419239521,-130.0782471,-2.846560001,-2.685567141,4.241805553,3.758134842,-12.98217106,-16.89202881
5.616442000000006,-7.398897171,7.362995148,-129.9772797,-0.821024597,-0.600447059,1.773383856,4.456173897,-9.365642548,10.72228909
5.624775000000227,-7.417323589,7.269363403,-130.1269836,-2.400772333,0.579504132,7.247425079,1.464814663,-9.970677376,-19.51615906
5.633107999999993,-7.407953262,7.292451382,-129.9892426,0.076854132,-1.793047786,5.718233585,0.40899539,-0.490615159,16.2964077
5.6414410000002135,-7.47327137,7.240820408,-130.1546173,-4.187460899,0.33744514,3.827208757,-3.904251099,-4.687201977,-20.96287727
5.649773999999979,-7.507080555,7.268927097,-130.0107422,4.29067421,-0.161782011,15.20703793,-4.858458519,-0.010527454,17.10215759
5.6581070000002,-7.53028965,7.280431271,-130.1639252,-8.889297485,-2.350140572,4.452450275,0.954796553,2.64564395,-18.44039726
5.666439999999966,-7.505155563,7.226718426,-130.0196991,7.452803135,1.163017631,14.67922974,2.210675716,-9.759283066,15.85802078
5.674773000000187,-7.546319962,7.229866982,-130.1171417,-8.728352547,-0.287696481,3.100168943,-2.044271946,0.800406396,-12.10976887
5.6831059999999525,-7.562167645,7.197970867,-130.0256042,7.313281536,-1.265198469,15.30716801,-1.900730252,-6.349718094,9.977859497
5.691439000000173,-7.569904804,6.986773968,-130.0249634,-7.012870312,-1.49628675,7.108039856,0.502282679,-26.20878601,-4.042518139
5.699771999999939,-7.535042763,6.924225807,-129.9666901,5.052407265,0.435153604,13.23459816,4.717104912,-9.475808144,5.57431078
5.70810500000016,-7.428381443,6.594686508,-129.9306488,-4.000758648,0.196034431,10.452034,13.71953297,-40.85410309,-1.595282793
5.7164379999999255,-7.350586414,6.434627533,-129.8712006,2.309078932,0.881842911,13.00579453,9.906657219,-21.08170509,4.236865997
5.724771000000146,-7.1898489,6.057063103,-129.8156891,-3.760916233,-0.892645001,15.73991585,19.95318794,-46.89699936,0.378310263
5.733103999999912,-7.044964314,5.847714424,-129.768219,-1.487748027,0.142578244,10.3412571,18.17630005,-26.75332451,2.186548233
5.741437000000133,-6.84898901,5.430692673,-129.6933899,-1.899479389,-0.846888602,19.33676529,24.00912476,-51.88518906,2.477556705
5.749769999999899,-6.675536633,5.187499046,-129.6506195,-4.146493912,-0.86809504,4.798803806,21.72124481,-30.70402908,1.315791965
5.758103000000119,-6.473439217,4.84081316,-129.5679016,0.24027209,-0.136923075,25.59120178,24.75653648,-43.58953857,4.713043213
5.766435999999885,-6.225859642,4.510285378,-129.5274048,-3.700891256,-1.16353488,9.683631897,30.69464874,-41.0787468,0.103878766
5.774769000000106,-6.028047085,4.319013596,-129.448349,-3.020572901,-2.955551147,13.36401367,24.38133621,-24.95941162,6.58925724
5.783101999999872,-5.798545361,3.920352697,-129.4243927,-0.900393426,-0.467966259,21.51817322,28.71569633,-49.00395966,-2.399983883
5.791435000000092,-5.540322781,3.809593916,-129.3370209,-7.216825485,-2.502753019,12.10813904,31.648386,-15.3964777,8.784399033
5.799767999999858,-5.281040668,3.507797003,-129.3153381,2.624386549,0.537377119,20.42891312,32.3294487,-37.42239761,-1.150721908
5.808101000000079,-5.031898022,3.313706636,-129.2169952,-5.078333855,-1.773005486,6.479619503,30.57315636,-25.38153839,9.173481941
5.816433999999845,-4.81287241,3.207380056,-129.2341461,-4.118268967,-2.110063553,16.2550602,27.78072166,-13.65910912,-3.462662935
5.824767000000065,-4.609903812,2.990610123,-129.1148987,1.129969597,0.839347005,14.13449383,24.95225334,-28.2342205,11.73173141
5.833099999999831,-4.498982906,3.006406069,-129.1491241,-8.472542763,-1.06523037,4.432566166,14.90625763,1.092088699,-4.257996082
5.841433000000052,-4.391640663,2.939999104,-129.0499878,-0.140498236,-2.998577356,28.58415222,13.6278019,-10.01246738,10.9628191
5.849765999999818,-4.214867592,2.864364862,-129.0590973,-5.759574413,-2.553194761,15.57949924,22.64883804,-10.09008026,-2.090826988
5.858099000000038,-4.07354784,2.966680288,-128.9912262,-0.250320345,-0.625124514,11.0357151,17.91634369,10.51787376,8.588353157
5.866431999999804,-4.004063129,2.997262239,-128.9893188,-4.56960392,-2.611758709,11.95595169,9.707322121,2.521785736,0.165147796
5.874765000000025,-3.922967434,3.092310667,-128.9388428,-1.123480916,1.311782598,13.6405077,10.78678322,9.823253632,6.345018387
5.883097999999791,-3.903493643,3.327085733,-128.9470673,-8.263397217,-3.410305977,11.66588497,3.772236586,27.05433655,0.616406918
5.891431000000011,-3.928785563,3.434143782,-128.9066162,2.407805204,-2.414846182,18.35080338,-1.95306015,11.33116341,5.393782616
5.899764000000232,-3.975504875,3.685415506,-128.9004364,-8.677192688,-3.592169046,12.62934399,-4.27273941,28.90867043,2.492048979
5.908096999999998,-3.964345217,3.972780943,-128.8922424,0.074196085,-3.261431217,23.34405708,2.646824121,33.17617798,3.032651663
5.916430000000219,-3.92429924,4.194605827,-128.8802338,-3.302036047,1.239779592,13.74899864,6.082692623,25.33559418,2.943435907
5.9247629999999845,-3.995851517,4.532894611,-128.896698,-0.130844727,1.839312196,5.781048775,-7.059485435,39.47361374,0.490795046
5.933096000000205,-4.100437164,4.953912258,-128.8825989,-8.353391647,-5.428106785,14.35767555,-11.31183624,49.15527344,4.9258461
5.941428999999971,-4.182010174,5.222807407,-128.9110413,0.713433862,-0.779655218,19.27029991,-8.103506088,31.27735329,-1.496410608
5.949762000000192,-4.291227818,5.609140396,-128.8843536,-5.218506336,-1.441250324,12.73484802,-12.02999306,44.87694168,6.28292799
5.9580949999999575,-4.392222404,6.066651344,-128.9202423,-1.375764132,-1.671959877,15.30396843,-10.30365944,53.90470886,-0.471661747
5.966428000000178,-4.472774029,6.519118309,-128.9248962,-4.405000687,0.720783532,13.93750095,-8.225264549,53.05422211,3.319088221
5.974760999999944,-4.632011414,6.949747562,-128.9657745,0.764893532,-2.309306622,10.53837395,-17.14888763,50.73593521,-1.138901353
5.983094000000165,-4.801990032,7.41253376,-128.9632568,-5.334512711,-0.918968439,15.77091026,-19.05488205,54.19984818,4.54287672
5.991426999999931,-4.945003033,7.884312153,-129.0139008,-2.509416342,-3.997783899,14.17705631,-14.96977234,55.75803757,-1.582016706
5.999760000000151,-5.053653717,8.395759583,-129.0256958,-3.859124184,-3.68161273,18.21952248,-11.4588604,60.1423912,3.632238388
6.008092999999917,-5.10489893,8.905791283,-129.0805206,-0.893505514,2.878450155,20.27223015,-3.769056797,60.37569046,-1.463640451
6.016426000000138,-5.219953537,9.394373894,-129.0802155,-0.967494845,-1.161924243,5.347276688,-12.4338541,57.26718903,4.989835262
6.024758999999904,-5.358638287,9.871753693,-129.1555939,-2.649879694,-1.352976203,15.08575535,-13.74487019,56.69942093,-3.963174582
6.033092000000124,-5.49720335,10.38760471,-129.1608124,-4.251316547,-1.436369777,11.5610733,-15.13856125,60.56290436,4.918256283
6.04142499999989,-5.670776367,10.85159779,-129.2380676,-0.662906885,-4.125164986,17.20654678,-17.74427414,55.13290787,-3.983345032
6.049758000000111,-5.816606522,11.35529518,-129.2625732,-4.17097044,-0.316349745,7.840965271,-15.55317974,59.30841064,2.85584259
6.058090999999877,-5.996610165,11.75938416,-129.3587646,0.529687226,-0.029490773,20.24923134,-17.90644264,48.22749329,-6.595424652
6.066424000000097,-6.16765213,12.27336979,-129.3702698,-2.062808514,-2.981444359,9.668371201,-18.85750008,60.3537178,4.870449066
6.074756999999863,-6.386608601,12.64090157,-129.4653625,-2.245010138,-0.189723179,14.58311081,-22.43142319,43.89557266,-6.608859539
6.083090000000084,-6.640350342,13.11720753,-129.500824,-2.035300255,-2.499344826,10.98575783,-28.12179565,56.13667297,2.03956604
6.09142299999985,-6.809937477,13.43486404,-129.5792389,-1.462573409,-4.14972353,22.00992393,-16.80165672,37.77033615,-5.00741148
6.09975600000007,-6.996068001,13.8571682,-129.6334991,-2.863825321,-0.298202574,7.160561562,-19.42040253,49.94828033,-0.514616847
6.108088999999836,-7.207030296,14.24175072,-129.7055054,-1.951627374,-0.501114666,13.24904728,-21.83899307,45.67435837,-2.946630001
6.116422000000057,-7.433377743,14.56449795,-129.7673035,-0.274573117,-2.877634525,14.39624786,-23.94257355,38.16706848,-2.515437365
6.124754999999823,-7.653226852,14.95980835,-129.8479004,-5.492300987,0.076333635,11.17377567,-22.53692055,47.13398361,-3.366512775
6.133088000000043,-7.847316265,15.2151947,-129.9140167,1.040637374,-1.107191563,16.83921814,-19.84742737,30.27713585,-3.782137871
6.141420999999809,-8.029654503,15.51636124,-129.9864044,-5.968011856,-3.459784508,10.25902081,-18.19675064,35.79610443,-3.650430918
6.14975400000003,-8.197787285,15.77974701,-130.0558929,0.629933894,0.436452538,11.17665863,-16.54751396,31.30059814,-3.810799837
6.158086999999796,-8.355763435,16.01051331,-130.1103058,-2.338016033,-0.891274452,14.35918903,-15.78944778,27.15048599,-2.55530405
6.166420000000016,-8.537574768,16.18147659,-130.1744385,0.416311771,-2.312771559,13.73978233,-18.30425072,20.25701714,-4.622834682
6.174753000000237,-8.720797539,16.36392593,-130.2143097,-4.518900871,-1.592836857,10.8265419,-19.27386475,21.18549728,-1.573521972
6.183086000000003,-8.89441967,16.46465302,-130.265976,1.09489429,-1.469072938,13.99865341,-17.70375824,11.73373127,-4.349388123
6.191419000000224,-9.015662193,16.5439167,-130.2846069,-2.553381443,-2.738562584,13.97683239,-12.52925587,8.587109566,-0.9990834
6.1997519999999895,-9.145097733,16.55210114,-130.3350983,-1.567543149,-1.154239297,13.63684559,-12.42622375,0.764687479,-5.903044701
6.20808500000021,-9.295604706,16.59502792,-130.3593597,-1.194004536,-1.886736035,12.13915157,-15.85723877,4.387322426,-2.250979662
6.216417999999976,-9.440882683,16.54833794,-130.392807,-1.354399204,-1.946403027,12.84527206,-14.91737366,-6.03801918,-5.02922821
6.224751000000197,-9.560819626,16.50124931,-130.3914185,-1.049771309,0.805206299,13.32935238,-13.05952168,-6.722175121,-1.096827269
6.2330839999999625,-9.624539375,16.3592701,-130.3969116,-1.111686587,-1.008324623,17.54347801,-6.079719543,-17.81637001,-3.787065983
6.241417000000183,-9.619923592,16.25016785,-130.3916931,-3.548009634,-0.214886025,11.59246635,1.749465108,-14.14087677,-1.919735909
6.249749999999949,-9.611328125,16.09746933,-130.3735962,-1.236653447,0.57447952,10.92178631,1.807532907,-19.53769684,-1.328380227
6.25808300000017,-9.589251518,15.94713974,-130.3491516,-1.869336724,-1.75044322,13.57860565,3.209758759,-19.38854408,-0.552473545
6.266415999999936,-9.544412613,15.75171947,-130.3164673,-2.027348042,0.398239881,13.6767931,5.676590919,-24.8743515,-0.502602756
6.274749000000156,-9.502893448,15.54059505,-130.2830658,-1.805853128,-1.237049103,13.42937374,5.281748295,-26.7472744,-0.709463477
6.283081999999922,-9.431556702,15.34234524,-130.2656097,-2.860974073,-3.938640594,12.04222298,9.382331848,-24.92030716,-2.24181056
6.291415000000143,-9.321286201,15.1128521,-130.2198181,-1.972839952,-1.390898943,12.2446909,13.15274048,-29.15859032,0.415924281
6.299747999999909,-9.274208069,14.87185287,-130.2035675,-3.71404624,-0.815886557,7.651442051,6.525820732,-29.96774483,-3.135120869
6.308081000000129,-9.272434235,14.72282314,-130.1963501,-1.581032395,-3.312059164,12.65207863,1.353930235,-18.90369415,-2.378794432
6.316413999999895,-9.275705338,14.49294949,-130.2402649,-3.86756134,-1.806565642,15.02850723,2.300941229,-27.52021217,-9.804368019
6.324747000000116,-9.316586494,14.30590057,-130.2650757,-2.285308838,-2.668447733,8.198906898,-2.785344124,-22.80828285,-6.793615341
6.333079999999882,-9.365161896,14.13786602,-130.3323212,-4.249666691,-3.55942893,8.197322845,-2.467394829,-19.74975967,-11.31119919
6.341413000000102,-9.441013336,14.05870724,-130.4058685,-1.571732163,-1.416393042,10.12259674,-5.586594582,-9.091007233,-10.32376957
6.349745999999868,-9.544473648,13.88702297,-130.4786377,-1.406986117,-1.592921734,11.61340523,-8.927129745,-20.04504585,-12.07832241
6.358079000000089,-9.753194809,13.91564083,-130.5400848,-5.440833569,-4.183320045,-1.18973279,-21.90995216,3.465581894,-6.803463936
6.366411999999855,-9.949385643,13.9038353,-130.6003265,-3.436781168,-0.769873381,7.467943192,-20.42396736,-1.317122936,-7.477528095
6.374745000000075,-10.21171665,13.95593834,-130.5662994,-1.075644732,-2.793731213,10.72977352,-31.09721565,4.338274002,4.671207905
6.383077999999841,-10.48069477,14.03742599,-130.6000977,-5.772422314,-2.143879414,0.989311635,-29.92479134,9.202100754,-2.442076206
6.391411000000062,-10.70871067,14.19710255,-130.5411224,1.749362111,0.201462463,8.747127533,-27.70939064,16.4503994,9.949730873
6.399743999999828,-11.01513386,14.34388065,-130.5694122,-8.505474091,-2.27503252,-4.013138771,-34.55578613,16.79606819,-0.234075978
6.408077000000048,-11.32201385,14.63441467,-130.5593109,5.259184361,-0.548349261,10.7705555,-35.77341843,32.8373909,7.642023087
6.416409999999814,-11.65462399,14.79664707,-130.5984497,-9.416969299,-0.480633855,-2.872334242,-37.34290695,18.86071205,-0.894155741
6.424743000000035,-11.94855595,15.12965775,-130.6288605,5.564478397,0.320109367,8.934414864,-32.9548111,38.70789719,4.397627831
6.433075999999801,-12.22921371,15.34234524,-130.6860199,-7.333640575,-1.691625237,5.83482933,-30.50554848,25.21424103,-1.448896885
6.4414090000000215,-12.44561481,15.67568874,-130.7313232,1.867222309,1.078727841,-0.568787158,-23.13558769,39.07537079,3.104668617
6.449741999999787,-12.6654253,15.89704704,-130.7758942,-2.716329813,-0.066669613,5.045543194,-23.54219818,25.92413139,0.428078383
6.458075000000008,-12.89695072,16.27942467,-130.8514862,0.063143417,0.07683368,5.517940044,-23.89729118,45.54645538,1.328856707
6.466408000000229,-13.08470535,16.54302788,-130.9055023,-3.22063756,-1.537555099,4.488153934,-19.32091904,31.09913826,0.730531693
6.4747409999999945,-13.1936245,16.76896667,-130.9658966,0.298500717,-1.10534668,2.284525871,-9.627794266,26.85106087,-0.92804265
6.483074000000215,-13.24551487,16.97437286,-130.9988708,0.100265674,2.033306837,0.948154509,-3.710479498,23.72610283,1.623904705
6.491406999999981,-13.35549545,17.20558167,-131.0841064,-0.598050833,0.920046449,-1.909589291,-8.811457634,28.12825775,-3.45198226
6.499740000000202,-13.44728184,17.40204239,-131.113266,1.457976818,-0.792838871,4.664299488,-8.594296455,22.586092,1.890882015
6.508072999999968,-13.4600668,17.54202271,-131.1851196,-3.013072491,-0.433906943,7.03847599,2.421275616,17.11667824,-4.420915604
6.516406000000188,-13.38611889,17.61705971,-131.1872864,2.275939941,-0.084137812,3.740959167,10.3327198,7.693274021,1.528542519
6.524738999999954,-13.28241158,17.67009926,-131.2378235,-3.211861134,1.286189318,-0.629431665,15.65264225,6.394197464,-4.483208656
6.533072000000175,-13.18839073,17.66851807,-131.2332001,3.459356546,1.832992435,-0.05913385,12.47865486,-1.440211773,0.141736388
6.541404999999941,-13.09132671,17.67595863,-131.2619934,-3.705755949,-0.21008876,1.911693573,14.07755852,0.496711254,-3.325227499
6.549738000000161,-12.95656681,17.60453606,-131.2459412,2.977999687,-1.008208036,4.277924538,16.96792221,-9.887263298,-0.46434775
6.558070999999927,-12.77484131,17.53304863,-131.2384949,-3.373619795,-0.090494953,2.54481554,22.90260887,-9.685899734,-1.41039741
6.566404000000148,-12.58724117,17.39140511,-131.2176819,2.040989399,-1.977402687,2.403608799,23.1443119,-18.22687149,-1.728859782
6.574736999999914,-12.3825655,17.26024246,-131.1942139,-1.962294579,0.239390895,-0.377891004,25.08355331,-17.07795906,-1.106702328
6.583070000000134,-12.22449493,17.05394745,-131.1835327,2.066265821,-0.285101593,1.843445539,19.95425034,-25.57628632,-4.407560825
6.5914029999999,-12.04147243,16.8358326,-131.1558838,-1.221249104,-1.384046197,3.535632372,22.37728882,-27.37997246,-2.720913887
6.599736000000121,-11.87625694,16.56601906,-131.1395721,1.610209346,-0.528149903,5.858112335,20.64408684,-33.18707275,-5.197774887
6.608068999999887,-11.70177841,16.30519104,-131.1056061,-3.359636068,-2.697884083,3.252810478,21.14761543,-32.56477737,-2.894489288
6.616402000000107,-11.52615738,16.00608063,-131.0800781,2.421597004,0.509451985,2.102814674,21.60286331,-36.87375259,-4.664999962
6.624734999999873,-11.35808754,15.70820236,-131.0332489,-4.403740406,-1.724460959,2.606764078,19.99958801,-37.23278046,-2.116968632
6.633068000000094,-11.21208477,15.4437151,-131.0056,1.235982299,-1.105433702,-0.271362334,17.99678802,-32.87620544,-3.403687239
6.64140099999986,-11.09999943,15.17452431,-130.961441,-3.99626112,-0.22859852,-1.231201291,13.43363285,-33.80490112,-1.558282256
6.64973400000008,-11.00003147,14.88742065,-130.9173737,2.999366999,-2.215990305,3.007132769,12.00407505,-35.91613388,-1.912117839
6.658066999999846,-10.90033913,14.62287331,-130.868454,-5.642815113,-1.111413717,2.884130716,11.83714485,-33.37667847,-0.785653532
6.666400000000067,-10.80429459,14.30296421,-130.8161163,4.151077271,0.723654211,3.109476566,11.33753204,-39.97151184,-1.575764537
6.674732999999833,-10.71774197,14.04811287,-130.7784424,-6.422642231,-1.803530812,2.857887983,10.65311146,-31.99243927,-1.727067113
6.6830660000000535,-10.64908981,13.78023815,-130.7270203,2.589969635,0.204493105,0.243588164,8.124342918,-33.83143997,-0.401093662
6.691398999999819,-10.60289764,13.51085186,-130.7048035,-2.885338783,-1.541468978,3.576515198,6.296023846,-33.37253952,-3.738042593
6.69973200000004,-10.56778812,13.21974659,-130.6391602,1.909884453,-0.406537265,4.235485077,3.772481203,-36.86978149,0.797487319
6.708064999999806,-10.53650475,12.90476131,-130.6198425,-2.556590796,-2.245298386,3.213617325,4.601667404,-38.70474625,-5.028055191
6.7163980000000265,-10.49871349,12.64613342,-130.5765076,-0.927167594,0.853124082,1.842386961,4.766327381,-32.56249619,-0.999071419
6.724730999999792,-10.49911499,12.35506248,-130.5572205,0.129492685,-0.632369697,0.603102684,0.821167648,-35.88388062,-4.467499733
6.733064000000013,-10.51346397,12.05020332,-130.5044403,-0.979152143,-3.352251053,4.007522583,-1.690439343,-38.23042679,-0.91022867
6.741397000000234,-10.51398468,11.78172302,-130.4775085,-2.764195442,2.126857281,1.231865406,0.651678026,-33.37613678,-3.091705322
6.74973,-10.5364151,11.54211617,-130.4773102,-1.592414498,-2.543876171,3.684581995,-1.317302585,-29.39631462,-5.551312923
6.75806300000022,-10.55409336,11.287117,-130.4067078,0.129120827,-1.030569196,3.463022947,-2.427642107,-32.73645401,2.237879038
6.766395999999986,-10.59651661,11.01292706,-130.4225159,-1.469572425,1.151150823,5.948255062,-3.343301296,-33.12522888,-8.191210747
6.774729000000207,-10.6311903,10.84162426,-130.3572235,-3.468344212,-3.06274128,1.285194278,-4.270650387,-22.75604248,3.450290203
6.783061999999973,-10.6944952,10.56724167,-130.3709106,3.42561698,-0.800277591,2.817072153,-5.912603855,-33.18121338,-8.00014019
6.791395000000193,-10.76144695,10.40670395,-130.3015137,-6.314503193,1.688357592,4.236656666,-8.221315384,-21.63890266,4.377756596
6.799727999999959,-10.82727432,10.19370556,-130.3387756,2.911056042,-3.92154932,2.057435751,-5.720008373,-25.40553665,-9.429746628
6.80806100000018,-10.91120815,10.07069492,-130.2533417,-5.414308548,0.149594396,1.692635179,-10.55812645,-17.5973568,7.087512493
6.816393999999946,-10.97643661,9.891008377,-130.2902985,1.186476827,1.67912519,3.312113523,-5.67926836,-21.46289635,-8.702492714
6.824727000000166,-11.05904675,9.883523941,-130.237381,-5.4853549,-3.569689274,0.565033436,-9.672140121,-3.264918566,5.874740601
6.833059999999932,-11.13434029,9.712711334,-130.2289429,2.614696741,1.020495057,3.743088961,-7.82689476,-21.43018723,-3.288869619
6.841393000000153,-11.23298931,9.806241989,-130.2336731,-6.834287643,0.533408701,4.146129131,-10.40294075,9.930933952,1.509485364
6.849725999999919,-11.29746723,9.661026955,-130.1831818,4.453652859,-3.158460379,5.088955879,-7.383024693,-19.37876511,2.132245064
6.858059000000139,-11.39705181,9.811685562,-130.2200775,-8.58654213,1.529810667,2.734224319,-9.860152245,17.39679909,-0.873240888
6.866391999999905,-11.46494484,9.744966507,-130.1746368,5.912769794,-1.461390018,4.831971645,-7.69315958,-10.03409672,3.358987331
6.874725000000126,-11.59818268,9.924437523,-130.2425232,-9.575657845,-0.433224052,2.907354355,-13.24825382,21.53065872,-3.773362875
6.883057999999892,-11.66270733,9.973646164,-130.2157288,4.494544983,-0.145638257,2.755244255,-6.918661594,4.023471355,3.973523617
6.891391000000112,-11.79540825,10.17446423,-130.3100586,-5.813279629,-0.748023093,5.883033752,-12.59710121,24.67179871,-6.189389229
6.899723999999878,-11.87342072,10.25822735,-130.2346954,1.509830713,-0.532670736,3.658135176,-9.586346626,6.889590263,10.45042992
6.908057000000099,-11.95639038,10.50266647,-130.3661652,-4.620700836,1.050344348,3.056190252,-5.71678257,30.77809334,-9.583127022
6.916389999999865,-11.99349689,10.62361908,-130.2526398,3.564983368,-1.38126719,7.858353615,-5.570264816,10.29774475,15.79161453
6.9247230000000854,-12.01433563,10.86635971,-130.3755188,-8.008823395,-1.816590428,6.791156769,1.650352001,30.37932587,-8.593544006
6.933055999999851,-11.9405508,10.93646717,-130.2176819,7.761304379,1.651997685,6.202538967,6.651852608,3.248257399,19.6196785
6.941389000000072,-11.92436981,11.09802437,-130.3246307,-7.431573391,1.114388943,1.536531448,5.816444397,20.46290207,-8.874952316
6.949721999999838,-11.85865879,11.16694355,-130.1700134,6.492361069,-0.585672855,9.001153946,5.684569359,3.219377518,19.19785118
6.9580550000000585,-11.75104427,11.1326952,-130.2286072,-6.915446281,0.832507133,10.98147964,15.71995926,-3.684737206,-8.318071365
6.966387999999824,-11.55998802,11.19128799,-130.0749512,6.58114624,0.445188463,9.291749954,20.73802948,2.109576941,18.81552505
6.974721000000045,-11.33480644,10.98034477,-130.0760956,-5.093261242,-0.608106315,13.78511524,28.46804428,-25.876791,-5.761314869
6.983053999999811,-11.03761578,10.89507771,-129.9410248,1.881241918,1.477225184,1.852913976,33.96854019,-14.24646378,13.3039484
6.9913870000000315,-10.71277523,10.6903019,-129.922821,-1.42174232,-0.222254381,20.79918289,39.98593521,-25.62601662,-3.1350348
6.999719999999797,-10.32568455,10.33171368,-129.7694702,1.768121719,0.598717749,6.895862103,44.4744606,-46.73444748,9.612277031
7.008053000000018,-9.931775093,10.12086868,-129.7312469,-5.586053848,-0.982064128,17.16400909,47.88035583,-26.76311684,-0.733401477
7.016385999999784,-9.48788166,9.677806854,-129.5868378,2.928038359,-0.278561801,9.041115761,51.66992569,-56.40900421,7.539370537
7.024719000000005,-9.061097145,9.414645195,-129.5202637,-6.127901077,-1.207387209,16.65281868,51.27711487,-33.53780365,2.151385069
7.033052000000225,-8.549183846,8.883789063,-129.3756104,2.649677277,-0.082566619,14.81879425,60.05334473,-66.70085907,6.861833096
7.041384999999991,-8.09887886,8.63243866,-129.2922211,-6.847947598,-1.789823532,7.255401134,53.85159683,-32.41328812,5.112836838
7.049718000000212,-7.665090084,8.074942589,-129.2023315,4.293582916,-1.449461579,21.07735062,51.86930466,-68.85430145,1.0772264
7.058050999999978,-7.206591606,7.74747324,-129.0890198,-9.854886055,-3.219053268,8.331583977,54.48648071,-41.84973526,7.974448204
7.066384000000198,-6.787345886,7.330436707,-129.02771,2.456610918,0.796148777,16.29871941,50.72746658,-51.68497086,0.818288922
7.074716999999964,-6.404388905,6.904947281,-128.9020538,-6.404542923,-3.451482773,13.28619003,45.4102211,-53.59399414,8.818595886
7.083050000000185,-6.041084766,6.581933975,-128.8690491,-0.913070798,-1.330458164,11.66879272,44.51417923,-40.08298874,-0.61448735
7.091382999999951,-5.730734348,6.250808716,-128.7545319,-2.393436909,-1.797390223,18.6151123,37.04185104,-42.0685463,9.260648727
7.099716000000171,-5.472727299,5.881660938,-128.7440033,-2.419382334,-2.622673988,12.24645901,32.20873642,-45.33288193,-3.394779682
7.108048999999937,-5.227368355,5.727519989,-128.6290283,-6.404628754,-1.836482167,13.12133694,29.36675072,-20.85250854,11.8187542
7.116382000000158,-4.966477394,5.344202042,-128.6414642,1.578782082,-1.241997004,20.09376335,32.83283615,-46.80824661,-5.887769699
7.124714999999924,-4.728703976,5.124978065,-128.5229492,-4.75839901,-3.737464905,7.242003918,28.57273674,-28.5607872,11.64426231
7.133048000000144,-4.581790924,4.953625679,-128.5229034,-3.100097179,-0.030389152,10.78500462,19.01073265,-21.61674118,-1.98746109
7.14138099999991,-4.512894154,4.769051075,-128.4292908,-1.637521863,-0.866831064,19.18151474,8.646026611,-24.12926483,9.291685104
7.149714000000131,-4.465092659,4.602392197,-128.4197845,-6.551168442,-5.148715496,10.75285816,7.023579597,-21.14879608,-0.753353298
7.158046999999897,-4.432051659,4.584991932,-128.3525696,-2.005984306,-1.34848702,20.51347923,4.655246258,-3.858630419,7.621374607
7.166380000000117,-4.373007298,4.410177708,-128.3488464,-2.688551903,-2.725424767,23.74994087,8.431660652,-22.07323265,-1.488572121
7.174712999999883,-4.317913532,4.461670876,-128.2745209,-3.282658815,-3.90976882,5.779667854,7.280192852,4.341164589,8.961255074
7.183046000000104,-4.342705727,4.521584988,-128.3036652,-4.876525402,1.242720604,14.09727955,-1.322501421,6.311066151,-3.255736113
7.19137899999987,-4.414530754,4.565164566,-128.2422333,0.125092611,0.774082959,15.12691689,-7.850776672,3.49004221,7.501615524
7.1997120000000905,-4.497905254,4.709547043,-128.2702179,-9.745299339,-4.833032608,11.72113323,-8.355020523,16.41166115,-2.313081503
7.208044999999856,-4.578633308,4.827676296,-128.2230835,3.209779978,1.081447601,24.07468987,-8.796506882,12.53156281,6.38007164
7.216378000000077,-4.666713238,4.951200485,-128.211853,-6.55633831,-2.40038228,11.78360653,-9.303720474,13.54455566,2.210713863
7.224710999999843,-4.736656189,5.234818459,-128.2026215,0.958790779,-0.548311234,14.09534836,-7.132891655,32.66924286,3.567066908
7.2330440000000635,-4.840270042,5.42618084,-128.1762543,-5.874513149,0.981875598,15.76216984,-11.34802246,21.49878311,4.735562325
7.241376999999829,-4.960167885,5.639485359,-128.1909943,0.754750431,-2.629684925,13.21749592,-12.85424328,24.4946022,0.092954129
7.24971000000005,-5.072525978,5.976967335,-128.1753845,-9.724694252,-2.846491098,17.96803856,-12.29249477,39.05734634,5.076889515
7.258042999999816,-5.150698662,6.208034992,-128.2010193,6.124709129,1.724917173,24.12688637,-7.695673943,26.72758675,-0.8917858
7.266376000000037,-5.162874222,6.456838131,-128.1773224,-7.656862736,-2.687044144,11.9340086,-0.394587576,28.36019135,5.176781654
7.2747089999998025,-5.14494276,6.783483982,-128.2283325,-1.246047497,-1.079590917,12.53675842,4.219399929,38.43255615,-2.900098801
7.283042000000023,-5.183490753,7.077244282,-128.1901093,-2.509329796,2.263953447,18.81048203,-3.800003529,33.57582855,7.387421608
7.291374999999789,-5.25209713,7.390357018,-128.2463226,-0.895224869,-1.686074853,10.36911678,-6.029765129,36.85842133,-3.521231413
7.29970800000001,-5.301041603,7.762625217,-128.206604,-6.757516861,-0.261679202,13.35629177,-5.120972633,42.92653275,8.49215889
7.30804100000023,-5.357364178,8.11239624,-128.2401428,2.184403419,-1.055743456,20.02389908,-4.846809864,40.99960327,-0.409597844
7.316373999999996,-5.347225189,8.442049026,-128.2073669,-5.776620865,-3.434035063,18.16657066,2.030737638,37.90139389,7.244086742
7.324707000000217,-5.319101334,8.765939713,-128.1819611,0.471605062,-1.262334943,13.26230431,4.270526886,37.25225449,6.316236019
7.333039999999983,-5.349367142,9.153345108,-128.1746216,-4.348017216,-2.680492163,13.889884,-2.388057947,45.08610153,4.865304947
7.341373000000203,-5.400653362,9.477876663,-128.1767426,-0.000307623,-1.161595702,18.61363029,-4.752278805,37.6348877,3.071765423
7.349705999999969,-5.422082424,9.78839016,-128.1681824,-3.528006077,-0.236252502,18.0624733,-1.363024712,35.87951279,4.199151039
7.35803900000019,-5.461372852,10.13362503,-128.1878204,-1.830369473,-2.120236158,8.295912743,-2.955566645,40.29854584,1.340087533
7.366371999999956,-5.500024319,10.55092144,-128.2004852,-6.052785873,-0.575346947,16.64663506,-2.986100912,48.86819077,2.973460197
7.374705000000176,-5.521585464,10.94464397,-128.2332916,-0.834257245,-1.227498412,16.2366066,-0.487836808,46.24623108,0.339670986
7.383037999999942,-5.600885391,11.39645863,-128.2552338,-3.53985405,0.048178989,8.585521698,-7.625749111,53.09088516,2.361587524
7.391371000000163,-5.697235584,11.78919888,-128.2988586,-1.446465969,-0.688074589,16.5187645,-9.155556679,46.2470665,-0.763907552
7.399703999999929,-5.722180367,12.24383354,-128.3184662,-4.100505352,-3.384288311,17.85569954,-1.123558402,53.39203262,2.818187714
7.408037000000149,-5.733631611,12.71956444,-128.3671722,-2.982639074,-3.304892778,14.81943035,1.248787165,56.22018814,-0.308575511
7.416369999999915,-5.6948843,13.1720953,-128.403244,-0.886312783,1.330118537,16.93046379,6.999261856,53.33330536,0.887381792
7.424703000000136,-5.715400219,13.61902332,-128.4587708,-0.674908638,-2.504759073,9.902327538,0.44471544,52.85497665,-1.434874535
7.433035999999902,-5.778611183,14.02531528,-128.5139313,-2.744069815,-3.547304392,15.10664463,-4.622866631,48.03271866,-1.83544302
7.4413690000001225,-5.853209496,14.40438938,-128.559906,-0.943881333,-0.112009577,11.58551693,-6.223167896,44.65402603,-1.080922604
7.449701999999888,-5.901438236,14.73676491,-128.6278076,-1.085453749,-2.948922396,17.67250252,-2.358433962,39.36102676,-4.082248688
7.458035000000109,-5.9500103,15.08643627,-128.6963348,-2.936752558,-1.48229754,10.09836674,-2.357230663,41.41514587,-3.869548559
7.466367999999875,-6.02090168,15.38140488,-128.7470245,0.683748722,-1.606354952,19.16186714,-5.528940678,34.69348145,-2.46803689
7.4747010000000955,-6.14729929,15.69659138,-128.8388062,-4.785353184,-2.563422203,6.431442738,-10.84597969,37.59943008,-6.887524605
7.483033999999861,-6.264360905,15.92392731,-128.8970337,0.614448607,-1.622688293,18.38038063,-10.76469707,26.72692108,-4.05535078
7.491367000000082,-6.405592442,16.17354012,-128.9749603,-4.016179085,-2.88208127,14.79999161,-13.00364017,29.61995506,-5.912257195
7.499699999999848,-6.493498325,16.43505859,-129.0501099,-0.483018339,-2.803330183,15.75917149,-6.6366539,31.03429985,-5.399075508
7.508033000000069,-6.632532597,16.62175369,-129.1013641,-2.965523243,-0.596997142,7.175514698,-13.57379723,21.79762268,-3.58500886
7.5163659999998345,-6.82513237,16.90485191,-129.1950531,-0.950187922,-1.055633664,11.89462566,-18.49097824,33.87719727,-7.031589985
7.524699000000055,-7.023917675,17.01395798,-129.2272034,-2.25442338,-4.271891117,15.66377354,-21.3584156,12.31754494,-2.412068129
7.533031999999821,-7.295288563,17.23815727,-129.3112488,-1.726181507,-2.216498375,4.53237772,-28.22476959,26.77723312,-6.529255867
7.541365000000042,-7.554067135,17.30366898,-129.3279877,-0.388196886,-2.00183177,18.81822395,-29.07738876,6.920536041,-1.210849762
7.5496979999998075,-7.807939529,17.40070152,-129.3907776,-1.962849855,-3.409755707,14.18079185,-26.83949852,11.37813282,-5.892494678
7.558031000000028,-8.096497536,17.47739792,-129.4082336,-1.82273984,-1.296680212,5.658302784,-32.62578964,8.275608063,-1.029885292
7.566363999999794,-8.450752258,17.48085403,-129.4728546,-0.797777712,-1.939869523,10.53896999,-38.80424881,0.351914465,-7.579351902
7.574697000000015,-8.79222393,17.44454002,-129.4742889,-2.976544142,-2.00314188,14.71876526,-39.54832077,-5.395018578,-1.139002681
7.583030000000235,-9.16388607,17.42412949,-129.5380707,-1.249649048,-2.332594633,11.8455677,-40.93077087,-2.392821074,-7.914335728
7.591363000000001,-9.48392868,17.34863091,-129.5301056,-2.58789134,-3.761523485,13.04213619,-37.31189728,-10.21051216,-0.889788449
7.599696000000222,-9.788807869,17.28131294,-129.5877228,-1.852547288,-0.10640654,15.43782616,-33.14905167,-7.981557846,-8.181836128
7.608028999999988,-10.09182167,17.20010948,-129.5756989,-3.11127305,-0.993812799,7.369526863,-35.41124344,-10.94242573,-0.64631182
7.616362000000208,-10.40774632,17.11651611,-129.6270599,-0.293536037,-1.028811574,9.85959816,-34.71465302,-9.945736885,-7.90292263
7.624694999999974,-10.70818806,16.9444809,-129.6208038,-0.391901881,-0.038053732,14.21170521,-34.89777756,-21.53343201,-3.393224716
7.633028000000195,-11.00130081,16.7725029,-129.6531219,-2.029861927,-1.548151255,7.898136616,-32.67531586,-20.66970253,-7.852399826
7.641360999999961,-11.22149277,16.61340332,-129.6609039,-4.518906116,-1.147032261,5.561320305,-24.77765656,-19.6845417,-4.877069473
7.649694000000181,-11.47201729,16.44465637,-129.7032623,-0.160932556,-1.084692836,9.829039574,-27.23759079,-20.01908112,-9.083841324
7.658026999999947,-11.65410423,16.20011902,-129.7130737,-2.872765064,-0.861941397,9.358533859,-20.14220238,-29.62680626,-7.311785221
7.666360000000168,-11.85973263,16.10870171,-129.7784882,-3.294605494,-0.90591222,7.16565609,-21.11242676,-10.32629299,-9.93864727
7.674692999999934,-12.03408527,15.86374474,-129.7643585,-1.540071368,-0.357957721,6.604287624,-20.01612663,-30.20084381,-4.808860302
7.6830260000001545,-12.25989819,15.8374157,-129.8343506,-4.367105007,-2.076197386,2.480645657,-23.43572807,-2.490396261,-8.883764267
7.69135899999992,-12.40794659,15.80231571,-129.8487854,-2.716190577,-0.834476292,11.5628109,-15.91506195,-4.881164551,-2.851466656
7.699692000000141,-12.5723381,15.72642708,-129.8662872,-3.421693087,-1.314070821,2.294101715,-17.77728271,-9.577217102,-4.263669968
7.708024999999907,-12.74576283,15.85682011,-129.9062653,-3.878004551,0.009285569,0.659005821,-18.13388824,15.17210102,-1.39515686
7.7163580000001275,-12.91178513,15.85058784,-129.8987274,-0.552584708,-1.205594897,11.10511303,-18.79063606,-2.046040297,0.360994399
7.724690999999893,-13.06165695,16.0977459,-129.9737091,-5.511085987,-0.226793483,1.069951415,-14.13725281,29.73380089,-2.088176966
7.733024000000114,-13.16756916,16.06556892,-129.9431152,3.290060043,-2.385399342,8.700286865,-12.35332394,-5.677024364,2.235764503
7.74135699999988,-13.28276539,16.40302849,-130.0424347,-7.833022594,0.295574427,-3.453094959,-9.112804413,40.91809082,-2.195642948
7.7496900000001006,-13.36541748,16.36395454,-130.0102234,5.055724144,0.199098706,11.59144592,-9.628929138,-6.538955688,2.207140207
7.758022999999866,-13.44329548,16.67086029,-130.0983582,-5.523795128,-0.136310786,0.347544789,-4.9658885,37.05747604,-1.649251223
7.766356000000087,-13.4905138,16.74767113,-130.0989685,0.096233852,-0.448036522,5.862808704,-4.263630867,7.859063148,1.756342769
7.774688999999853,-13.5026474,16.88290024,-130.1362305,-1.827987313,-0.117758222,3.309105396,1.210298419,15.66000843,-0.69838506
7.783022000000074,-13.49159622,17.02568436,-130.1528778,0.751573145,-0.102440208,5.457902908,3.27798295,15.98989677,1.81774044
7.7913549999998395,-13.4868536,17.17433167,-130.1929626,-4.703083992,-0.897986472,5.376498222,3.365045071,17.29570961,-0.632684529
7.79968800000006,-13.41780949,17.23962212,-130.1949615,0.86263746,-1.349107027,4.687203407,9.735830307,6.550981998,1.277907133
7.808020999999826,-13.32970238,17.33594513,-130.214325,-2.048993349,0.419956863,-0.976322889,12.63170338,10.64478016,0.193374738
7.816354000000047,-13.32850075,17.44771576,-130.2530975,-0.673996747,0.009613243,0.892347395,2.91534853,12.95321083,-1.553068042
7.8246869999998125,-13.34313202,17.54903412,-130.2812195,0.228006765,-1.611885428,5.651007652,0.631032407,11.45522499,-0.6479249
7.833020000000033,-13.28830433,17.59416389,-130.3300323,-3.655162334,-3.367120743,6.078741074,9.719784737,5.441002846,-4.512447834
7.841352999999799,-13.15917873,17.63129425,-130.3580475,1.661943913,-0.403062373,3.337863684,17.89473534,3.94839716,-2.421519041
7.84968600000002,-13.00996208,17.63821983,-130.3746338,-2.593890667,0.067132965,-0.543901086,19.888731,0.116583236,-1.982952237
7.858018999999786,-12.9857769,17.67287636,-130.4138794,1.076640964,0.086450696,-3.042797804,5.703164101,3.94664216,-3.758723259
7.866352000000006,-12.99691582,17.69343185,-130.4133911,-1.598567367,-1.297783256,0.987356961,0.026894946,1.268852234,0.288032055
7.874685000000227,-13.04510307,17.65973663,-130.458252,1.17375505,-1.499541163,6.328642368,-2.774816036,-3.902739048,-6.23286581
7.883017999999993,-13.02519798,17.61299706,-130.416687,-2.447933435,-4.201534748,6.301992893,2.255487204,-7.652060032,3.044840813
7.891351000000213,-13.03873253,17.53431129,-130.4533539,1.278831959,0.440998942,1.858576298,1.084353089,-9.377000809,-6.535100937
7.899683999999979,-13.02198315,17.4236393,-130.3824921,-2.689558506,-1.703373909,-0.419092,0.835434139,-15.88952541,4.584283352
7.9080170000002,-13.05779648,17.37170982,-130.4223022,-0.230102554,0.904380977,-2.67734313,-1.493502021,-6.157571793,-6.166895866
7.916349999999966,-13.11483669,17.29030609,-130.3403168,-1.528297663,0.091696583,-2.613040447,-8.395503044,-12.76401234,6.61524868
7.924683000000186,-13.1927309,17.18541908,-130.3509674,0.127511859,-2.511623621,4.693947315,-7.592163563,-13.09809875,-4.376014233
7.933015999999952,-13.2042408,17.10905457,-130.2713165,-3.384007692,-0.586416721,6.62894249,-2.819283009,-12.12844658,6.480185986
7.941349000000173,-13.2145319,17.00917244,-130.2863159,0.217783019,0.529109538,1.565659881,0.672540247,-12.39864826,-4.735611439
7.949681999999939,-13.229846,16.91455841,-130.2106018,-0.57363081,-3.10414362,2.704323053,-3.10787797,-14.16254807,5.540245056
7.9580150000001595,-13.27472782,16.8116951,-130.2087097,-0.594708085,1.239176035,2.144644022,-4.072075367,-13.1879282,-2.936493635
7.966347999999925,-13.31902313,16.69360161,-130.1713257,-1.077534556,-0.651678145,0.63944459,-5.229223728,-15.90006447,0.595671892
7.974681000000146,-13.34031487,16.59756851,-130.1560516,-0.225136906,-1.977391481,0.137019441,-1.69982481,-12.73856258,-1.268071294
7.983013999999912,-13.36687183,16.43083,-130.1271515,-0.198560491,1.554196596,2.17140913,-2.791632175,-21.35560417,-1.706100702
7.9913470000001325,-13.3671217,16.33572197,-130.1199799,-4.375591278,-3.224770546,0.281459779,1.106919408,-12.4174366,-2.158447742
7.999679999999898,-13.36187744,16.20859909,-130.0949402,2.62040925,2.263780355,-0.773563325,1.16656208,-16.63106918,-1.040527225
8.008013000000119,-13.39352512,16.09065247,-130.0789948,-4.454823494,-1.148308754,5.490299225,-2.947456121,-15.31846809,-1.808570266
8.016345999999885,-13.37438583,16.00852585,-130.0524139,0.154813662,-1.546856284,3.80420208,2.795269251,-11.41936588,0.379077971
8.024679000000106,-13.36334515,15.88055897,-130.0393524,-0.238962457,0.37322399,1.431917429,2.276683092,-16.41173363,-2.407123804
8.033011999999871,-13.34958935,15.78463936,-129.99086,-1.598186255,0.452671587,2.124978065,1.443708181,-13.6157608,2.464999199
8.041345000000092,-13.32524872,15.65851498,-129.979126,-0.233735964,-2.487951517,1.941513062,3.918863297,-16.16156006,-2.493418217
8.049677999999858,-13.31390762,15.57560158,-129.9162445,-2.082616568,0.171558484,-0.419887245,0.709578454,-12.47861576,4.459964275
8.058011000000079,-13.27618504,15.47034454,-129.8993683,-0.176016435,2.409993649,0.06321723,5.364147186,-13.86214638,-1.330224395
8.066343999999845,-13.23085499,15.38745022,-129.8505554,-1.82918787,-3.383345604,0.582529604,5.262201786,-12.09985828,2.893550873
8.074677000000065,-13.14693832,15.2753458,-129.7896271,-0.931567252,1.350167394,1.01266098,9.518880844,-15.83336735,3.473739386
8.083009999999831,-13.09179688,15.21935368,-129.785965,-1.690140963,0.34706822,3.977491856,7.883101463,-7.767388344,-1.437086701
8.091343000000052,-13.01114464,15.10974312,-129.7066956,0.178493798,-2.579651356,4.696962833,8.570627213,-16.00906754,5.652319908
8.099675999999818,-12.94513607,15.03678131,-129.7337952,-2.578211784,-0.167847171,2.607405186,10.14631176,-8.949678421,-5.345908642
8.108009000000038,-12.88072777,14.94024658,-129.6700592,2.119475365,-0.653074026,-0.280087978,7.135780334,-14.06854439,4.292088032
8.116341999999804,-12.85003185,14.82177067,-129.7170105,-4.47144556,-1.191377878,2.640724897,6.509372711,-13.7708683,-8.797940254
8.124675000000025,-12.77887726,14.80831146,-129.6806641,0.093088448,0.378909111,1.697442055,8.799899101,-3.634442329,3.431872368
8.13300799999979,-12.73633385,14.71408367,-129.7463837,-1.638429046,-1.356900096,3.269494772,8.49274826,-10.47171593,-10.25881004
8.141341000000011,-12.65152073,14.70549774,-129.6819916,-1.240502596,-0.601121604,5.482417583,9.597205162,-3.770390034,6.743293762
8.149674000000232,-12.57149982,14.60324192,-129.7256012,-1.155760169,0.341027498,5.037457943,12.30804157,-11.99089909,-7.943412781
8.158006999999998,-12.39682579,14.55886936,-129.6425323,-1.058749557,0.711456418,5.931511402,19.83270073,-8.412819862,7.946973801
8.166340000000218,-12.20948029,14.38175201,-129.6418304,-1.820677519,0.170102388,5.319081306,23.84072685,-21.90507317,-4.768363953
8.174672999999984,-12.00225544,14.29639626,-129.5426941,3.120918036,2.023832083,6.311413765,23.29703331,-13.55809689,8.800748825
8.183006000000205,-11.79012966,14.15525436,-129.5360413,-4.2647686,-1.722669244,7.025895596,26.6401329,-17.85560799,-3.056818008
8.19133899999997,-11.53118324,13.93166542,-129.4405823,2.222111464,0.219427779,10.42073154,29.65143204,-29.65958786,5.193383694
8.199672000000191,-11.21296597,13.68710709,-129.3886719,-1.527793527,-1.258910656,11.95677853,38.08138657,-31.08731651,-0.180222109
8.208004999999957,-10.906744,13.29287338,-129.2553711,1.409689069,-0.77820003,5.185625553,34.39029694,-50.53688431,5.86680603
8.216338000000178,-10.54450512,13.02856731,-129.2098389,-5.429503918,0.601650596,6.808297157,43.60606766,-33.27632523,-0.996562898
8.224670999999944,-10.15960503,12.47830963,-129.0623169,7.549734116,0.828785896,21.07723045,43.67353439,-69.16191101,4.71393013
8.233004000000165,-9.78663826,12.12014103,-128.9722443,-9.235499382,-2.660435438,1.530860662,43.83710098,-45.28419495,2.633741856
8.24133699999993,-9.389801979,11.58270836,-128.8659515,6.014430046,0.618576467,23.43948555,46.36577606,-66.78978729,1.264351726
8.249670000000151,-8.954563141,10.99214554,-128.7273407,-7.650395393,-2.209414482,4.160376549,50.35432434,-73.68560791,4.485980511
8.258002999999917,-8.57952404,10.57581615,-128.6503448,2.963439226,0.726514399,16.31267929,44.67134857,-51.85255051,0.901355863
8.266336000000138,-8.138724327,9.867568016,-128.5074768,-4.105224133,-1.572557807,17.25736618,51.23581696,-87.66431427,4.017705441
8.274668999999903,-7.715076923,9.467250824,-128.4506378,-1.923822999,-2.009554625,7.225213051,51.0509491,-49.62739182,-0.248945862
8.283002000000124,-7.334218979,8.82843399,-128.3232422,-2.532856703,-0.598277688,18.83485794,44.65418625,-79.09863281,4.603090763
8.29133499999989,-6.969251633,8.321732521,-128.284668,-2.873077393,-2.187818289,11.00678349,44.45552444,-62.03321838,-3.244584799
8.29966800000011,-6.593274117,7.860796452,-128.1892395,-6.574604511,-3.503102779,17.73075294,44.88728714,-57.38789749,4.406053066
8.308000999999877,-6.226524353,7.310232162,-128.1408691,2.494724274,-0.187244341,15.11346054,44.58851624,-67.42910004,-1.832773089
8.316334000000097,-5.899263859,6.918093204,-128.0623474,-8.560729027,-0.940610766,9.423633575,39.48546982,-48.90530396,4.006349564
8.324666999999863,-5.582838535,6.58573103,-128.046875,1.091494083,-2.984923363,19.84971619,39.08026886,-41.01785278,-2.193378687
8.333000000000084,-5.247440815,6.113306999,-127.9624634,-5.540699005,-0.903310835,15.59212589,40.50992584,-58.51170349,4.349406242
8.34133299999985,-4.990332127,5.886109829,-127.9543076,-2.43186903,-1.459160328,8.594210625,32.10548401,-28.37052536,-1.679195046
8.34966600000007,-4.793961048,5.654835701,-127.8958664,-2.96615696,-1.762823224,18.62864113,24.23962402,-29.36958885,4.26323843
8.357998999999836,-4.613901138,5.389681816,-127.8969345,-2.454260349,-1.64891994,13.22315216,22.97336578,-32.83724976,-2.917836666
8.366332000000057,-4.442873955,5.305446625,-127.8416061,-6.899873734,-2.36587286,14.61689854,21.28592873,-11.72145176,5.470973015
8.374664999999823,-4.2571311,5.10945797,-127.849968,1.395225167,-2.755502224,21.17242813,23.7270298,-24.51665115,-2.90192914
8.382998000000043,-4.079199314,5.024833679,-127.7988358,-4.898952484,-1.614983082,8.664672852,22.19132614,-11.69415951,5.034749031
8.39133099999981,-3.99222374,5.061643124,-127.8065567,-2.953173399,0.395162135,7.819904327,11.87472153,3.332681179,-0.776982188
8.39966400000003,-3.956540346,5.069521427,-127.7908478,-2.860438585,-1.037362576,18.7049427,5.495700359,-0.308625907,1.617474794
8.407996999999796,-3.91962409,5.115607262,-127.773201,-4.512466431,-4.373034,14.06408215,5.616613388,4.245508671,2.099726915
8.416330000000016,-3.919403791,5.22855711,-127.7571564,-4.568237782,-3.20965147,11.91294861,1.233786702,12.27004051,2.517700672
8.424663000000237,-3.894345045,5.324632168,-127.7598343,-0.377273023,-2.360575199,24.5170536,4.393200397,10.37819767,0.297765523
8.432996000000003,-3.887046099,5.445523262,-127.7474594,-4.357048512,-1.049596429,11.54688835,2.117503643,13.25137329,2.137841225
8.441329000000223,-3.957517862,5.723405838,-127.7519531,-3.737968922,-3.724397421,8.505452156,-7.034687042,32.16907501,1.44618094
8.44966199999999,-4.050253391,5.931797504,-127.7616425,-2.033981323,-1.801421046,23.24292564,-9.629896164,23.9055233,0.269999802
8.45799500000021,-4.114765167,6.113371849,-127.7471466,-2.444505692,-0.602595747,14.97828102,-6.553366184,20.46918678,3.006471872
8.466327999999976,-4.227795601,6.413212299,-127.780899,-1.873755932,-0.801851749,8.44248867,-11.74225712,35.05680847,-1.718883634
8.474661000000197,-4.342760086,6.736519814,-127.762352,-4.30107975,-4.928784847,14.56324291,-12.67993355,37.38005066,4.828314781
8.482993999999962,-4.449679375,6.943472862,-127.8084564,0.404550076,1.651246786,20.4152317,-10.79164219,24.06165314,-3.894031286
8.491327000000183,-4.595859528,7.247485638,-127.7939453,-4.557189465,-1.653866649,8.116363525,-16.37986374,35.08684921,4.318425179
8.499659999999949,-4.816629887,7.640929222,-127.8517151,-4.778740883,-2.278854132,12.12507915,-24.21602249,46.49813843,-3.298340082
8.50799300000017,-4.99910593,7.949342251,-127.8681335,-2.580987453,-2.231984138,23.27124405,-20.24392128,35.90353012,0.849727988
8.516325999999935,-5.153814793,8.255174637,-127.9053345,0.451323509,-2.514289141,15.9738884,-16.55610275,35.8251915,-1.477162004
8.524659000000156,-5.339481354,8.626899719,-127.9144287,-4.743791103,-0.491543204,8.17045784,-20.74556351,43.37352371,2.717855215
8.532991999999922,-5.518458366,9.005365372,-127.9831543,-0.999655008,0.901574433,14.64560604,-18.8351326,44.86122894,-4.138422966
8.541325000000143,-5.717734814,9.423751831,-128.0107269,-4.153031349,-3.722595215,9.398210526,-22.00224876,49.14397049,1.34811902
8.549657999999908,-5.962144375,9.75508976,-128.0821228,-1.183784246,-1.078807831,18.24700737,-26.52327347,39.29187775,-4.682432175
8.55799100000013,-6.120485783,10.11031723,-128.1116638,-2.599569798,-2.54584527,21.96190262,-17.01056099,41.6170311,0.702087402
8.566323999999895,-6.268358231,10.46921539,-128.1960449,-3.047094345,-3.724846601,11.42033291,-14.55641556,42.76940536,-5.580352783
8.574657000000116,-6.388077736,10.91453075,-128.2432251,-3.662989855,1.71487689,15.06998253,-11.93908405,52.5870018,0.050498601
8.582989999999882,-6.539547443,11.30538559,-128.3209991,0.040931605,-0.069764718,11.11382103,-14.99879169,46.51444244,-4.14445591
8.591323000000102,-6.694161892,11.67056179,-128.3727112,-2.901486397,-2.940636873,16.25770187,-15.93987083,43.08454514,-1.29244554
8.599655999999868,-6.865938663,12.03333282,-128.4404449,-2.421612024,0.126048371,9.50199604,-17.56366348,43.04628372,-3.083088636
8.607989000000089,-7.028322697,12.37457466,-128.4850769,-1.76414001,-3.452979803,18.36642456,-16.97615623,40.14619827,-0.573746979
8.616321999999855,-7.13709116,12.79426193,-128.5650787,-4.12488842,-2.130975008,12.00791645,-9.580348015,50.01313782,-3.408814192
8.624655000000075,-7.292024612,13.08386803,-128.618515,-0.690886974,1.32849133,14.0419693,-15.78526592,34.11822891,-2.113445997
8.632987999999841,-7.449216366,13.49085903,-128.6963043,-3.24169898,-3.97960186,11.48797035,-15.33744144,48.48012161,-3.066581726
8.641321000000062,-7.615800858,13.74339104,-128.7635956,0.260937423,-0.868529201,17.61637306,-16.71021843,29.93697548,-4.134513378
8.649653999999828,-7.805009365,14.0916729,-128.8238831,-3.177461624,0.43789199,8.905235291,-19.58579254,41.2366066,-1.673470378
8.657987000000048,-7.93990469,14.31229782,-128.9086151,0.000900686,-2.762861252,20.42239571,-12.31937981,26.44165802,-6.445084572
8.666319999999814,-8.068486214,14.62789726,-128.9610443,-3.716023922,-2.288331747,6.398788929,-12.47747898,37.22874069,-1.079718351
8.674653000000035,-8.219134331,14.89082336,-129.0418243,-1.37911725,-0.482545197,14.76296139,-14.22782421,31.43657494,-5.147031307
8.6829859999998,-8.408315659,15.15907383,-129.0909576,-4.640226841,-3.060834408,11.57261753,-19.79578209,31.55299568,-1.304611444
8.691319000000021,-8.572285652,15.44933701,-129.1814728,-1.346512794,-1.184935212,16.73329735,-15.43026638,34.86920166,-5.535422325
8.699651999999787,-8.727442741,15.60160732,-129.2340088,-1.754934907,-3.378807545,15.65818024,-15.55312252,17.85606194,-3.579360247
8.707985000000008,-8.879090309,15.88015556,-129.3216095,-1.589994907,-1.404565692,11.63032722,-13.95735455,33.46196365,-5.238668442
8.716318000000228,-9.007169724,16.01104546,-129.3719025,-1.210796237,1.212447643,14.98936367,-12.33314228,15.29685211,-3.612491846
8.724650999999994,-9.182451248,16.1945591,-129.4408875,-1.17535305,-2.221139908,9.645396233,-17.36712837,21.87289238,-4.665328979
8.732984000000215,-9.375575066,16.36737633,-129.5063934,-3.897577763,-1.36304152,10.2407999,-19.59710312,20.56462097,-4.425374031
8.741316999999981,-9.54807663,16.44036293,-129.5379333,0.309393913,-0.888107419,19.09745789,-18.25167465,8.113030434,-2.463795662
8.749650000000202,-9.709792137,16.52029037,-129.5951691,-4.461509228,-3.056005239,10.81776047,-16.07855988,9.435723305,-5.212382793
8.757982999999967,-9.840993881,16.6339016,-129.6259918,-0.427271903,-0.887979448,14.00667,-13.31374454,12.92175674,-1.498228192
8.766316000000188,-9.964857101,16.67774391,-129.6708679,-2.495677471,0.481620789,12.65053272,-11.94043732,4.946558475,-4.498858929
8.774648999999954,-10.09417152,16.7183609,-129.6855469,0.33526063,-1.001763701,8.51324749,-13.62964439,3.985409498,-1.159325957
8.782982000000175,-10.24608135,16.74886703,-129.7275543,-6.198171139,-2.131145716,11.41490364,-15.39935875,3.334833384,-4.42783165
8.79131499999994,-10.34996986,16.75421143,-129.7317657,-0.182717532,-1.688137412,15.72971821,-10.95285416,-0.392999232,-0.690662265
8.799648000000161,-10.41086292,16.7638073,-129.7653046,-4.178348064,-1.612517715,15.6111536,-4.767142773,0.704327464,-3.902764559
8.807980999999927,-10.42760372,16.72202492,-129.7754822,-0.484350562,-0.761884034,13.45661259,-0.287519842,-5.827598095,-2.377513647
8.816314000000148,-10.45298195,16.69835854,-129.8016052,-2.069249392,-1.528834581,12.68101883,-0.764175117,-3.370910168,-3.789728403
8.824646999999914,-10.48263454,16.64524651,-129.8104858,-1.594596744,-1.228786945,10.93312836,-1.882146955,-7.188392639,-2.485516071
8.832980000000134,-10.52125549,16.56238174,-129.8330231,-3.076825857,0.330230504,13.71723366,-2.495466948,-10.40867805,-4.680924892
8.8413129999999,-10.51092911,16.42790031,-129.8237457,-1.743528605,-3.224373341,16.48254204,2.30323267,-17.18238068,-2.218462229
8.84964600000012,-10.46642017,16.30602074,-129.8476105,-2.386229992,-1.029047608,13.58866882,7.527512074,-15.00524235,-5.685758591
8.857978999999887,-10.42350769,16.19313622,-129.8379669,-1.577804327,0.588219762,11.9255085,6.195175648,-14.62296391,-1.684238791
8.866312000000107,-10.39161301,16.08237457,-129.8546753,-2.1072824,-0.639653027,10.94481277,5.763856888,-13.84864616,-4.617145538
8.874644999999873,-10.35968685,15.92121029,-129.8465881,-1.583114028,-1.818730593,12.78162575,4.924171925,-20.2895813,-2.887135267
8.882978000000094,-10.30408001,15.73767471,-129.8328094,-3.723735809,-2.843945265,15.06234837,7.584443569,-23.04621696,-2.707170248
8.89131099999986,-10.21096611,15.56299114,-129.8246918,-2.020876408,-2.156792402,15.59252548,12.29093266,-21.91798592,-3.131418705
8.89964400000008,-10.07076168,15.3865633,-129.8034058,-3.361436129,-0.683130503,12.86697197,17.52387428,-22.39792252,-1.625044942
8.907976999999846,-9.926197052,15.21583652,-129.7993317,-0.643647194,0.630189955,10.09413338,18.58187103,-21.34968376,-3.412791729
8.916310000000067,-9.782097816,15.03610134,-129.7591705,-3.746357203,-1.699747205,12.31169987,17.41529846,-23.17047691,0.570852041
8.924642999999833,-9.666603088,14.84796238,-129.7423096,-3.521093845,-2.05727005,11.37455177,14.69480896,-23.67512894,-2.209895372
8.932976000000053,-9.561136246,14.65961838,-129.7037506,-2.20194459,-1.711694717,13.53468895,12.83644199,-24.12462997,0.313941091
8.94130899999982,-9.415539742,14.4523716,-129.6723175,-2.529998779,-2.781591654,16.15185356,17.9041214,-26.25356293,-0.819374442
8.94964200000004,-9.256035805,14.23643494,-129.6450348,-2.201780319,-0.70757848,13.08780575,19.71036148,-27.20610809,-1.397334576
8.957974999999806,-9.130971909,14.07234859,-129.6246338,-2.19575119,-0.535340905,9.003948212,15.76833534,-20.90779877,-1.122762084
8.966308000000026,-9.029698372,13.88680553,-129.6062622,-1.97720015,-1.051845074,11.03261662,13.00024319,-23.44638634,-1.723096132
8.974640999999792,-8.931148529,13.71323586,-129.6105652,-4.555757046,-2.784540892,11.56121922,13.30588531,-21.58493423,-4.071321011
8.982974000000013,-8.825183868,13.58292198,-129.6158295,-3.134539843,-1.531547666,9.81224823,14.22103024,-16.44804764,-3.336140394
8.991307000000234,-8.688844681,13.37862682,-129.6514282,0.007917883,-2.339744091,15.9264307,18.73695374,-24.71973991,-8.160305023
8.99964,-8.574002266,13.21015167,-129.7058411,-3.510177612,-1.696502686,5.272014141,16.66373634,-20.15807152,-9.640397072
9.00797300000022,-8.511221886,13.14861965,-129.7866211,-3.555725813,-2.654541731,7.359083176,11.10288906,-6.990869045,-10.74980831
9.016305999999986,-8.46466732,12.9936285,-129.8717651,-1.843227506,-1.570712805,12.16822052,9.277901649,-18.04800224,-12.90999031
9.024639000000207,-8.41781044,13.02220917,-129.9454041,-4.712717533,-1.947141171,0.221156344,8.969274521,3.563107491,-8.338434219
9.032971999999972,-8.425553322,12.93359756,-130.0114288,-0.33376959,-2.435776949,15.13439083,2.209970713,-10.48271656,-9.517366409
9.041305000000193,-8.492518425,12.93210316,-130.0571289,-5.617203712,-2.59217,-3.474620104,-5.428182125,-0.513117194,-5.634889603
9.049637999999959,-8.531435966,13.11068058,-130.1095276,-2.9304111,-2.456600189,11.06588268,-1.874117494,20.97797585,-3.207979441
9.05797100000018,-8.640480995,13.04934978,-130.1223755,-2.290860891,-1.4549613,4.927036762,-11.3720808,-8.152397156,-2.906805992
9.066303999999946,-8.754956245,13.33053493,-130.151825,-1.800432324,-1.853907108,5.163488388,-11.55009937,32.75323868,1.378662229
9.074637000000166,-8.890835762,13.36262512,-130.1541748,-4.420213223,-2.707685709,3.399914026,-14.87590504,2.744936943,-0.001767382
9.082969999999932,-9.033278465,13.65315723,-130.2002258,-0.985792279,-1.456147671,5.882964134,-14.43522549,34.17205429,-0.199432671
9.091303000000153,-9.223590851,13.8387785,-130.2062836,-1.455442309,-1.993644595,7.150744438,-21.28658485,20.98235512,2.515166283
9.099635999999919,-9.425658226,14.25168896,-130.2911682,-4.506482124,-1.311635137,-1.074356556,-20.39658546,49.37453842,-2.045942068
9.10796900000014,-9.649328232,14.36508656,-130.2832947,0.36258021,-1.3147223,5.235982895,-25.70463371,12.15936661,2.837572336
9.116301999999905,-9.899888039,14.7473774,-130.3395844,-1.595168948,0.531928658,-1.705770373,-26.99155235,45.1991272,1.02699244
9.124635000000126,-10.21081829,15.01410294,-130.3513031,-1.90117085,-4.085103989,6.963459969,-35.57743073,30.64249229,3.926106215
9.132967999999892,-10.45491505,15.34078789,-130.3864441,0.072115466,-1.296301007,8.204997063,-26.80927849,38.17437363,2.708915472
9.141301000000112,-10.62790489,15.59318352,-130.4092865,-2.293231487,-1.612618446,4.026576519,-18.65282059,29.14922523,2.62273407
9.149633999999878,-10.80576515,15.81948662,-130.4386292,1.629354,0.988032281,-4.383128643,-19.01909828,26.20365334,1.396809578
9.157967000000099,-11.07330608,16.06998062,-130.4665985,-3.188316822,1.739318728,0.473680973,-29.80244064,29.00374603,2.215775728
9.166299999999865,-11.36279869,16.24313354,-130.517395,1.589152813,-1.10017097,5.84336853,-31.6649456,20.39949799,-2.021145105
9.174633000000085,-11.5917511,16.45228004,-130.5390625,-4.468039989,-2.416138411,4.4760499,-25.36842918,23.97930527,2.225623131
9.182965999999851,-11.7308588,16.55483246,-130.5977783,2.175397396,0.452538252,5.0236063,-13.31338596,12.29565525,-4.452165127
9.191299000000072,-11.84545803,16.65268135,-130.6011047,-2.651416302,-0.191284612,-1.943632364,-12.26227856,10.45789623,1.703820825
9.199631999999838,-11.94986153,16.71440315,-130.6584778,2.713285446,0.72821033,0.135414556,-9.177042961,7.493880272,-5.244028091
9.207965000000058,-12.04976654,16.72880936,-130.6472168,-2.041468859,0.783981085,2.313117743,-10.99841976,0.299878657,1.302957773
9.216297999999824,-12.13178253,16.7338028,-130.6831512,2.816936493,-1.305239677,4.83645153,-7.221395016,0.32841289,-4.233059883
9.224631000000045,-12.17562008,16.67799759,-130.6637878,-3.697735786,-0.780743837,3.590612173,-4.556567669,-8.126424789,0.43909207
9.23296399999981,-12.18097115,16.60918808,-130.6781006,2.823821068,-0.87275815,2.038556099,1.229675412,-8.846055984,-3.67144227
9.241297000000031,-12.14612961,16.48780823,-130.6477509,-3.745618105,1.206860423,0.252540827,4.519017696,-16.08529282,0.024666511
9.249629999999797,-12.10640049,16.35485268,-130.6505585,2.405524254,-1.049031138,0.202596262,6.236683846,-16.64573669,-3.98789382
9.257963000000018,-12.04480171,16.20582771,-130.5957642,-2.242085457,0.736559749,2.524718285,6.928384781,-19.93175125,2.10888505
9.266295999999784,-12.01002502,16.0322876,-130.586319,0.557104707,-2.131908417,4.560966015,5.23856163,-21.71770477,-3.596829414
9.274629000000004,-11.90671349,15.83406448,-130.5079803,-1.393776298,0.155029207,2.711477757,11.19295597,-26.25530243,3.592411995
9.282962000000225,-11.78900814,15.60997581,-130.4918823,-0.001555771,0.35990864,2.429877043,14.98345661,-27.82243729,-4.024102211
9.291294999999991,-11.63437462,15.39123917,-130.4152985,-2.397817373,-1.37203896,2.217347383,17.47346878,-28.61130333,3.022315741
9.299628000000212,-11.52139282,15.15581131,-130.3564148,2.084443331,-0.97396785,-0.013857462,13.06815052,-30.15814781,0.688447237
9.307960999999978,-11.38558769,14.90042877,-130.2864075,-4.065601826,0.288262099,2.130229473,15.49969006,-32.76911926,1.546012759
9.316294000000198,-11.25120831,14.68896103,-130.2283783,-0.046961002,-1.684670329,1.704470515,15.72812939,-27.32773972,1.299744368
9.324626999999964,-11.11275101,14.48091984,-130.1608734,-2.047130585,-0.717620432,1.31967926,15.95291805,-27.12566376,2.528639078
9.332960000000185,-10.98141384,14.21797466,-130.0781097,1.22172451,0.066026509,2.66631341,14.6797924,-33.93463898,3.074966908
9.34129299999995,-10.84117794,14.03558064,-130.0275726,-6.2003932,-2.422988176,1.761829495,16.72561836,-23.721138,1.311167955
9.349626000000171,-10.67948055,13.81607437,-129.936554,4.862710953,1.895621777,0.046981532,18.15048409,-28.97511101,5.176808834
9.357958999999937,-10.54946423,13.59353161,-129.8934326,-6.247454166,-1.342264295,3.023744583,15.75677872,-28.29686737,-0.301274925
9.366292000000158,-10.37723064,13.40111065,-129.7923279,1.670570612,-1.60614109,1.394326687,19.21707344,-25.97330856,7.087183952
9.374624999999924,-10.21327972,13.22258854,-129.7852325,-3.913188696,1.340134382,-0.050051596,20.85429382,-22.34336662,-3.334771395
9.382958000000144,-10.08012772,13.00895596,-129.6605072,1.790114641,-1.645196557,2.922224998,13.96132183,-28.92559624,9.511637688
9.39129099999991,-9.944596291,12.84997177,-129.6580658,-4.965817451,-2.641330004,3.220041037,17.57625771,-19.96000862,-3.358566284
9.39962400000013,-9.783672333,12.67699528,-129.5476227,0.768906236,1.959745884,2.754964352,17.76417732,-23.78807449,8.855462074
9.407956999999897,-9.688864708,12.52174473,-129.5408478,-1.012979865,-2.000556231,3.110840559,12.50009918,-19.68250084,-2.348570347
9.416290000000117,-9.540608406,12.33328342,-129.4257507,-2.369895697,-2.62674427,5.639868736,16.19985199,-25.67357826,9.199578285
9.424622999999883,-9.414819717,12.22016048,-129.4068909,0.78335768,2.142911911,0.578639627,15.99257565,-14.87634468,-0.375684142
9.432956000000104,-9.310626984,12.00252914,-129.3129883,-1.823546767,-2.913085222,2.433218479,11.52007771,-28.68333626,6.300199032
9.44128899999987,-9.198264122,11.86421967,-129.2525177,0.207000956,-0.83546865,1.883000731,13.28075695,-18.70435333,4.366306782
9.44962200000009,-9.081577301,11.65548134,-129.2009888,-2.249751568,0.984537601,-0.51717633,14.12265015,-26.81515312,1.675582051
9.457954999999856,-9.012460709,11.51957989,-129.1166382,0.524322033,-2.147218943,0.394819796,7.576797009,-18.83916283,7.207490444
9.466288000000077,-8.911800385,11.30144215,-129.08638,-4.518224239,-1.181946635,3.568269491,12.74245167,-27.53556633,-0.883755803
9.474620999999843,-8.820734978,11.24027538,-129.0026093,0.545366764,1.827700734,2.129995346,10.34276295,-9.896318436,8.295262337
9.482954000000063,-8.765690804,11.01491928,-128.9915924,-1.147263408,-4.139915943,4.991281986,7.731496811,-28.04599571,-3.175578356
9.49128699999983,-8.702349663,10.93022823,-128.8886566,-2.929790497,0.128189012,4.109131336,6.632794857,-13.01267433,10.12240219
9.49962000000005,-8.647390366,10.75748444,-128.9062347,0.3390522,-0.383347034,3.319314003,8.371926308,-21.30142021,-5.49615097
9.507952999999816,-8.636149406,10.68780613,-128.8119507,-2.009908915,-2.146510363,2.136005402,0.557314694,-11.11974525,9.749190331
9.516286000000036,-8.616906166,10.49382496,-128.807312,-0.655648589,-2.523293018,4.042322636,3.588428497,-24.21964455,-3.273360491
9.524618999999802,-8.612387657,10.4828949,-128.7491913,-1.660840631,2.369600296,-0.316997975,0.588461399,-3.511365652,6.600352764
9.532952000000023,-8.638889313,10.29219151,-128.7496338,0.09743467,-3.733590603,2.175841331,-1.790166974,-23.74021912,-3.806674004
9.541284999999789,-8.653718948,10.29742146,-128.7141113,-3.465676785,0.893107474,2.631474018,-1.227318883,-1.194199681,4.255319118
9.54961800000001,-8.674983025,10.17778301,-128.7370453,-0.132122546,-1.109907389,2.041739702,-0.682837248,-14.90650082,-5.163049221
9.55795100000023,-8.732218742,10.23480701,-128.7483826,-2.167107344,-0.854359865,3.42078042,-5.301442623,5.786231041,-0.319755346
9.566283999999996,-8.755587578,10.08408165,-128.7431335,-0.147881478,-2.853610516,10.26093388,-1.535996437,-19.09394455,-2.458929062
9.574617000000217,-8.756587982,10.22644329,-128.7802429,-4.614883423,2.627982855,5.293207645,2.02996707,16.4036541,-1.949089885
9.582949999999983,-8.732701302,10.11569595,-128.7483673,-0.1137501,-2.380302906,1.833443165,3.571956873,-14.83012009,1.376919031
9.591283000000203,-8.716063499,10.19587994,-128.7816467,-1.022351384,3.29570508,4.149540424,4.057551384,8.950281143,-2.607106686
9.599615999999969,-8.727054596,10.15434456,-128.7157898,-1.344108105,-1.226489425,10.26182556,-1.33489871,-7.228452682,6.609343052
9.60794900000019,-8.688857079,10.20198154,-128.7679291,-0.664959252,-2.146333218,10.83813763,7.105850697,5.479730129,-5.708708763
9.616281999999956,-8.566664696,10.05186367,-128.6448669,0.067527354,-0.818343759,11.94449615,13.4467144,-21.1138134,11.35103226
9.624615000000176,-8.462057114,10.09532642,-128.7404938,-3.121731281,1.017098784,5.254731178,15.96710205,5.717945576,-10.82771873
9.632947999999942,-8.282936096,9.88965416,-128.5589142,2.426975489,-1.4212358,13.2603941,19.09445381,-28.6658783,17.31533623
9.641281000000163,-8.156384468,9.779483795,-128.6464539,-3.11234498,2.850937366,6.447196484,18.41117668,-12.69449902,-12.70372009
9.649613999999929,-7.976147175,9.710245132,-128.4791718,1.347357512,-1.747217059,16.7233448,19.61207771,-12.12548065,18.10165787
9.65794700000015,-7.796721458,9.407920837,-128.5374603,-2.075359344,-1.693276644,10.08259296,24.06803894,-36.11657333,-12.13340855
9.666279999999915,-7.631803989,9.260296822,-128.3478851,-1.898538589,-1.27904892,10.98766041,17.48283386,-21.68976021,19.54424477
9.674613000000136,-7.38997364,8.990821838,-128.4135895,-1.493268967,-0.799260557,15.58576393,31.65434837,-32.16500854,-12.30469227
9.682945999999902,-7.099498749,8.696895599,-128.2238464,0.354278684,1.432415962,12.0852747,32.7381897,-38.94969559,17.54980659
9.691279000000122,-6.864707947,8.506020546,-128.2874146,-2.538880348,0.139983311,8.799842834,30.70224762,-22.93701363,-10.63284206
9.699611999999888,-6.618837357,8.172919273,-128.1480103,-1.877620459,-0.837376535,17.97158623,28.46004295,-42.76210403,11.42474365
9.707945000000109,-6.326583385,7.996126652,-128.1845245,-5.186831474,-2.494089842,12.10192585,37.05651093,-21.71800232,-6.986793995
9.716277999999875,-5.984058857,7.691260338,-128.0727386,-0.291498184,-0.184788913,20.66243362,40.65483093,-38.92215729,8.967824936
9.724611000000095,-5.640585899,7.484023571,-128.0657196,-4.720873356,-0.867167532,9.991235733,42.47249985,-25.95772743,-1.96712625
9.732943999999861,-5.365432262,7.328550816,-127.9746704,-1.101030231,-0.131801099,14.82710552,32.99149704,-20.73229408,8.673030853
9.741277000000082,-5.095601559,7.086429596,-127.9669571,-0.452974379,-2.466729879,18.43239784,33.62890244,-30.15267372,-1.97847271
9.749609999999848,-4.810697079,7.001514435,-127.904129,-7.16274786,-3.761238098,13.2600975,34.64525604,-11.92046928,6.252967834
9.757943000000068,-4.494008541,6.8339715,-127.886116,0.866950691,-0.49508357,24.65509796,39.10522079,-21.34472466,0.278376013
9.766275999999834,-4.189107895,6.688860893,-127.8236618,-6.384681702,-1.13847518,6.579579353,37.08787918,-19.04952812,5.782883167
9.774609000000055,-3.951521873,6.743055344,-127.8073196,1.55166924,-1.971470833,15.50479507,29.62397575,5.204624653,2.315003633
9.78294199999982,-3.778495789,6.577777386,-127.7829666,-3.250487328,-1.28059423,13.29955578,21.8045826,-21.10596657,1.236464024
9.791275000000041,-3.637096643,6.701996326,-127.7597961,-4.918776035,-2.875539303,9.967948914,18.00335693,13.55897808,3.535559893
9.799607999999807,-3.549174547,6.697444439,-127.7687836,-2.518289089,0.06132365,17.8931179,12.05784988,-1.600851178,-1.424215436
9.807941000000028,-3.481783152,6.799860001,-127.7466278,-3.546292782,-3.583569288,11.83003426,9.128722191,10.96756744,3.199948072
9.816273999999794,-3.471852541,6.9984622,-127.7624435,-7.211801052,-4.549449921,15.10124779,2.799778223,22.78125,-0.758847713
9.824607000000015,-3.45775795,7.147809029,-127.7416534,1.6309973,-1.840191245,20.61803055,2.751046658,16.59910583,3.326521873
9.832940000000235,-3.519905806,7.447130203,-127.763443,-7.667581081,-2.74951458,6.186849117,-5.746393204,34.88849258,-0.723385155
9.841273000000001,-3.63829422,7.804197311,-127.7671738,0.318971783,-0.164497614,17.87263298,-12.79025936,41.64690781,2.079712868
9.849606000000222,-3.819021463,8.106108665,-127.7516022,-5.019174576,-3.098432302,11.84889317,-20.56797791,34.91026688,3.881420612
9.857938999999988,-4.050251961,8.553548813,-127.7687988,-2.153603077,-1.880843282,12.05057335,-26.04650307,52.58455658,1.214464188
9.866272000000208,-4.294538975,8.959009171,-127.7698746,-3.147726536,0.194588438,19.19533157,-27.91619682,47.41327667,3.090442419
9.874604999999974,-4.510419846,9.25190258,-127.7783051,1.366357565,-3.708059788,16.23871422,-24.37450409,33.9787178,1.451048493
9.882938000000195,-4.701532364,9.67630291,-127.8029938,-5.957415104,-2.089738131,10.37974453,-21.06811142,49.87611771,0.85669595
9.89127099999996,-4.967078686,10.10498619,-127.8007126,-0.963129878,0.815733969,11.34616947,-30.53498268,50.10181808,4.315410137
9.899604000000181,-5.241541386,10.47345257,-127.8522797,-2.852252483,-3.136287451,20.16866493,-30.4519577,43.46081161,-2.450712204
9.907936999999947,-5.486867428,10.85085392,-127.8404846,-0.963753164,-0.766316056,17.9140873,-28.3085537,43.83042145,5.252135277
9.916270000000168,-5.690947056,11.28441811,-127.8856506,-3.653928518,-0.161243096,14.57609081,-22.07083702,51.1777153,-0.548517585
9.924602999999934,-5.842448711,11.71334267,-127.9176712,-2.734745026,-0.58501476,11.84848404,-16.04640961,50.45341492,1.158086419
9.932936000000154,-6.010603905,12.10728168,-127.975769,-3.652846575,-1.988589287,16.09943199,-17.35962677,46.60345078,-2.227060318
9.94126899999992,-6.122504711,12.52651501,-128.0114441,0.949594975,2.000762701,17.04584694,-11.12545204,49.34250259,0.80065155
9.94960200000014,-6.323925495,12.91361237,-128.0780487,-2.383670807,-1.16994524,7.820806026,-21.03088188,45.90206528,-3.035537004
9.957934999999907,-6.496581554,13.31190014,-128.1284943,-2.725819588,-1.261572242,16.56420898,-17.95483971,47.02797318,-0.878506303
9.966268000000127,-6.651847363,13.68784618,-128.1791229,-3.135661125,-2.898838043,18.01634216,-15.83401966,44.3715477,-1.026428342
9.974600999999893,-6.672935486,14.06575108,-128.2212982,-1.806059003,-2.321623325,19.73570633,0.061999369,44.4849968,0.058541447
9.982934000000114,-6.703079224,14.38707829,-128.2608185,-0.871129334,1.292041659,11.11353111,-1.071111798,37.71076584,-0.395996511
9.99126699999988,-6.736222744,14.72947216,-128.2784424,-0.963300884,-1.491333961,13.46085739,-2.061206102,39.92111206,2.439592838
9.9996000000001,-6.806168556,14.92841339,-128.3011627,-2.186841249,-2.133833647,13.60287189,-6.316422939,22.89520836,-0.124101058
10.007932999999866,-6.900718212,15.20208836,-128.302063,-3.122277021,-0.98466593,9.981819153,-9.954111099,31.48913002,3.545666218
10.016266000000087,-7.006114006,15.30499554,-128.2994537,1.470958829,-3.464607716,22.05227852,-11.35092449,11.09991837,1.475393057
10.024598999999853,-7.074271202,15.55436611,-128.3126831,-4.243699551,-0.550983369,13.14279842,-6.376668453,28.76720238,1.821109414
10.032932000000073,-7.11405468,15.64494991,-128.3343201,0.661048174,2.803469896,15.94965839,-2.696385145,9.973377228,-1.460959196
10.04126499999984,-7.20740509,15.80566597,-128.3690643,-2.573123455,-1.915866852,5.877950191,-8.707639694,18.51491356,-1.856802344
10.04959800000006,-7.28327179,15.91088676,-128.4036713,-1.424600005,-2.887807369,18.57712555,-6.592964649,11.91664219,-2.69199276
10.057930999999826,-7.349606514,15.91798496,-128.4002686,-3.195875168,-1.660140395,15.55337715,-6.693140507,-0.328131169,0.175124526
10.066264000000047,-7.396944523,16.01505661,-128.4508057,-1.614537001,-2.987392664,16.47545242,-2.633079529,11.17728424,-4.610268593
10.074596999999812,-7.374175549,15.94853306,-128.4434967,-2.237235069,-0.596616626,16.66595078,3.842173576,-9.151556015,-0.419791728
10.082930000000033,-7.408299923,15.9968977,-128.4733429,-0.517491758,0.639585376,5.525848389,-1.729729414,5.077446461,-2.990769863
10.091262999999799,-7.445042133,15.93355465,-128.4650269,-1.983693242,-1.037896752,15.35880661,-3.316928625,-8.775220871,-0.322265536
10.09959600000002,-7.523603916,15.83844185,-128.473175,-3.461136341,-3.069941759,14.87772369,-7.781990528,-12.31691647,-2.740544796
10.107928999999785,-7.592669964,15.76447964,-128.4920197,-2.052755356,-0.979253232,13.26737499,-6.312270164,-9.624294281,-3.587427616
10.116262000000006,-7.645168304,15.58869457,-128.4961548,-1.286716819,-2.42074585,17.7287941,-4.785893917,-21.96885109,-3.591603756
10.124595000000227,-7.703221321,15.48997307,-128.5096741,-2.039732695,-0.509476364,10.99287605,-5.158119678,-12.63627434,-3.451672792
10.132927999999993,-7.769922733,15.31484127,-128.5090942,-0.369137406,1.511276364,14.44181633,-6.643221855,-21.95710945,-3.084634304
10.141261000000213,-7.871012688,15.14028072,-128.5234222,-3.927556992,-2.096976995,12.38191986,-10.31873894,-21.63473129,-4.765902519
10.14959399999998,-7.946715832,15.00862217,-128.537735,-1.588907719,-2.185901165,13.54255581,-7.263058662,-16.52363205,-4.143628597
10.1579270000002,-7.962396622,14.79480267,-128.5321655,-3.42029047,-1.793409586,20.8625679,-0.67369318,-26.62267303,-3.234913588
10.166259999999966,-7.954122543,14.66811657,-128.5657501,-3.122681141,-1.105242014,11.05493641,3.397921324,-15.64110756,-6.283583641
10.174593000000186,-7.930864811,14.57365131,-128.5721741,-2.435447454,1.595244527,11.46422672,4.336220741,-12.23202705,-2.55158782
10.182925999999952,-7.924964428,14.43122196,-128.5977478,-1.589647293,-2.27888155,12.4538908,2.856999874,-17.6409626,-5.622864246
10.191259000000173,-7.940818787,14.36194134,-128.6202545,-5.646077633,-0.359063983,9.459881783,0.141672343,-8.973089218,-4.059689999
10.199591999999939,-7.916518688,14.19096756,-128.6350098,0.558100045,-1.149456024,20.81929207,4.733665466,-21.20732689,-4.853117943
10.20792500000016,-7.86425066,14.05862331,-128.662384,-5.31746006,-2.875952482,13.76909828,8.440494537,-16.39608574,-5.63987112
10.216257999999925,-7.778112888,14.0030098,-128.6685028,-0.347713739,0.467234135,13.35186291,11.89605904,-7.636245728,-1.935437441
10.224591000000146,-7.711432934,13.86036015,-128.6924744,-2.681725979,-0.086505532,12.11076832,10.05118275,-17.6917572,-5.351199627
10.232923999999912,-7.665954113,13.82409286,-128.6927643,-3.325978279,-2.480589151,9.718604088,6.847568035,-5.43213892,-0.936482131
10.241257000000132,-7.630318642,13.72076988,-128.7306519,-3.295245409,-2.228328705,13.68876934,6.741527081,-12.79116249,-6.393698692
10.249589999999898,-7.554836273,13.60551167,-128.7193146,-1.644534707,-3.402992249,16.87093163,10.11615372,-15.00892067,-0.837406397
10.257923000000119,-7.486248493,13.49757195,-128.7789154,-3.853853941,-1.312349081,12.42899036,11.26902485,-13.03649807,-8.873131752
10.266255999999885,-7.383853912,13.40284252,-128.7626495,-0.120210074,-0.883646667,16.70087242,13.21461678,-12.63912868,0.089701071
10.274589000000105,-7.333938599,13.2265873,-128.8191376,-2.885734558,-2.278119326,12.92945576,8.931611061,-21.22758865,-9.605689049
10.282921999999871,-7.308764458,13.14312744,-128.7964172,-1.976174355,-1.850640297,11.97056103,3.777971983,-11.39394283,1.033124685
10.291255000000092,-7.276626587,12.98175526,-128.8578033,-2.846885204,-0.753697634,17.05769157,6.875401497,-19.40295792,-9.830018044
10.299587999999858,-7.204676628,12.82971668,-128.8279266,-1.286780477,-1.948397279,12.64208412,9.213559151,-19.66195488,0.846845269
10.307921000000078,-7.18217802,12.70278549,-128.8808441,-4.63939476,-2.651437759,7.06278038,5.470959187,-15.43424511,-8.356032372
10.316253999999844,-7.172496796,12.56522274,-128.8430328,0.235601023,-1.481199265,15.16337204,1.550596476,-18.05307007,2.008194685
10.324587000000065,-7.21100378,12.37920189,-128.8881226,-6.302761078,-1.808635354,12.47325897,-2.096385002,-22.58883286,-8.304792404
10.332919999999831,-7.252732754,12.26705265,-128.8778534,0.051751658,-1.135667682,13.36960602,-3.890162468,-14.6260891,-0.821960926
10.341253000000052,-7.252803802,12.04994869,-128.9157257,-4.369568348,-2.323871851,19.40637589,2.31866622,-26.38088799,-8.020845413
10.349585999999817,-7.224304676,11.87970352,-128.9192657,-0.186711788,-0.141644597,12.95770741,4.887940407,-21.33703613,-3.307554245
10.357919000000038,-7.208641529,11.75041294,-128.9580078,-4.764523983,0.002596435,8.031458855,4.195126534,-15.92192745,-6.749878407
10.366251999999804,-7.21698904,11.5852232,-128.9605255,1.15521276,-0.889623821,13.15472603,0.438669533,-20.75177383,-3.105329752
10.374585000000025,-7.24040699,11.45415974,-128.9711609,-7.440862179,-3.265505075,11.96032906,-1.197670698,-16.54810333,-3.499161243
10.38291799999979,-7.245849133,11.33538342,-128.965744,0.654913127,-2.364831924,14.01896763,0.599911034,-15.34166241,-1.487610936
10.391251000000011,-7.221539497,11.19663429,-128.9778442,-5.837600231,-2.238115311,17.06576729,4.570989132,-17.43770027,-3.831109047
10.399584000000232,-7.19107914,11.04942989,-128.9766541,1.512157798,-1.043091774,11.45245266,5.007200718,-18.66498375,-2.39791584
10.407916999999998,-7.169037342,10.93044567,-128.9660797,-4.571045876,0.286459029,11.37848568,3.778023243,-15.42290878,-0.875200093
10.416250000000218,-7.183824062,10.77188301,-128.9661255,0.003562406,-1.876985312,9.007029533,-0.393921435,-20.00139236,-2.705017805
10.424582999999984,-7.207726955,10.77020836,-128.9889221,-7.232933998,-1.570541859,11.78419781,-1.020291805,-0.977925897,-2.863671541
10.432916000000205,-7.191224575,10.58524895,-129.0180664,1.482709527,-1.918485761,18.557724,4.008770466,-22.71189499,-6.513958931
10.44124899999997,-7.166479588,10.52778912,-129.0653534,-5.551404476,-1.395124912,2.381781578,5.351198196,-7.263877392,-6.584844112
10.449582000000191,-7.204691887,10.53093529,-129.1537323,-1.267843843,-1.380721211,7.865283966,-1.267610192,0.556443751,-10.62177658
10.457914999999957,-7.218984127,10.48060799,-129.2362366,-3.320804119,-0.114096716,11.07175922,1.439929843,-5.891440868,-10.61560249
10.466248000000178,-7.253923893,10.66304684,-129.3218842,-4.549265385,-1.024476647,3.794291019,-0.928055406,21.86932945,-7.586094856
10.474580999999944,-7.271281242,10.68401337,-129.3919525,-2.191301107,-1.796156764,11.464468,0.812470675,2.417509794,-8.043766022
10.482914000000164,-7.367486954,10.85332298,-129.4288177,-4.869991302,-2.176697969,3.476011515,-9.337659836,19.5834465,-2.043466091
10.49124699999993,-7.461931229,11.17567921,-129.5079346,-2.219355583,-0.939465106,10.15966225,-8.178034782,38.4350853,-4.4252882
10.499580000000151,-7.5815835,11.31747055,-129.4985657,-1.956634879,-3.054328203,7.55043745,-13.19702148,15.60157299,2.998031855
10.507912999999917,-7.67927742,11.76039124,-129.5817871,-5.43045187,-0.472093791,-0.870189667,-8.373750687,52.85919189,-2.873309612
10.516246000000137,-7.831876755,11.98561478,-129.5506134,-0.43370688,-1.111926436,9.249910355,-17.70219421,25.16461563,6.952235222
10.524578999999903,-8.048248291,12.56538582,-129.6555176,-4.5669837,-2.717359781,-0.372222662,-21.9318943,69.48239136,-2.824712753
10.532912000000124,-8.257036209,12.89694118,-129.6447601,0.116944239,-1.283465862,5.976900578,-23.96062088,38.08361053,6.567949772
10.54124499999989,-8.464844704,13.37496948,-129.751709,-2.251612663,-0.090942584,1.778463483,-20.66236496,57.44325638,-4.273556232
10.54957800000011,-8.730475426,13.76186657,-129.7764435,0.110042863,-1.760559678,3.095841646,-29.80821991,45.22304535,3.769502878
10.557910999999876,-9.045180321,14.21807671,-129.903244,-1.482848048,-1.194577456,1.11026299,-32.70785522,55.24829483,-6.450737
10.566244000000097,-9.293690681,14.59525871,-129.941452,1.858207464,-0.576154828,7.427864075,-27.30172729,44.2695694,2.507332087
10.574576999999863,-9.5044384,14.94769669,-130.0620575,-1.66140151,-1.075266242,1.50150156,-20.22547531,42.89520645,-7.222767353
10.582910000000084,-9.718679428,15.28616333,-130.0630798,2.020161152,1.139624596,-1.058833718,-24.29873657,38.94392014,6.344363689
10.59124299999985,-9.977353096,15.5882988,-130.1603088,-3.306622744,-0.276961058,2.542599916,-26.55681038,36.52957535,-5.200493813
10.59957600000007,-10.19658566,15.85527706,-130.13591,2.868269205,-0.14772597,5.111403942,-25.72776985,29.93456841,8.065511703
10.607908999999836,-10.37679768,16.08954048,-130.2160492,-4.203116894,-0.334177285,4.19481802,-17.59968567,28.18873787,-4.397660732
10.616242000000057,-10.50361824,16.21769714,-130.184906,4.409216404,0.194336161,0.508487165,-14.87910938,13.35235882,5.995667458
10.624574999999822,-10.60857868,16.35289574,-130.2397766,-4.499238968,0.607698262,1.836893916,-9.372969627,15.99096012,-3.560277224
10.632908000000043,-10.68294334,16.36722755,-130.2186584,4.48235321,1.062873721,1.870517969,-8.257389069,0.117582135,2.385210276
10.641240999999809,-10.71909142,16.43445969,-130.2503967,-4.513998508,0.1693867,2.657627821,-1.88510561,7.490308285,-2.412810087
10.64957400000003,-10.73776627,16.33801079,-130.2440796,4.047104359,0.041792687,3.595281839,-1.078743815,-12.62108421,-1.757725954
10.657906999999796,-10.72666454,16.31830215,-130.2407532,-3.105433464,-0.673382461,2.580144882,2.60062623,-3.517167807,-0.38754338
10.666240000000016,-10.70242977,16.12038422,-130.2443237,2.501126289,-0.135348067,5.178520203,4.407495022,-24.38342285,-5.139844894
10.674573000000237,-10.62722492,16.01886749,-130.1772919,-2.313948631,0.454258472,2.557969809,8.173235893,-14.51671886,5.021992207
10.682906000000003,-10.53458691,15.80659294,-130.2004395,-0.285001099,0.811181068,3.043622494,13.25787258,-25.67106438,-7.62800169
10.691239000000223,-10.37284851,15.6653614,-130.1096649,-0.336070031,1.208044887,-0.52067852,17.8296566,-19.68099022,6.915502071
10.69957199999999,-10.21804428,15.38026142,-130.1289825,1.082814097,-1.266541958,1.887822986,20.57206154,-34.37493896,-8.634186745
10.70790500000021,-9.975190163,15.13259029,-130.0252686,-1.146647096,2.057109833,2.940489054,27.25045586,-32.48897171,6.287472248
10.716237999999976,-9.749821663,14.84449959,-130.0375366,-1.504967928,-1.057967305,3.747815847,28.80496407,-34.93862534,-7.643916607
10.724571000000196,-9.483133316,14.63726616,-129.9459686,-1.625468016,-0.903016806,1.033811569,30.57706261,-27.40634918,6.003575802
10.732903999999962,-9.237843513,14.34144211,-129.9380646,0.654831469,1.637058973,3.925928116,30.57754135,-36.29944992,-5.190748215
10.741237000000183,-8.951146126,14.10022545,-129.8450317,-4.151941776,-2.124475002,3.348790169,33.03258896,-31.40447998,5.79428339
10.749569999999949,-8.647677422,13.88307381,-129.8314667,-0.153934717,-0.710055292,2.258609056,37.39581299,-27.10831261,-2.748053551
10.75790300000017,-8.360949516,13.66596794,-129.7611694,-1.990212798,2.007993937,1.247338533,33.77889633,-28.10111618,3.928628922
10.766235999999935,-8.071005821,13.42146683,-129.7200317,0.028986391,-4.020755768,6.168649197,35.02088165,-30.84797287,0.234690875
10.774569000000156,-7.755475998,13.27734184,-129.6831665,-4.721013546,1.907288909,-0.236609548,38.21276093,-18.83839035,1.558910489
10.782901999999922,-7.466549397,13.05815601,-129.6419525,3.093501568,-0.142457768,1.925990701,34.92668533,-27.83059502,0.968501508
10.791235000000142,-7.184001446,12.88779259,-129.6061096,-4.943833828,-3.825669765,4.443048954,34.31126785,-21.92606163,1.226872563
10.799567999999908,-6.874650955,12.7005043,-129.5552368,1.850719571,1.481334805,0.883542836,37.14619064,-24.15412331,2.83662796
10.807901000000129,-6.594560623,12.55560303,-129.5552673,-4.560426712,-0.622525334,0.538718045,34.99393082,-18.38975334,-2.364030838
10.816233999999895,-6.32254982,12.36913681,-129.4559174,3.754957914,-3.266754866,2.461464643,31.44935417,-24.66747856,8.727422714
10.824567000000116,-6.063419819,12.19904232,-129.472168,-5.540930271,1.711497188,1.699170828,32.88337326,-21.20317459,-4.416015625
10.832899999999881,-5.808285713,12.0573864,-129.3715515,1.143136859,-2.0715518,0.405788332,29.46005058,-19.25170708,9.661584854
10.841233000000102,-5.566707134,11.89221191,-129.3901215,-1.449171185,-1.559685469,1.750768304,30.75698471,-20.66633224,-4.13442421
10.849565999999868,-5.323652744,11.68336487,-129.279892,-0.131846413,1.562874794,4.737164974,27.8457756,-27.2970295,10.18870354
10.857899000000089,-5.109329224,11.56703758,-129.3143921,-3.429763317,-2.745399952,2.441090107,27.93283081,-14.65551472,-5.628104687
10.866231999999854,-4.868182182,11.36265278,-129.2226868,0.669376314,-0.863949478,3.425396919,28.13171959,-26.49505615,8.289365768
10.874565000000075,-4.722458363,11.23226833,-129.2456818,-0.403376937,0.924448609,4.419798851,19.33911705,-16.51992416,-4.008156776
10.882897999999841,-4.531180859,10.99462223,-129.174118,-2.379821301,-4.163842678,5.969408035,22.67767334,-30.22761726,5.776351452
10.891231000000062,-4.370753288,10.91412067,-129.1935425,0.142225981,1.240082145,-0.633618951,21.00094414,-10.60848713,-2.994856596
10.899563999999828,-4.250810146,10.66425037,-129.1538239,-1.369637132,-1.165207148,3.141620398,14.88212872,-31.37413979,2.092518568
10.907897000000048,-4.152135372,10.54860306,-129.141571,0.229469463,-2.031023026,4.574207783,12.88901043,-15.0951519,0.41292724
10.916229999999814,-4.017341137,10.33407211,-129.139267,-4.015535355,0.693696856,0.649518251,17.5052681,-26.82108498,-1.882737398
10.924563000000035,-3.949614048,10.27380085,-129.1260223,0.90315336,-1.040913701,0.72751075,9.16054821,-8.472908974,1.042960525
10.9328959999998,-3.878817081,10.04638195,-129.126358,-2.154766083,-3.214623451,5.868386269,9.883004189,-28.34553719,-2.222100496
10.941229000000021,-3.800410032,10.00096607,-129.1089935,-1.308888555,4.169448853,2.57959795,10.36426449,-6.728770256,1.707342625
10.949561999999787,-3.756515265,9.849661827,-129.1470642,-1.909952044,-5.214516163,2.010583401,7.435020447,-18.94351196,-6.008371353
10.957895000000008,-3.720814228,9.796899796,-129.111145,0.275341839,0.055056617,4.778895855,4.862017155,-7.749369621,3.856556177
10.966228000000228,-3.686362028,9.659304619,-129.1700592,-2.991013527,1.199241757,5.654754639,6.709164143,-17.15041351,-8.341162682
10.974560999999994,-3.66043973,9.707262039,-129.1593018,-1.136286616,-2.052540779,1.04370594,4.223850727,4.509962082,1.626952052
10.982894000000215,-3.669248104,9.56901741,-129.1941833,0.796880543,-3.422842741,5.024829865,1.023788214,-17.41368484,-5.499632835
10.99122699999998,-3.671475649,9.634189606,-129.1924438,-3.731479168,3.595546484,5.156349182,1.024787068,6.633407593,0.707068145
10.999560000000201,-3.681007147,9.593496323,-129.2379456,-1.275542974,-4.857184887,2.515067577,1.147453666,-5.649782658,-6.006486893
11.007892999999967,-3.702103853,9.736001015,-129.2331085,-1.15462625,1.278879046,4.1407547,-1.302381754,15.87756252,1.648391485
11.016226000000188,-3.751475573,9.716169357,-129.2689819,-2.720027447,-0.565245032,7.78875351,-3.818634272,-3.221258879,-4.709086895
11.024558999999954,-3.775293112,9.954037666,-129.2697144,-4.150089741,-1.217195153,3.370900154,-1.49113369,27.3427906,1.65382266
11.032892000000174,-3.799450636,10.0347662,-129.2915192,0.469926417,0.877685428,2.122303724,-1.066038728,8.714333534,-2.251030445
11.04122499999994,-3.864139795,10.28842926,-129.3210754,-1.403882265,-0.26059708,8.919610023,-5.737900257,29.47822571,-1.834723353
11.049558000000161,-3.888851404,10.47597313,-129.305603,-2.212408304,-4.660069466,8.329518318,-1.919416189,21.20749283,3.019484043
11.057890999999927,-3.923826694,10.69908905,-129.3599701,-0.768284917,2.640890121,5.053931236,-1.597342968,26.02382278,-4.966052055
11.066224000000147,-3.938583851,10.82510567,-129.3275757,0.655449033,-1.441060066,6.766599655,-1.116370797,13.70109367,4.527252197
11.074556999999913,-3.969249964,11.04809475,-129.4122772,-1.937236905,-0.268114924,6.985915184,-0.344691008,26.25900078,-8.555595398
11.082890000000134,-3.96600914,11.06908035,-129.3540802,2.959849119,2.436126709,7.615465641,0.430114239,0.916451633,6.689567089
11.0912229999999,-3.986667395,11.18421745,-129.4237061,-1.955058575,-3.332027912,14.13415241,0.547760546,13.22865295,-7.65772295
11.09955600000012,-3.919257402,11.13371563,-129.3590546,0.498120219,0.150530711,9.690275192,7.967616558,-7.69342947,6.855497837
11.107888999999886,-3.830709934,11.08177948,-129.3881073,0.642290533,1.346859336,11.13994312,12.71626568,-7.100075245,-4.323210239
11.116222000000107,-3.762035847,10.89341736,-129.3230743,-1.91587317,-1.522871614,13.1077261,8.13403511,-24.18365097,5.828240395
11.124554999999873,-3.695543051,10.87525463,-129.3328094,-0.663696945,-0.168222696,7.751719475,9.62836647,-3.198872328,-1.837757587
11.132888000000094,-3.56373167,10.51537323,-129.2608337,1.453341007,1.629859209,15.33477688,15.59610176,-44.76079559,5.414757252
11.14122099999986,-3.423044443,10.33731651,-129.2344208,-1.137266636,-1.973548055,13.3852272,17.73104477,-22.62460899,1.292303205
11.14955400000008,-3.241405249,9.951875687,-129.1748962,-0.721201956,0.809967339,13.13576889,21.92033386,-47.70661926,4.009432316
11.157886999999846,-3.079254627,9.675621986,-129.1543732,-1.808650017,-1.000831723,14.27548981,20.44008827,-34.3462944,0.174843028
11.166220000000067,-2.821636438,9.228098869,-129.1008606,-1.416729569,-0.102224648,14.13133907,31.24102592,-55.08116913,3.242031097
11.174552999999833,-2.603412151,8.974029541,-129.051178,-3.66119504,-0.495438576,9.675040245,26.6204319,-31.85318565,4.153662682
11.182886000000053,-2.339094162,8.484843254,-129.0351105,-0.748004615,0.201370701,20.39185333,32.80741119,-59.85401535,-0.947999656
11.191218999999819,-2.066649675,8.219384193,-128.9767609,-6.475385189,-2.250739813,7.69833374,33.04438019,-33.21659851,5.448887825
11.19955200000004,-1.783909202,7.817533016,-128.9442139,2.136250496,1.213681579,22.0431366,34.76519775,-49.44764328,1.921957374
11.207884999999806,-1.485392213,7.577691078,-128.879303,-6.99658823,-1.973430872,7.942775249,36.14138412,-30.11371422,6.693665504
11.216218000000026,-1.182974696,7.34122324,-128.8692322,-0.639648557,-1.77106607,21.06220055,37.51533508,-29.5196209,0.21460931
11.224550999999792,-0.89664048,7.057414532,-128.7655945,-4.389806271,-0.657647848,9.6509161,34.1724968,-35.39613342,11.46878624
11.232884000000013,-0.708853245,6.979124069,-128.7800446,-0.434271634,-0.033808023,14.3415432,24.12846947,-10.49145508,-2.174585581
11.241217000000233,-0.530263722,6.747443199,-128.6651764,-3.682180405,-3.431420565,15.75809669,21.13876534,-29.07243729,13.26122379
11.24955,-0.350216061,6.717050552,-128.6921387,-5.196752071,-2.787277222,14.19988537,23.36580276,-4.745615005,-3.562775135
11.25788300000022,-0.142640233,6.555939198,-128.5743713,0.907561302,0.869303465,19.99799347,24.64215088,-20.51806259,13.78436661
11.266215999999986,-0.002753519,6.494962215,-128.6042175,-3.842762709,-1.834744334,4.525553703,18.57450104,-8.43465519,-3.887614727
11.274549000000206,0.114632733,6.547235489,-128.5023804,-4.037249088,-3.869609118,16.27939034,14.07844543,5.160616398,11.86860275
11.282881999999972,0.232109383,6.469693661,-128.5167847,-1.669569373,0.338012516,20.78948784,15.67293453,-10.43334675,-2.012613773
11.291215000000193,0.294367552,6.539494514,-128.4114075,-3.733122587,-3.24810338,7.047562599,7.421687126,7.306218624,12.2606535
11.299547999999959,0.319554836,6.63582325,-128.4301453,-4.353995323,-3.093667984,18.95083427,4.660805225,10.42549324,-2.615443945
11.30788100000018,0.358548343,6.690237522,-128.3126373,1.979398251,0.752935052,20.66668892,4.414011955,5.483483315,13.80747128
11.316213999999945,0.38882491,6.852666378,-128.3353424,-7.319857597,-2.771536589,7.098003387,5.33522892,18.35069656,-3.155674934
11.324547000000166,0.402651578,7.00731945,-128.2335358,-1.816415787,-2.147084236,15.2048769,1.561047316,17.51487732,11.82421398
11.332879999999932,0.369573891,7.128613949,-128.2347717,-2.908231974,-0.413448662,17.8097744,-2.573129416,13.43196487,-0.563871801
11.341213000000153,0.262789756,7.355802059,-128.1533661,-2.384026289,-0.995293379,8.078393936,-12.66121674,26.18721962,9.323589325
11.349545999999918,0.104770966,7.646736622,-128.1339417,-5.389554501,-1.758452773,14.87498856,-17.88891602,33.79810715,1.879498124
11.357879000000139,-0.040249024,7.853933811,-128.1008453,1.28276217,-1.634334564,19.59309959,-16.55076408,23.73250008,3.700567484
11.366211999999905,-0.174270436,8.110370636,-128.0846252,-5.714161873,-3.384892941,14.25913525,-14.97382545,29.64775848,1.664158344
11.374545000000126,-0.346554935,8.433667183,-128.0595551,-0.867634416,-0.235126913,10.38486385,-19.7169342,37.65090942,2.910627127
11.382877999999891,-0.551475048,8.786182404,-128.0734863,-6.795837402,-4.50392437,14.24237251,-22.96152878,41.19217682,-1.640069842
11.391211000000112,-0.703062356,9.12227726,-128.0652008,0.193337947,0.157825515,23.88814735,-16.94878578,39.18508148,1.130882978
11.399543999999878,-0.879085362,9.452720642,-128.0576172,-3.024502039,0.035568453,11.62700653,-19.8906765,38.51659775,1.123775244
11.407877000000099,-1.021334648,9.827933311,-128.0776062,-2.459970474,-1.686543226,11.48726845,-15.26661396,43.92749786,-1.915320992
11.416209999999865,-1.139788389,10.22675419,-128.0574188,-5.203103542,-1.564089537,14.31215191,-13.25630379,46.68281174,2.966314077
11.424543000000085,-1.350714684,10.59745979,-128.0826721,0.734768629,-0.369891793,13.75246811,-23.35980988,43.40259171,-2.315057755
11.432875999999851,-1.553459167,10.99789429,-128.0651093,-2.85667181,-0.702543855,17.24407578,-23.34488297,46.86286926,2.968389988
11.441209000000072,-1.7662431,11.34296227,-128.1034698,-1.415101528,-0.797571182,14.13587952,-23.23986435,40.39027786,-3.629697561
11.449541999999838,-1.966430306,11.74721336,-128.0662231,-3.561629057,-1.867883205,13.4092617,-23.5374012,47.22026825,5.633455276
11.457875000000058,-2.153812408,12.14132977,-128.1321259,-2.850919247,-4.540630341,12.80081367,-19.45532227,46.40908051,-6.307071686
11.466207999999824,-2.319491386,12.49680519,-128.1104584,-2.804691076,-0.833874106,17.5296936,-19.05785751,41.40560913,3.883457661
11.474541000000045,-2.463874578,12.8928442,-128.1636047,-0.166050687,0.237459898,16.09361267,-14.50766563,46.61301422,-4.57183075
11.48287399999981,-2.671352863,13.22106457,-128.1470795,-1.665634871,-2.318668127,11.54783535,-23.96649933,38.13965988,3.372913837
11.491207000000031,-2.890303135,13.56029701,-128.2040253,-3.398083448,0.417920232,12.51683807,-23.27986145,39.85193253,-4.990674019
11.499539999999797,-3.119608164,13.84433556,-128.2027435,-1.481312394,-1.97025156,15.57743263,-26.17398262,32.90852356,1.613596678
11.507873000000018,-3.30770421,14.20356178,-128.2578125,-2.74915123,-2.664353371,16.04072189,-19.56204033,42.27054977,-4.30617094
11.516205999999784,-3.534228802,14.44148922,-128.2571259,-1.520983696,0.475426793,9.392660141,-25.82514954,27.37313461,1.462715507
11.524539000000004,-3.767926931,14.78505802,-128.3182678,-2.467564583,-1.339094281,13.72207642,-24.7807579,40.47184753,-4.791958332
11.532872000000225,-3.996504307,14.9620142,-128.3383942,-2.591183186,-2.737525463,14.31033134,-25.43258476,20.22237778,-1.209594965
11.54120499999999,-4.23500967,15.23628712,-128.3709259,-1.743873715,0.282717407,10.72467995,-26.19805908,31.97516632,-1.714196801
11.549538000000211,-4.441026211,15.36552715,-128.4012146,-0.797489464,-2.20715785,21.68259811,-22.38335609,14.60744762,-2.644965887
11.557870999999977,-4.614080906,15.56798172,-128.4351807,-3.41711998,-3.317922354,13.00630474,-18.27539825,23.40940475,-2.307959557
11.566204000000198,-4.772884369,15.69614029,-128.4500275,0.884030819,0.796609104,17.75999832,-17.19729996,14.34527016,-0.772807419
11.574536999999964,-5.007401943,15.80350399,-128.4910736,-2.428401232,-1.210106492,8.017011642,-25.39865875,12.12372589,-3.936910868
11.582870000000185,-5.244467258,15.9591608,-128.531311,-2.713210821,-1.2218889,12.63314819,-25.7493248,17.89751625,-3.275065184
11.59120299999995,-5.422014713,15.95703983,-128.5336456,-1.978057623,-1.976004004,20.33949471,-19.83081627,-1.342685699,-0.580303431
11.599536000000171,-5.605410576,16.11687088,-128.6025391,-3.739326715,-0.735373557,8.936894417,-18.32349968,18.74391937,-6.379319191
11.607868999999937,-5.779303074,16.15091133,-128.6089325,-1.964753628,-0.693762481,13.00499821,-19.27587128,3.015782833,-0.647579372
11.616202000000158,-5.996382236,16.2122364,-128.6835938,-1.83610642,-1.08998251,10.86432171,-22.17417908,7.079843044,-8.125301361
11.624534999999923,-6.195999622,16.29460335,-128.6803589,-2.929314137,-0.038278643,13.99066734,-22.66005325,8.678145409,1.09171772
11.632868000000144,-6.391586304,16.28535271,-128.7555084,-2.119508982,-1.547751784,17.88204765,-19.5620575,-1.27620399,-9.047078133
11.64120099999991,-6.549255848,16.29706764,-128.747879,-2.807301521,-3.614887953,12.6275301,-17.78017616,0.189353272,0.720080316
11.64953400000013,-6.653158665,16.31311607,-128.8042755,-1.283793449,-0.921965301,17.34037971,-9.189517975,1.538045406,-6.552122593
11.657866999999897,-6.695523739,16.28115654,-128.7911987,-1.310277224,2.936362982,14.71695518,-4.121906281,-5.087922096,0.739508569
11.666200000000117,-6.773772717,16.25160599,-128.8361969,-2.456334829,-0.835149109,8.055697441,-6.498523712,-4.036124229,-5.884346008
11.674532999999883,-6.868251324,16.23094177,-128.8315277,-3.780676603,-1.62619698,11.32519245,-10.0744381,-3.620905399,-0.134756505
11.682866000000104,-6.946498394,16.13364029,-128.8428802,-1.214305401,-1.371828556,18.18553352,-7.631174088,-12.55733109,-3.021071911
11.69119899999987,-7.00193882,16.03679657,-128.8588104,-1.589231491,-0.581789136,12.86569023,-4.740542412,-12.42524815,-3.505193472
11.69953200000009,-7.052745342,15.97731686,-128.8596039,-3.988610506,-2.23763299,7.342866898,-4.676584244,-8.172877312,-1.27470541
11.707864999999856,-7.106449127,15.87515259,-128.8899994,-1.575712681,-0.135923564,13.88944817,-4.064403534,-12.85646439,-5.313993454
11.716198000000077,-7.126511574,15.77958965,-128.8871613,-4.558034897,-2.319494009,17.0899334,-1.120264411,-12.54252434,-1.414136529
11.724530999999843,-7.161045074,15.65555382,-128.9324493,-1.648114681,-1.069576502,13.73601913,-1.286398292,-15.22018528,-7.337378502
11.732864000000063,-7.155290127,15.55823708,-128.9069824,-1.506279707,-2.191476107,15.21128178,1.248463511,-13.07710552,1.143342614
11.74119699999983,-7.136501312,15.38834095,-128.9311676,-2.393684864,-0.601281166,13.80767345,4.416536331,-20.98071861,-5.624901295
11.74953000000005,-7.123752594,15.27197838,-128.8918152,-3.479293346,-1.685687304,7.265375137,1.668818831,-15.51642799,2.468085527
11.757862999999816,-7.154806137,15.16899967,-128.9242096,-2.210306883,-1.063977361,6.821323395,-1.32770133,-12.91827202,-5.576053143
11.766196000000036,-7.194012165,15.07356167,-128.8977661,-3.124030828,-0.918192089,13.29780388,-4.152362347,-12.86837578,1.287781239
11.774528999999802,-7.266525745,14.99793148,-128.950882,-3.904688358,-1.736319423,11.56946468,-5.654996395,-9.330024719,-7.563743114
11.782862000000023,-7.299568176,14.86460209,-128.9345703,-0.847208619,-3.19449234,14.90050983,-3.089538336,-17.23167038,-0.47322309
11.791194999999789,-7.33348465,14.80325699,-128.9988861,-6.998775482,-1.436757088,3.581056833,-0.705211163,-7.452820778,-8.653026581
11.79952800000001,-7.38130188,14.75252724,-129.0283661,2.379611969,-0.256550163,14.50022793,-3.444705009,-6.70142746,-4.486205101
11.80786100000023,-7.426963329,14.62855816,-129.0823059,-5.082485676,-2.066521406,2.989274979,-2.45953083,-15.06855011,-8.445271492
11.816193999999996,-7.537755013,14.71615887,-129.1442413,-1.122341514,-1.438642383,8.421653748,-10.03264904,10.23747253,-6.08423996
11.824527000000217,-7.624126911,14.59113216,-129.2015228,-5.016600609,-0.995851755,12.20032215,-7.233807564,-15.09650993,-8.887334824
11.832859999999982,-7.772616863,14.72720432,-129.265152,-2.018487453,-2.526573896,0.582560897,-14.50832939,16.04847527,-5.452106953
11.841193000000203,-7.872950077,14.80968571,-129.3349609,-4.154880524,-0.580317557,7.073221684,-8.515107155,9.8051548,-6.993621826
11.849525999999969,-7.974425316,14.85169029,-129.3331757,-0.164766937,-0.588373303,8.078965187,-10.84310913,3.855967522,0.585157275
11.85785900000019,-8.116155624,15.06567478,-129.3988342,-7.727735043,-1.417054653,-1.727420211,-13.59581661,25.36972618,-4.264901161
11.866191999999955,-8.280235291,15.30718994,-129.4012604,2.163003206,-1.061587811,12.3415966,-18.23350906,27.60357666,3.534729004
11.874525000000176,-8.440005302,15.50201797,-129.4433594,-7.539570808,-1.326438427,-0.283244461,-16.43817711,22.7280674,-1.73587811
11.882857999999942,-8.587126732,15.89081097,-129.4784851,1.388167143,-1.546480417,10.55401707,-15.13461208,45.62154388,2.573480129
11.891191000000163,-8.708334923,16.17577362,-129.5298462,-5.93615675,-1.252661109,1.88674593,-11.45363522,33.58491135,-1.033292174
11.899523999999928,-8.891674995,16.52694511,-129.5802002,2.107262135,0.400204718,-1.959166765,-18.91989899,41.41009521,0.396893293
11.90785700000015,-9.083304405,16.88237762,-129.6576538,-4.409750462,-2.431078434,6.401536465,-18.93273735,42.40383911,-2.448943377
11.916189999999915,-9.214283943,17.26688004,-129.7256012,1.956027031,1.230233669,2.962907553,-11.93235016,45.67928314,-0.672874451
11.924523000000136,-9.377897263,17.59959602,-129.7898865,-6.695698738,-0.675871968,2.167673111,-15.9450016,39.4690094,-1.133137107
11.932855999999902,-9.520359039,17.89717865,-129.8447571,4.752810478,-0.773915887,4.709827423,-13.70774269,35.13391113,-0.645389795
11.941189000000122,-9.636556625,18.25975418,-129.8751526,-5.26213026,-0.740184546,5.920742035,-11.42295647,42.36327362,3.504597187
11.949521999999888,-9.682287216,18.52528954,-129.9378815,3.435130596,-0.506160855,3.471906185,-1.733431935,31.48980522,-2.016264439
11.957855000000109,-9.718185425,18.79335785,-129.925766,-3.801641941,1.382210851,-1.788782835,-3.382503271,30.35863113,6.462605
11.966187999999875,-9.799013138,18.9391098,-130.0008698,3.615779638,1.327174544,2.262809992,-5.398406029,17.56664467,-5.757030964
11.974521000000095,-9.86978054,19.11747742,-129.9742584,-2.033683777,-2.236679316,6.438667297,-8.153373718,19.45226669,6.307623386
11.982853999999861,-9.859867096,19.15709305,-130.0545349,1.070731521,-1.374681115,10.34595776,5.728406429,5.120913506,-8.475008965
11.991187000000082,-9.703909874,19.19152832,-129.97789,-1.207389355,0.183494166,2.931068897,17.08558273,1.479568243,8.94873333
11.999519999999848,-9.593446732,19.08892822,-130.0595093,1.734709263,2.079137325,-2.389817715,17.84818649,-11.70910454,-11.50636768
12.007853000000068,-9.515272141,19.04441833,-129.9683685,0.322660267,1.381288648,-0.786283791,7.194811344,-8.094164848,8.989779472
12.016185999999834,-9.493721962,18.898283,-130.0476532,-1.591970921,-1.741428137,8.428026199,7.060670376,-16.91901779,-12.08532715
12.024519000000055,-9.318651199,18.71017265,-129.9539337,0.039539129,-2.345894337,9.754016876,18.76625824,-25.13138771,6.491932869
12.03285199999982,-9.095667839,18.40269661,-129.9867706,-2.205081701,-1.464388847,3.414794207,29.39266014,-36.94783783,-9.912676811
12.041185000000041,-8.841170311,18.13985825,-129.9270325,2.493462563,2.157636881,-1.291188121,29.68220901,-33.32764435,1.49100709
12.049517999999807,-8.701444626,17.85834694,-129.9456482,-2.730321407,-0.898893893,0.741452873,18.83883476,-34.18527985,-7.573820114
12.057851000000028,-8.539274216,17.58852577,-129.9422302,-0.339017957,0.092632018,5.950267792,20.72235489,-33.17963791,-4.780507088
12.066183999999794,-8.351363182,17.24753189,-129.9152069,-3.691582918,-3.071058035,5.876634598,22.96238708,-42.03873825,-3.268651724
12.074517000000014,-8.104861259,16.91565895,-129.9347382,0.677647769,0.40464586,3.390446424,31.6500721,-40.21676254,-8.236519814
12.082850000000235,-7.840576649,16.56977654,-129.8712463,-2.769552946,-1.008449793,0.860545754,30.9017849,-43.24087143,1.148007274
12.091183000000001,-7.653459072,16.28665352,-129.9232483,1.24371779,1.112719059,2.721928596,25.60350418,-33.97016144,-10.82991982
12.099516000000222,-7.462851524,16.02458763,-129.8348694,-5.614554882,-3.868311167,3.18469429,21.30343819,-33.63774872,5.641825199
12.107848999999987,-7.291337967,15.75911427,-129.9121857,1.582717657,-0.046860445,5.805810452,24.50739098,-31.55919266,-13.25615501
12.116182000000208,-7.035382748,15.4442749,-129.7861786,-4.63819313,-2.181075096,4.443178177,28.04018402,-40.41663742,9.421872139
12.124514999999974,-6.822043896,15.15013695,-129.8642273,1.437844276,-1.604232907,2.725262642,29.45210075,-35.07188797,-13.54956055
12.132848000000195,-6.618065834,14.89881516,-129.7236328,-3.716268778,2.734000444,-1.517891049,21.48582649,-32.98260498,12.33518028
12.14118099999996,-6.518445492,14.63692856,-129.8141632,0.823256731,-2.121761084,3.076820135,16.10700607,-31.12883759,-14.35249138
12.149514000000181,-6.387626171,14.45339203,-129.6797485,-5.600535393,-1.078008294,3.007831335,13.02885723,-24.76286507,12.71979618
12.157846999999947,-6.308121204,14.27369213,-129.766922,0.247297645,-0.938158512,4.183158875,13.52422142,-21.42648888,-12.772789
12.166180000000168,-6.13506794,14.04630375,-129.6307831,-3.026881218,-3.765246153,5.176158428,18.15941238,-29.96089172,12.47150898
12.174512999999934,-5.997406006,13.88936901,-129.693161,-1.544061899,-1.157524228,2.139640331,19.70755577,-19.08160782,-9.537044525
12.182846000000154,-5.846106052,13.65327835,-129.5687561,-0.490583628,1.304403067,1.250478625,15.98225212,-30.79896545,11.18016624
12.19117899999992,-5.746635914,13.55465698,-129.6183014,-3.405203104,-2.085621119,1.942257643,14.72373486,-12.31134701,-7.263546944
12.19951200000014,-5.649333,13.4274559,-129.5069122,-1.077323914,0.430113822,1.526560664,9.940223694,-17.6013813,11.09768009
12.207844999999907,-5.591545582,13.32198238,-129.5374146,-0.755296707,-3.10189414,4.091135979,9.171396255,-13.37242508,-5.102202892
12.216178000000127,-5.507483006,13.19352531,-129.424469,-2.203569412,-0.089544415,3.672016382,8.373656273,-17.73921204,11.32577419
12.224510999999893,-5.44667387,13.09970665,-129.4490967,-1.075137734,-2.493335009,2.130266905,9.350887299,-12.05514908,-4.260890007
12.232844000000114,-5.389008522,13.02808094,-129.3566132,-2.534508228,-0.163670912,1.43975544,5.790419102,-10.70022011,9.629864693
12.24117699999988,-5.390501499,12.91236305,-129.3538971,2.556171417,-0.945450544,4.329287529,1.062747717,-15.01481152,-0.986199379
12.2495100000001,-5.380908489,12.83383942,-129.2743835,-5.973503113,-1.99407661,3.516088247,0.405998528,-11.37613106,8.056179047
12.257842999999866,-5.374071121,12.77000141,-129.2563477,3.287535429,-0.503281474,1.278296709,1.733584523,-8.947745323,1.06325984
12.266176000000087,-5.38991785,12.69501877,-129.2156982,-5.54055357,-0.975223303,2.789640427,-1.597367764,-10.52705383,3.572033405
12.274508999999853,-5.409623623,12.6144104,-129.1477661,4.489918232,-1.343476415,4.048719406,-2.840580702,-11.53956032,7.040022373
12.282842000000073,-5.409516811,12.55420303,-129.15448,-8.146877289,-0.004721935,0.896657467,1.568321347,-8.242277145,-1.78636241
12.29117499999984,-5.4453125,12.54209423,-129.0713501,5.900847912,-0.497751564,-0.024381971,-5.150408268,-3.524544954,9.569671631
12.29950800000006,-5.505773544,12.45252228,-129.1159058,-8.395090103,-2.688818932,5.751978397,-4.718976021,-11.32348061,-6.542428017
12.307840999999826,-5.506734371,12.47657967,-129.0321045,5.801189899,2.812277317,2.443480253,-0.891003966,0.803416133,9.731642723
12.316174000000046,-5.566806793,12.42930698,-129.1417084,-9.842187881,-3.86397028,2.234863758,-2.994189978,-5.528488636,-13.65004826
12.324506999999812,-5.594830513,12.46487331,-129.0211029,7.634456158,-1.1602211,6.78932476,-5.11105299,1.737208962,14.25662994
12.332840000000033,-5.626208782,12.43432713,-129.1481781,-10.64481735,1.680210233,7.873901367,0.903375864,-3.314636707,-15.50038242
12.341172999999799,-5.604680538,12.48304558,-129.0113678,6.225340366,-2.744876385,7.241067886,0.436927766,3.125526905,16.21058655
12.34950600000002,-5.583501339,12.4975853,-129.0935364,-11.388587,-0.106152803,-0.037526909,6.053924084,1.55260694,-9.731168747
12.357838999999785,-5.602732182,12.53611946,-128.9558868,10.23005199,3.037358761,5.981915474,-4.424450874,1.935143352,15.9094553
12.366172000000006,-5.634880066,12.589715,-129.021347,-12.12832355,-4.440122128,11.19095325,-0.77009213,6.028400898,-7.321369648
12.374505000000227,-5.520845413,12.42239857,-128.8435974,11.28489494,0.921237111,7.706552029,10.46274471,-23.13308144,18.44112587
12.382837999999992,-5.414081573,12.47540665,-128.9076691,-14.94690323,1.180460453,5.530461788,15.85027409,5.926264763,-7.188471317
12.391171000000213,-5.213283062,12.15468216,-128.7264252,15.26318359,-0.89558506,20.18989372,20.91265678,-41.38458252,17.01441765
12.399503999999979,-5.050476074,12.1193943,-128.7594147,-14.70638371,2.011063576,0.554545641,21.75069427,-4.992639065,-4.553328991
12.4078370000002,-4.831242085,11.87863064,-128.6264801,9.431797981,0.06079936,18.12120819,24.43135262,-31.22865295,12.52696705
12.416169999999966,-4.57019043,11.61685276,-128.6104431,-8.885861397,-1.421157956,14.8249712,32.31610107,-32.58435059,-1.01802671
12.424503000000186,-4.231757164,11.34212112,-128.5077362,5.496526241,2.263292313,10.55843544,39.59174347,-34.8992157,8.992079735
12.432835999999952,-3.933179379,11.07114506,-128.4681549,-7.892518997,-3.573726177,13.41502666,36.28794479,-33.89035797,2.01210475
12.441169000000173,-3.547002316,10.66164684,-128.4088135,3.391736031,0.472589105,13.11584949,46.40065765,-50.6067009,3.393234015
12.449501999999939,-3.198664427,10.43444157,-128.3643188,-8.979437828,-0.310298622,11.98711205,42.20533371,-28.65036964,3.314258814
12.45783500000016,-2.850813389,10.03338432,-128.310791,4.179718971,-1.14836216,16.2833252,41.99915314,-49.51151657,3.419052362
12.466167999999925,-2.492426634,9.76628685,-128.2583618,-10.03840637,-2.387407541,9.068538666,43.3067627,-33.43000793,4.375076294
12.474501000000146,-2.159261942,9.455928802,-128.2318878,3.175804853,-0.988644779,19.54522514,40.82587433,-38.46153641,1.359786749
12.482833999999912,-1.835336566,9.126638412,-128.1587677,-5.859604836,-1.157595992,11.89541721,38.83643723,-40.91576767,6.953413486
12.491167000000132,-1.553955197,8.942403793,-128.1525421,-1.359322786,-3.180110693,10.07650948,35.0152092,-23.24984741,-0.089598745
12.499499999999898,-1.262979031,8.696099281,-128.0932922,-4.988666058,-2.39563942,21.98587036,35.20814896,-30.84344101,5.978283882
12.507833000000119,-1.008378744,8.469650269,-128.0718842,-2.509671926,-1.025757313,10.37452221,31.5405941,-28.34871483,1.797789097
12.516165999999885,-0.846976697,8.42951107,-128.016861,-5.127480984,-1.858995914,7.511296272,19.77944565,-6.045306683,6.132049084
12.524499000000105,-0.776085258,8.339654922,-127.9971619,-1.386309981,-3.500460625,19.75765228,9.508850098,-11.94698048,2.146985531
12.532831999999871,-0.705277979,8.332880974,-127.9638443,-7.148895264,-3.540776968,12.34448051,9.297327042,-1.986012816,3.623774052
12.541165000000092,-0.699591398,8.479323387,-127.9736786,-3.213672161,-2.040624857,14.03115654,2.198675156,16.45405197,-0.98032105
12.549497999999858,-0.708509505,8.504101753,-127.9611206,-1.927465081,-3.507056952,15.04436493,0.088369116,1.831699491,1.203869104
12.557831000000078,-0.771305621,8.856186867,-128.0006409,-8.149864197,-3.22778821,8.433507919,-5.473078251,41.17144394,-4.156939983
12.566163999999844,-0.902324677,9.051016808,-128.0055237,0.258352757,-0.16224505,13.80359268,-14.25253773,22.26471329,-0.558262646
12.574497000000065,-1.154926419,9.484829903,-128.0448151,-6.655914783,-2.13365674,2.949846506,-28.20352554,50.99238586,-3.750383854
12.58282999999983,-1.428265095,9.864282608,-128.0360718,-0.7505216,-3.198192835,24.98877907,-31.59965897,44.37879944,1.738878131
12.591163000000051,-1.757854819,10.40975189,-128.0814972,-5.059683323,-3.350135088,1.992163897,-37.24393082,64.43045807,-3.570705652
12.599495999999817,-2.145046473,10.9398098,-128.0811768,-3.118228912,-3.222562075,12.87965965,-45.0921936,62.44819641,1.88350153
12.607829000000038,-2.569366932,11.52748299,-128.1024017,-3.005028486,-2.001485586,5.760085583,-49.07603455,69.41271973,0.359382808
12.616161999999804,-2.981617212,12.08541107,-128.1053467,-3.020487785,-1.55039382,13.39607906,-48.01953125,65.76950073,2.575142384
12.624495000000024,-3.47612977,12.69963264,-128.1140289,-0.400841862,-2.907872438,7.424641132,-57.77177429,72.4913559,3.060168505
12.63282799999979,-3.969945431,13.2289238,-128.1579437,-3.399095058,-0.267098308,9.147014618,-56.69843292,62.59363174,-1.32188201
12.641161000000011,-4.4795928,13.80103302,-128.1636047,0.973535299,-0.463278443,13.13124561,-59.62132263,67.37020874,4.201738834
12.649494000000232,-4.893898964,14.34162521,-128.2030182,-4.986116409,0.748428702,4.256458759,-47.18873978,63.90717697,0.408293188
12.657826999999997,-5.363276958,14.89118671,-128.2238922,2.900875568,-0.475715697,11.70536041,-54.33030701,64.7498703,3.323326826
12.666160000000218,-5.802889347,15.31101131,-128.2829285,-5.338945866,-3.192442894,10.73691559,-49.53001022,49.68417358,-2.227436304
12.674492999999984,-6.200107574,15.68686485,-128.2717133,4.093238831,0.331888735,16.26877403,-46.67305374,43.56666565,5.855921268
12.682826000000205,-6.501440048,15.85535908,-128.304657,-2.114187241,1.493324637,0.657993495,-33.70800018,19.39484215,-1.864859581
12.69115899999997,-6.779482365,16.12208176,-128.3157501,4.504249573,1.690903068,13.95981026,-31.65388107,30.78936195,2.301058769
12.699492000000191,-7.013062477,16.01109314,-128.3356476,-0.101423733,-1.326243281,11.42568779,-25.98958969,-14.0707922,-4.198982716
12.707824999999957,-7.216109276,15.9522686,-128.329483,2.361061096,1.265833735,4.192902088,-23.20344734,-8.227180481,-0.384328991
12.716158000000178,-7.300868034,15.59780979,-128.326767,1.465238094,0.978114367,15.4336071,-8.87989521,-43.35861206,-5.384518623
12.724490999999944,-7.28193903,15.27369118,-128.2845764,0.381874323,1.497234225,3.784243584,2.285202742,-40.33347702,-0.294909924
12.732824000000164,-7.234676361,14.73064995,-128.2640839,1.619573474,-1.079666376,16.39448166,6.41471386,-66.06747437,-6.196671963
12.74115699999993,-7.088385582,13.98515701,-128.1825104,2.031849861,1.76065588,12.0447855,16.52226639,-91.06052399,-2.05909276
12.74949000000015,-6.916042328,13.34804058,-128.1658173,-3.460016727,-0.652912438,5.771090508,21.58940125,-77.24625397,-7.706496716
12.757822999999917,-6.666329861,12.43946552,-128.0796051,5.305789948,0.684086382,17.62864494,28.97050667,-110.6088943,-2.870620251
12.766156000000137,-6.387666702,11.47250462,-128.022583,-3.37774992,-0.458590984,7.10060358,33.40236282,-117.1694412,-6.858018875
12.774488999999903,-6.095883369,10.49920082,-127.9547043,-0.524845779,-1.827227354,12.1273489,34.81506348,-118.103096,-4.885621548
12.782822000000124,-5.755764961,9.373384476,-127.8878784,-1.376646399,0.106675677,13.09176922,40.81119537,-136.3169098,-6.411139965
12.79115499999989,-5.408371925,8.339302063,-127.8105469,-2.872538805,-0.530610263,3.493211031,41.5943985,-125.5324554,-2.963395119
12.79948800000011,-5.033866882,7.214540005,-127.7516708,-0.158874616,-0.014471859,19.77941132,45.36496353,-136.1758423,-5.63130188
12.807820999999876,-4.623700142,6.064405441,-127.6832581,-2.839653492,-1.38447845,9.885246277,49.62163162,-139.3489075,-3.523049831
12.816154000000097,-4.271011829,5.020954609,-127.6286163,-3.28567934,-2.070394278,14.6822443,43.0700531,-126.4694672,-3.523831367
12.824486999999863,-3.90098834,3.854768038,-127.5992737,-2.946590662,-1.700109243,10.66223145,45.50171661,-140.9593964,-6.625404358
12.832820000000083,-3.538498402,2.873497248,-127.5727692,-2.883797646,-0.814376891,15.34085751,44.69260406,-118.8373871,-4.791390419
12.84115299999985,-3.195156813,1.841020346,-127.571022,-2.569722891,-1.942714334,9.003312111,42.56700897,-124.8183212,-7.193164349
12.84948600000007,-2.90985775,0.922339916,-127.5950928,-4.964801311,-1.673605919,9.964049339,35.68605423,-111.0568924,-9.071992874
12.857818999999836,-2.709880114,0.062648967,-127.6158829,-1.480310202,-3.289213896,15.6479044,25.40246773,-104.0432281,-7.677278519
12.866152000000056,-2.527237415,-0.729413629,-127.6614532,-7.263093948,-3.268653631,6.479298115,23.26569939,-95.82324219,-10.12736607
12.874484999999822,-2.391504765,-1.449730396,-127.6953049,-1.497666597,-0.117662281,8.126926422,17.60344124,-87.31102753,-7.912471294
12.882818000000043,-2.318720818,-2.070195436,-127.7538147,-3.884850264,-2.09586215,9.376454353,9.897569656,-75.22845459,-10.39363003
12.891150999999809,-2.249332666,-2.62880373,-127.7796326,-3.887375116,-3.386421442,15.49472237,9.600587845,-67.99378967,-5.902171135
12.89948400000003,-2.231305122,-3.11070919,-127.8379211,-6.027597904,-2.376502991,12.5359993,3.193746805,-58.63449097,-9.560787201
12.907816999999795,-2.299449921,-3.394068956,-127.8440018,-5.896783829,-1.720130682,2.115169048,-6.819234848,-35.08598709,-2.243630409
12.916150000000016,-2.414355278,-3.611892462,-127.8898544,-0.620766103,0.197751805,10.18444729,-12.74681854,-27.01255035,-6.884970665
12.924483000000237,-2.568748951,-3.841496944,-127.8774567,-4.447166443,-2.784553766,16.83218002,-17.03108788,-28.73590469,0.058989637
12.932816000000003,-2.728132963,-3.890491962,-127.915062,-6.47482729,-4.029563427,7.843809128,-18.05094528,-6.786391258,-5.087859154
12.941149000000223,-2.901758909,-3.800511599,-127.8722382,-3.8851614,0.520782769,5.240663528,-19.09466362,9.387159348,5.397945881
12.949481999999989,-3.090163231,-3.707859278,-127.8928604,-3.09480238,-2.065755367,14.62353992,-21.39229012,10.10950851,-2.205655813
12.95781500000021,-3.288463593,-3.61375761,-127.8561325,-1.179355025,0.225039393,6.528636456,-22.1180706,9.880363464,4.725009441
12.966147999999976,-3.464334488,-3.380433798,-127.8559494,-2.7817204,0.86962527,4.439163685,-19.7244873,26.82655144,1.350281
12.974481000000196,-3.629911423,-3.223213673,-127.8336716,-1.767087698,-1.493300319,17.41145897,-18.3152256,17.51225853,3.557614565
12.982813999999962,-3.769365788,-2.974121332,-127.8355026,-3.600925922,-0.551162362,9.185423851,-15.36718464,28.7212677,1.390136957
12.991147000000183,-3.864919901,-2.721732855,-127.8410873,-1.474646091,1.358197331,5.189587116,-10.10045719,29.10996246,1.02574861
12.999479999999949,-3.94934988,-2.488396883,-127.8184509,0.70193851,-0.221668363,11.67439556,-8.630145073,26.62859726,4.297507286
13.00781300000017,-4.017655373,-2.263700008,-127.8384094,-4.240608692,-1.310053587,8.640979767,-6.899980068,25.90540886,-0.839314997
13.016145999999935,-4.000935555,-2.006201506,-127.8160629,3.597427845,2.741477013,9.174706459,3.486227512,29.51420403,4.514742851
13.024479000000156,-3.984328985,-1.891994834,-127.8116226,-4.011553764,-2.586013794,9.628343582,3.406181574,12.48215199,1.104409218
13.032811999999922,-3.940051556,-1.694851756,-127.8089218,1.196164846,1.831567168,4.566744328,6.70306921,22.45575333,1.637723684
13.041145000000142,-3.822316885,-1.626598001,-127.8033218,-2.597282887,0.618261039,11.85126781,15.54330826,6.961309433,0.949647963
13.049477999999908,-3.699452877,-1.497148871,-127.7802048,1.560572624,-1.982047677,13.62214661,16.19988251,14.19715595,3.465453863
13.057811000000129,-3.515982866,-1.534733295,-127.7882538,-1.964088082,1.620103121,3.817070484,23.38134003,-5.599658966,-1.62932229
13.066143999999895,-3.327465534,-1.448568106,-127.7489471,0.608257651,-1.127375245,10.95810509,24.12576675,8.918151855,5.002450466
13.074477000000115,-3.1229918,-1.624020696,-127.7492218,-1.790349126,-0.829506993,11.9708519,25.9265728,-22.18203735,-1.507156014
13.082809999999881,-2.909487247,-1.604360223,-127.7262344,-0.188909128,1.134210825,2.054536819,27.08043671,1.087914109,2.556840181
13.091143000000102,-2.661576986,-1.724624634,-127.7093506,-3.012233496,-2.372029305,15.86506462,31.20045853,-15.67341423,0.995946527
13.099475999999868,-2.422572613,-1.853386998,-127.7051849,0.085597515,-0.092630029,8.564526558,30.07671738,-16.58141899,-0.507111132
13.107809000000088,-2.196185112,-1.957352042,-127.6726456,-1.839746833,0.357085824,5.315376759,28.69307899,-13.79074192,3.177384615
13.116141999999854,-1.966781378,-2.087418795,-127.6674957,0.16489853,-2.614373207,16.22441483,28.93145943,-16.74356651,-0.271856964
13.124475000000075,-1.745185614,-2.258766413,-127.6403809,-5.144096375,-1.348634601,3.441935301,28.10713577,-21.82317543,2.34318018
13.13280799999984,-1.531566858,-2.303582191,-127.6595688,1.054539323,1.535123467,8.463388443,26.92374229,-6.432379246,-2.775124788
13.141141000000061,-1.330191135,-2.526823759,-127.6129074,-1.983743429,-3.186665297,15.24849987,25.79712677,-28.09033394,4.744761467
13.149473999999827,-1.12046659,-2.562830448,-127.6633301,-3.147293568,-0.167391866,7.355054379,26.27987289,-5.314136982,-6.454432011
13.157807000000048,-0.939124763,-2.663926363,-127.6135788,-3.150317907,-2.274297714,9.485613823,23.42926407,-13.4046278,5.574519157
13.166139999999814,-0.805991173,-2.702954531,-127.650528,0.683490217,-0.86078161,15.8325901,17.14914322,-5.737679005,-4.821483612
13.174473000000035,-0.71127665,-2.755790949,-127.6280975,-5.053604126,-2.976261139,7.518127441,12.89090443,-7.548964024,2.38801527
13.1828059999998,-0.602874875,-2.686118841,-127.6604309,0.033422451,-0.872891605,0.524840295,14.20403385,7.282501221,-4.101531982
13.191139000000021,-0.591933966,-2.737668753,-127.6540756,-3.487790346,-1.944954276,7.760399818,2.749355555,-7.3681283,0.543149948
13.199471999999787,-0.613344669,-2.668329716,-127.7156982,-0.108645238,-0.585210502,9.642671585,-1.538378239,7.27534008,-7.620350838
13.207805000000008,-0.590914369,-2.541063786,-127.698082,-5.021318913,-1.362587214,15.36628628,4.19389677,14.07036495,2.084026098
13.216138000000228,-0.597570181,-2.497392416,-127.7555771,0.914906323,-2.712062359,12.23659611,0.276902705,4.189784527,-7.158461571
13.224470999999994,-0.69997865,-2.29238224,-127.7205887,-7.461417675,-1.11152935,-1.9585675,-10.71347904,23.37405205,4.215362549
13.232804000000215,-0.809109688,-2.013320923,-127.781929,1.51526165,-1.514512658,13.68210316,-11.99317551,32.45957184,-7.233942032
13.24113699999998,-0.938344002,-1.914355397,-127.7752991,-2.549541235,-1.693119168,10.81720829,-14.08160782,10.67756462,0.813751578
13.249470000000201,-1.046184301,-1.65481317,-127.8105164,-1.354384542,0.074231073,0.863516212,-11.6926899,30.09260178,-4.00541687
13.257802999999967,-1.186000943,-1.440049052,-127.801445,-2.837337255,-1.316004276,18.30611229,-15.34958458,24.56355858,1.343288302
13.266136000000188,-1.349640608,-1.198857427,-127.8138504,-0.897202551,-1.592020154,12.22775936,-18.29289818,27.84605598,-1.169969797
13.274468999999954,-1.495747089,-0.838851452,-127.8129883,-5.385436058,-1.112597823,-0.599390745,-16.12543106,42.00039673,0.904645145
13.282802000000174,-1.634090066,-0.650765359,-127.8192215,4.46000576,-0.418546677,11.20264339,-15.23226929,21.46023178,-0.451182187
13.29113499999994,-1.816033959,-0.403806925,-127.8061752,-7.464593887,-0.88956815,5.33221674,-20.41732216,28.38854408,2.192401648
13.29946800000016,-1.965699911,-0.081804663,-127.8157883,4.257048607,0.113508292,12.04188633,-16.58702469,37.53503036,-0.196346238
13.307800999999927,-2.087346077,0.015151602,-127.8017883,-2.762331963,-1.096894264,11.61782551,-13.19924641,10.3766737,1.845442057
13.316134000000147,-2.224148035,0.235577226,-127.7901535,-1.040968776,-1.615704417,0.551593244,-15.04017735,25.25850868,2.070617437
13.324466999999913,-2.314893723,0.452637494,-127.8087845,-2.878559351,2.621886253,16.54406357,-9.47178936,24.92595673,-1.491671443
13.332800000000134,-2.407318354,0.496426165,-127.7743301,3.855333328,-3.364608288,10.17444324,-9.746204376,3.957989216,4.024457932
13.3411329999999,-2.486893415,0.713507056,-127.8057785,-7.764303207,0.772927284,2.372232199,-8.11068821,25.00340271,-2.984841585
13.34946600000012,-2.562244177,0.797074795,-127.7759857,4.318165779,-0.079580083,14.45177174,-7.710652828,8.737976074,3.693149805
13.357798999999886,-2.625812769,0.86932373,-127.7940292,-2.416425467,-0.445679396,12.96621132,-6.195968628,7.57418108,-2.130143881
13.366132000000107,-2.689522266,0.930910408,-127.7592926,-0.931788504,-2.039628506,3.054446459,-6.331134796,6.066654682,4.186518669
13.374464999999873,-2.705605507,1.049833655,-127.8075256,-5.222039223,1.278556347,7.990004539,-0.429166526,13.34200764,-5.426299572
13.382798000000093,-2.706935406,1.042592645,-127.7590179,4.026797771,-0.700484514,13.39383793,1.113655686,-2.265335798,5.451631546
13.39113099999986,-2.712530613,1.132759929,-127.8114319,-5.483674526,-0.333661854,8.506110191,0.848446012,9.915220261,-6.06597662
13.39946400000008,-2.701752663,1.138124943,-127.7709427,-0.418756634,-1.666462302,7.820590019,2.577240467,-0.70948875,4.563239574
13.407796999999846,-2.689185143,1.273906231,-127.8246536,-2.939756632,0.959556699,11.15365124,3.04172945,15.38613033,-5.908641338
13.416130000000067,-2.655062437,1.280624151,-127.7584152,1.588597775,-0.774061978,12.81427479,5.297703266,-0.687460601,7.655084133
13.424462999999832,-2.600614309,1.351966739,-127.8269119,-4.344110489,-1.326776743,7.605723858,8.11947155,7.738690853,-8.10165596
13.432796000000053,-2.556920767,1.351131916,-127.7573395,-0.957918704,-0.774816632,6.054294586,6.426484585,-1.597752094,8.015822411
13.441128999999819,-2.535298586,1.555154204,-127.8353271,-3.909328222,0.806416929,10.57216358,4.230909824,23.68239403,-8.522410393
13.44946200000004,-2.477823496,1.58712697,-127.7904892,-1.049116254,-2.867815256,12.46527481,8.13065052,2.474617004,5.219566822
13.457794999999805,-2.429958105,1.716341853,-127.8447266,-1.61815536,-0.633893907,9.749962807,7.332242966,14.574543,-6.102977753
13.466128000000026,-2.437590599,1.829286098,-127.8115387,-3.393327236,-1.972079396,7.6790452,0.340618163,12.25090599,4.230934143
13.474460999999792,-2.416382074,2.073585272,-127.8699951,-1.427767396,-1.220634699,7.507073879,4.180963516,28.39452362,-6.092337132
13.482794000000013,-2.424812078,2.162942171,-127.8374176,-2.745308876,-0.5334723,9.82549572,0.223176852,9.427294731,4.038775921
13.491127000000233,-2.50037241,2.366044521,-127.892128,1.008123159,-1.536616683,9.631575584,-7.405770779,23.43482208,-5.808568478
13.49946,-2.525671005,2.510715008,-127.885376,-4.861113548,-1.216860175,5.43216753,-1.690309048,16.1870079,1.249014258
13.50779300000022,-2.524495363,2.72551918,-127.9210434,0.683455288,1.101480365,8.147336006,1.740295887,24.74227333,-3.436253548
13.516125999999986,-2.583936453,2.893166065,-127.9134598,-4.217535019,-2.354415417,13.94402695,-5.797707081,18.93529129,1.483231068
13.524459000000206,-2.627355576,3.105568171,-127.9617615,0.067957133,-1.544856429,11.18088245,-3.509139299,24.52997208,-4.919382572
13.532791999999972,-2.653995037,3.3060534,-127.9403076,-3.533950329,0.738960385,5.738648891,-1.959759116,22.79230118,3.357695103
13.541125000000193,-2.718541145,3.52677989,-127.9644547,0.866381824,-1.431029797,12.96597004,-6.177875519,25.39293098,-1.820046306
13.549457999999959,-2.802445412,3.747999668,-127.96698,-4.649924755,-2.580586195,10.32118511,-8.670295715,25.40791512,0.655532718
13.55779100000018,-2.868334055,3.964578629,-127.9848633,-1.612624764,-0.733763814,4.215074062,-6.366896152,24.859272,-1.082547903
13.566123999999945,-2.942116499,4.194367886,-127.9892349,0.798052967,1.191241026,7.055902958,-7.436201096,26.4436779,0.555252969
13.574457000000166,-3.020511389,4.389613152,-128.0020752,-2.70505619,-2.802658558,8.39205265,-7.891339302,22.27452087,-0.577498794
13.582789999999932,-3.093005896,4.568943977,-128.0045471,-1.938938498,-0.437306255,9.834630013,-7.296960831,20.38295746,0.532302499
13.591123000000152,-3.179197788,4.80965519,-128.0358582,-1.885485768,-0.588762283,10.00436783,-8.635884285,27.84351349,-2.418126345
13.599455999999918,-3.221781731,5.021146297,-128.041748,0.843327999,-0.154265061,10.18326187,-3.669637918,24.2562561,0.393819064
13.607789000000139,-3.26919961,5.124552727,-128.0515442,-3.153430462,-0.327569693,9.16564846,-4.184316635,11.25593376,-0.77500993
13.616121999999905,-3.364318848,5.368093967,-128.072464,-0.569784522,-2.376970053,8.996569633,-9.805187225,28.19886971,-1.124824405
13.624455000000125,-3.382948399,5.547983646,-128.1103973,-4.708658218,0.518064797,6.096048355,-0.404090345,20.6163311,-3.540990114
13.632787999999891,-3.393253565,5.688288689,-128.1077271,4.597383976,1.466225624,12.04377556,0.112164751,15.66538715,0.993345797
13.641121000000112,-3.435746193,5.848726273,-128.148819,-6.54467535,-3.620922327,10.32137108,-3.197976351,18.31328583,-4.101672649
13.649453999999878,-3.431682587,6.011984348,-128.1534424,0.620250762,0.430139482,6.477900982,1.924602985,18.46640778,0.300890505
13.657787000000098,-3.440644979,6.173479557,-128.210083,-2.454874277,0.06840042,10.3620348,1.043229818,18.54705811,-5.849909306
13.666119999999864,-3.424884558,6.290136814,-128.1903687,2.246429682,-1.47760272,11.05788326,3.014616489,12.71150112,2.865387917
13.674453000000085,-3.43215847,6.355071545,-128.2611694,-5.462534428,-0.195055977,7.916263103,1.460331559,7.083271027,-8.256954193
13.682785999999851,-3.457519293,6.543525219,-128.2538452,1.98033607,-1.585088253,7.704278469,-1.761440516,21.39974022,1.908735037
13.691119000000072,-3.424075365,6.615927696,-128.3301697,-6.220746517,-0.482863933,11.34758663,6.462357044,8.016321182,-8.857686043
13.699451999999837,-3.429497004,6.695944309,-128.2986298,5.103607178,0.412801325,11.39505482,0.290593535,8.237538338,4.004324913
13.707785000000058,-3.451436758,6.779672623,-128.4006805,-7.919282436,-3.278955936,4.266077518,0.200533897,9.551472664,-11.77756786
13.716117999999824,-3.432786942,6.875964642,-128.3457489,4.484948158,0.783907354,11.08082867,2.83408761,10.01870251,6.909108162
13.724451000000045,-3.469506502,6.951992035,-128.4432526,-6.660912514,-1.580685735,10.70233154,-1.592104077,8.608445168,-11.36337185
13.73278399999981,-3.481085777,6.997442722,-128.401123,3.301272392,-1.922472239,7.827421665,-0.623719454,4.017721176,5.017188549
13.741117000000031,-3.512916803,7.031209946,-128.491806,-5.574748993,0.356245905,8.701268196,-1.102936268,3.497701168,-10.71475697
13.749449999999797,-3.522609472,7.150252342,-128.4434509,2.885299444,-0.093267418,7.770243168,-0.499977171,12.78147984,6.303254128
13.757783000000018,-3.540156126,7.122910023,-128.5364227,-7.020000935,-2.880796432,11.36704731,0.682273567,-3.79449296,-11.5202837
13.766115999999784,-3.60737896,7.258086205,-128.4974213,3.739025593,-0.601119995,11.03355408,-7.27283144,14.77766418,5.326417923
13.774449000000004,-3.625036716,7.300593853,-128.5851746,-8.002886772,-0.633988738,6.519773006,0.603919685,4.546334743,-10.30056095
13.782782000000225,-3.6547544,7.35986948,-128.5406952,6.671690464,0.69797647,11.44756985,-2.86691165,5.639639378,5.414823055
13.79111499999999,-3.731057882,7.389706612,-128.6159363,-8.709291458,-3.809235096,8.493294716,-6.595691681,2.950235128,-9.003558159
13.799448000000211,-3.767645836,7.490945816,-128.5762024,2.157750845,0.487341315,4.491249561,-3.6269629,10.69158745,5.189034462
13.807780999999977,-3.83683157,7.562563896,-128.6452637,-5.909832954,-0.717490435,10.57672787,-5.837139606,7.909523964,-7.758616924
13.816114000000198,-3.903354883,7.661120415,-128.6243439,3.269640684,-1.883427858,11.69353199,-6.936758041,10.50965023,2.960493565
13.824446999999964,-3.935660601,7.661040783,-128.6552277,-6.456134319,-0.440118164,6.826436996,-1.983400106,-0.958881736,-3.938637257
13.832780000000184,-4.008952141,7.820551395,-128.6615906,3.036532164,0.406101018,9.688741684,-7.312380314,18.0245266,0.250315189
13.84111299999995,-4.052119255,7.882430077,-128.6947937,-6.519622326,-2.650384665,11.63689232,-3.243159533,6.47889185,-3.649914026
13.849446000000171,-4.105360985,7.948988914,-128.7002563,3.614505529,0.561381578,9.242089272,-4.918483734,6.890126228,-0.400875568
13.857778999999937,-4.192648411,8.027009964,-128.7260742,-5.982127666,-1.462129474,3.978048563,-8.637722969,8.364917755,-2.714378834
13.866112000000157,-4.185042381,8.130520821,-128.7601318,1.948720694,0.190417647,10.14030743,2.866476059,11.56038189,-3.44695878
13.874444999999923,-4.214315414,8.124741554,-128.7513885,-4.00104475,-1.460929632,12.82757854,-2.252669573,-1.961102724,0.670260489
13.882778000000144,-4.287096977,8.290599823,-128.820282,-0.724052489,-1.342305899,5.975012779,-6.175044537,19.33224869,-7.006431103
13.89111099999991,-4.304440498,8.338636398,-128.7987213,-3.642529726,-0.901416779,8.968761444,-1.049248695,4.366023064,2.657809734
13.89944400000013,-4.369845867,8.429901123,-128.8645325,3.445331097,0.170511708,14.34984589,-5.319065571,10.38823795,-7.284548759
